instant,dteday,season,yr,mnth,hr,holiday,weekday,workingday,weathersit,temp,atemp,hum,windspeed,casual,registered,cnt
12831,2012-06-23,3,1,6,19,0,6,0,1,0.8,0.697,0.27,0.194,185,240,425
8689,2012-01-02,1,1,1,20,1,1,0,1,0.24,0.2273,0.41,0.2239,5,83,88
7092,2011-10-28,4,0,10,2,0,5,1,1,0.32,0.303,0.66,0.2836,1,3,4
12231,2012-05-29,2,1,5,19,0,2,1,1,0.78,0.7121,0.52,0.3582,69,457,526
432,2011-01-20,1,0,1,0,0,4,1,1,0.26,0.2273,0.56,0.3881,5,8,13
1087,2011-02-18,1,0,2,0,0,5,1,1,0.44,0.4394,0.72,0.2836,12,20,32
11606,2012-05-03,2,1,5,18,0,4,1,1,0.72,0.6667,0.58,0.1343,64,642,706
7984,2011-12-04,4,0,12,7,0,0,0,1,0.26,0.303,0.87,0,3,23,26
10392,2012-03-14,1,1,3,2,0,3,1,1,0.5,0.4848,0.68,0.194,0,2,2
7047,2011-10-26,4,0,10,5,0,3,1,1,0.42,0.4242,0.71,0.2239,0,21,21
17356,2012-12-31,1,1,12,0,0,1,1,1,0.18,0.1818,0.55,0.194,4,30,34
11370,2012-04-23,2,1,4,22,0,1,1,1,0.32,0.3182,0.76,0.194,18,71,89
12660,2012-06-16,2,1,6,16,0,6,0,2,0.72,0.6515,0.37,0.1045,238,304,542
12696,2012-06-18,2,1,6,4,0,1,1,2,0.54,0.5152,0.77,0.194,0,9,9
6148,2011-09-18,3,0,9,17,0,0,0,2,0.56,0.5303,0.64,0.194,95,230,325
1839,2011-03-22,2,0,3,8,0,2,1,2,0.4,0.4091,0.58,0.2985,24,312,336
218,2011-01-10,1,0,1,8,0,1,1,2,0.12,0.1212,0.5,0.2836,4,184,188
16652,2012-12-01,4,1,12,14,0,6,0,2,0.36,0.3788,0.71,0,110,369,479
15026,2012-09-23,4,1,9,6,0,0,0,1,0.44,0.4394,0.62,0.2537,5,11,16
11941,2012-05-17,2,1,5,17,0,4,1,1,0.66,0.6212,0.31,0.1343,133,719,852
622,2011-01-29,1,0,1,3,0,6,0,1,0.2,0.2121,0.64,0.1343,3,5,8
14210,2012-08-20,3,1,8,6,0,1,1,2,0.6,0.5758,0.78,0.1343,6,155,161
20,2011-01-01,1,0,1,19,0,6,0,3,0.42,0.4242,0.88,0.2537,6,31,37
4837,2011-07-25,3,0,7,10,0,1,1,1,0.82,0.803,0.59,0,30,54,84
8263,2011-12-15,4,0,12,22,0,4,1,1,0.52,0.5,0.63,0.3284,8,116,124
15722,2012-10-22,4,1,10,6,0,1,1,1,0.36,0.3636,0.76,0.0896,4,140,144
12118,2012-05-25,2,1,5,2,0,5,1,2,0.62,0.5758,0.83,0,7,16,23
8923,2012-01-12,1,1,1,15,0,4,1,1,0.44,0.4394,0.72,0.1343,32,156,188
8984,2012-01-15,1,1,1,4,0,0,0,2,0.16,0.1364,0.47,0.3881,1,5,6
8271,2011-12-16,4,0,12,6,0,5,1,2,0.44,0.4394,0.33,0.2985,2,80,82
15899,2012-10-31,4,1,10,3,0,3,1,2,0.3,0.3182,0.81,0.1045,0,3,3
13605,2012-07-26,3,1,7,1,0,4,1,1,0.66,0.6212,0.65,0.2239,6,23,29
11776,2012-05-10,2,1,5,20,0,4,1,1,0.52,0.5,0.4,0.3284,59,315,374
8979,2012-01-14,1,1,1,23,0,6,0,1,0.16,0.1515,0.47,0.2239,5,71,76
14108,2012-08-16,3,1,8,0,0,4,1,1,0.66,0.6212,0.69,0,13,63,76
13909,2012-08-07,3,1,8,17,0,2,1,2,0.78,0.7424,0.62,0.1343,125,743,868
6351,2011-09-27,4,0,9,4,0,2,1,3,0.62,0.5455,0.94,0.0896,5,3,8
7733,2011-11-23,4,0,11,19,0,3,1,1,0.38,0.3939,0.58,0.3881,6,116,122
11897,2012-05-15,2,1,5,21,0,2,1,3,0.64,0.6061,0.73,0.2836,11,98,109
14105,2012-08-15,3,1,8,21,0,3,1,1,0.7,0.6515,0.61,0.194,49,266,315
14846,2012-09-15,3,1,9,18,0,6,0,2,0.64,0.6212,0.36,0.2836,232,382,614
6045,2011-09-14,3,0,9,10,0,3,1,1,0.7,0.6515,0.7,0.1343,27,115,142
4297,2011-07-02,3,0,7,22,0,6,0,1,0.72,0.6667,0.51,0.1642,78,123,201
8531,2011-12-27,1,0,12,4,0,2,1,2,0.3,0.2879,0.65,0.2239,0,3,3
13228,2012-07-10,3,1,7,8,0,2,1,1,0.72,0.697,0.74,0.1343,34,615,649
11512,2012-04-29,2,1,4,20,0,0,0,1,0.56,0.5303,0.32,0.0896,45,198,243
6406,2011-09-29,4,0,9,11,0,4,1,1,0.62,0.6061,0.61,0.194,36,122,158
2580,2011-04-22,2,0,4,9,0,5,1,3,0.34,0.303,0.61,0.2985,17,178,195
829,2011-02-06,1,0,2,23,0,0,0,1,0.24,0.2879,0.65,0,4,26,30
4401,2011-07-07,3,0,7,6,0,4,1,2,0.64,0.5758,0.89,0.1343,11,107,118
14753,2012-09-11,3,1,9,21,0,2,1,1,0.56,0.5303,0.6,0.1045,28,282,310
9905,2012-02-22,1,1,2,17,0,3,1,1,0.52,0.5,0.32,0.3881,43,486,529
14170,2012-08-18,3,1,8,14,0,6,0,1,0.76,0.6667,0.37,0.2836,242,356,598
9359,2012-01-30,1,1,1,20,0,1,1,1,0.3,0.303,0.39,0.1642,2,179,181
11218,2012-04-17,2,1,4,14,0,2,1,1,0.64,0.6212,0.27,0.2836,59,198,257
16134,2012-11-09,4,1,11,23,0,5,1,1,0.32,0.3333,0.81,0.0896,20,142,162
15245,2012-10-02,4,1,10,9,0,2,1,3,0.58,0.5455,0.88,0.1343,3,83,86
5928,2011-09-09,3,0,9,12,0,5,1,1,0.64,0.5606,0.94,0,4,71,75
12050,2012-05-22,2,1,5,6,0,2,1,3,0.56,0.5303,0.88,0.1045,8,129,137
4511,2011-07-11,3,0,7,20,0,1,1,1,0.72,0.697,0.74,0.4179,42,194,236
8899,2012-01-11,1,1,1,15,0,3,1,2,0.34,0.3485,0.87,0.0896,6,73,79
10630,2012-03-24,2,1,3,0,0,6,0,1,0.58,0.5455,0.68,0,45,111,156
5364,2011-08-16,3,0,8,9,0,2,1,1,0.68,0.6364,0.61,0.2836,27,171,198
10237,2012-03-07,1,1,3,14,0,3,1,1,0.52,0.5,0.36,0.3284,38,137,175
3659,2011-06-06,2,0,6,8,0,1,1,1,0.64,0.6061,0.73,0.0896,28,410,438
7589,2011-11-17,4,0,11,19,0,4,1,1,0.3,0.2879,0.45,0.2239,7,210,217
6203,2011-09-21,3,0,9,0,0,3,1,1,0.54,0.5152,1,0,7,20,27
4082,2011-06-23,3,0,6,23,0,4,1,1,0.7,0.6667,0.74,0.2836,15,90,105
2679,2011-04-26,2,0,4,12,0,2,1,1,0.7,0.6515,0.61,0.4179,40,146,186
3426,2011-05-27,2,0,5,15,0,5,1,1,0.78,0.7121,0.49,0.2836,98,258,356
13074,2012-07-03,3,1,7,22,0,2,1,1,0.68,0.6364,0.79,0.194,26,151,177
2989,2011-05-09,2,0,5,10,0,1,1,1,0.56,0.5303,0.52,0.194,24,95,119
8853,2012-01-09,1,1,1,16,0,1,1,3,0.22,0.2576,0.87,0.0896,3,46,49
1356,2011-03-01,1,0,3,18,0,2,1,1,0.32,0.3182,0.39,0.194,10,214,224
7678,2011-11-21,4,0,11,12,0,1,1,2,0.5,0.4848,0.77,0.1343,24,138,162
7317,2011-11-06,4,0,11,11,0,0,0,1,0.42,0.4242,0.58,0.0896,104,216,320
124,2011-01-06,1,0,1,9,0,4,1,2,0.18,0.2424,0.51,0,6,116,122
10269,2012-03-08,1,1,3,22,0,4,1,1,0.56,0.5303,0.49,0.3284,12,141,153
10482,2012-03-17,1,1,3,20,0,6,0,1,0.56,0.5303,0.64,0.194,89,182,271
12523,2012-06-10,2,1,6,23,0,0,0,1,0.72,0.6667,0.58,0.1045,30,80,110
16416,2012-11-21,4,1,11,17,0,3,1,1,0.4,0.4091,0.4,0.1642,41,333,374
15864,2012-10-28,4,1,10,4,0,0,0,2,0.5,0.4848,0.63,0.3582,1,19,20
8889,2012-01-11,1,1,1,5,0,3,1,1,0.2,0.2121,0.8,0.1343,0,22,22
14755,2012-09-11,3,1,9,23,0,2,1,1,0.54,0.5152,0.68,0.1045,18,91,109
1581,2011-03-11,1,0,3,8,0,5,1,1,0.28,0.2727,0.7,0.2537,15,244,259
7218,2011-11-02,4,0,11,8,0,3,1,1,0.32,0.3485,0.87,0,20,452,472
10629,2012-03-23,2,1,3,23,0,5,1,1,0.6,0.5909,0.69,0.2537,51,125,176
15235,2012-10-01,4,1,10,23,0,1,1,3,0.54,0.5152,0.77,0,17,88,105
14986,2012-09-21,3,1,9,14,0,5,1,1,0.7,0.6515,0.54,0.2985,113,299,412
11907,2012-05-16,2,1,5,7,0,3,1,1,0.56,0.5303,0.83,0,14,426,440
4476,2011-07-10,3,0,7,9,0,0,0,1,0.74,0.697,0.66,0.0896,62,107,169
8482,2011-12-25,1,0,12,1,0,0,0,1,0.22,0.2273,0.69,0.1343,2,2,4
2009,2011-03-29,2,0,3,13,0,2,1,1,0.34,0.303,0.25,0.2985,24,80,104
9308,2012-01-28,1,1,1,17,0,6,0,1,0.42,0.4242,0.44,0.3881,57,233,290
13822,2012-08-04,3,1,8,2,0,6,0,1,0.72,0.7121,0.84,0.1343,20,64,84
1769,2011-03-19,1,0,3,9,0,6,0,1,0.42,0.4242,0.44,0.4627,35,41,76
8590,2011-12-29,1,0,12,16,0,4,1,1,0.3,0.303,0.52,0.1642,22,155,177
4548,2011-07-13,3,0,7,9,0,3,1,1,0.82,0.7424,0.41,0.194,23,163,186
9153,2012-01-22,1,1,1,6,0,0,0,2,0.16,0.1515,0.74,0.2239,0,4,4
8974,2012-01-14,1,1,1,18,0,6,0,1,0.22,0.2273,0.41,0.194,21,122,143
102,2011-01-05,1,0,1,10,0,3,1,1,0.22,0.197,0.37,0.3284,4,53,57
8726,2012-01-04,1,1,1,9,0,3,1,1,0.04,0.0606,0.45,0.1343,7,173,180
11818,2012-05-12,2,1,5,14,0,6,0,1,0.66,0.6212,0.36,0.194,257,358,615
8621,2011-12-30,1,0,12,23,0,5,1,2,0.36,0.3333,0.66,0.2537,13,60,73
6479,2011-10-02,4,0,10,12,0,0,0,2,0.4,0.4091,0.62,0.194,78,243,321
170,2011-01-08,1,0,1,8,0,6,0,3,0.16,0.1818,0.93,0.1045,0,15,15
9585,2012-02-09,1,1,2,7,0,4,1,1,0.2,0.197,0.69,0.2537,4,263,267
636,2011-01-29,1,0,1,18,0,6,0,1,0.22,0.2273,0.69,0.1343,9,59,68
12108,2012-05-24,2,1,5,16,0,4,1,1,0.74,0.6818,0.55,0.3582,61,329,390
2858,2011-05-03,2,0,5,23,0,2,1,2,0.56,0.5303,0.68,0.3284,12,50,62
4049,2011-06-22,3,0,6,14,0,3,1,2,0.82,0.7727,0.52,0.2836,32,113,145
734,2011-02-02,1,0,2,22,0,3,1,1,0.22,0.2121,0.44,0.2537,5,35,40
12117,2012-05-25,2,1,5,1,0,5,1,1,0.62,0.5758,0.83,0.0896,8,34,42
14736,2012-09-11,3,1,9,4,0,2,1,1,0.48,0.4697,0.72,0.1045,1,8,9
11038,2012-04-10,2,1,4,1,0,2,1,1,0.42,0.4242,0.5,0.2239,0,9,9
8035,2011-12-06,4,0,12,10,0,2,1,3,0.46,0.4545,0.94,0.2836,6,44,50
2436,2011-04-16,2,0,4,9,0,6,0,3,0.4,0.4091,1,0.2985,2,27,29
4289,2011-07-02,3,0,7,14,0,6,0,1,0.84,0.7121,0.2,0,177,215,392
6320,2011-09-25,4,0,9,21,0,0,0,1,0.62,0.5455,0.94,0.0896,24,113,137
12267,2012-05-31,2,1,5,7,0,4,1,1,0.6,0.6061,0.64,0.2836,18,489,507
11754,2012-05-09,2,1,5,22,0,3,1,3,0.48,0.4697,0.82,0.1045,5,62,67
7780,2011-11-25,4,0,11,18,0,5,1,1,0.46,0.4545,0.44,0.0896,45,108,153
6106,2011-09-16,3,0,9,23,0,5,1,1,0.5,0.4848,0.59,0,20,106,126
14612,2012-09-06,3,1,9,0,0,4,1,2,0.7,0.6667,0.84,0.0896,30,35,65
4125,2011-06-25,3,0,6,18,0,6,0,1,0.72,0.6515,0.45,0.2537,108,199,307
14783,2012-09-13,3,1,9,3,0,4,1,1,0.52,0.5,0.83,0,2,9,11
10709,2012-03-27,2,1,3,7,0,2,1,1,0.22,0.2273,0.37,0.194,9,277,286
13789,2012-08-02,3,1,8,17,0,4,1,1,0.82,0.7727,0.52,0.2537,90,775,865
9259,2012-01-26,1,1,1,16,0,4,1,2,0.4,0.4091,0.71,0.0896,15,209,224
10122,2012-03-02,1,1,3,19,0,5,1,3,0.36,0.3485,0.87,0.194,12,162,174
12621,2012-06-15,2,1,6,1,0,5,1,1,0.58,0.5455,0.78,0.194,9,42,51
3585,2011-06-03,2,0,6,6,0,5,1,1,0.54,0.5152,0.45,0.2985,8,98,106
2678,2011-04-26,2,0,4,11,0,2,1,1,0.68,0.6364,0.65,0.3881,40,132,172
2610,2011-04-23,2,0,4,15,0,6,0,1,0.6,0.5909,0.73,0.3881,171,226,397
16225,2012-11-13,4,1,11,18,0,2,1,1,0.34,0.3182,0.49,0.2836,45,514,559
2151,2011-04-04,2,0,4,11,0,1,1,1,0.6,0.6212,0.4,0.3881,58,66,124
9390,2012-02-01,1,1,2,3,0,3,1,1,0.44,0.4394,0.44,0.194,0,3,3
14616,2012-09-06,3,1,9,4,0,4,1,2,0.7,0.6667,0.84,0.0896,0,8,8
17355,2012-12-30,1,1,12,23,0,0,0,1,0.2,0.197,0.51,0.2239,10,39,49
60,2011-01-03,1,0,1,14,0,1,1,1,0.26,0.2424,0.3,0.2836,11,66,77
4230,2011-06-30,3,0,6,3,0,4,1,1,0.6,0.6061,0.6,0.1642,2,7,9
10840,2012-04-01,2,1,4,18,0,0,0,1,0.52,0.5,0.52,0.2985,153,279,432
8904,2012-01-11,1,1,1,20,0,3,1,3,0.32,0.3182,0.93,0.1642,2,55,57
6843,2011-10-17,4,0,10,16,0,1,1,1,0.58,0.5455,0.56,0.2537,64,238,302
6022,2011-09-13,3,0,9,11,0,2,1,1,0.7,0.6515,0.61,0.1642,33,120,153
15379,2012-10-07,4,1,10,23,0,0,0,1,0.36,0.3485,0.93,0.1343,12,68,80
2468,2011-04-17,2,0,4,17,0,0,0,1,0.56,0.5303,0.3,0.4478,143,163,306
7551,2011-11-16,4,0,11,5,0,3,1,3,0.46,0.4545,0.94,0.1045,0,13,13
5175,2011-08-08,3,0,8,12,0,1,1,1,0.82,0.7576,0.46,0.2537,48,134,182
8122,2011-12-10,4,0,12,1,0,6,0,2,0.26,0.2576,0.7,0.1642,11,55,66
12410,2012-06-06,2,1,6,6,0,3,1,1,0.48,0.4697,0.77,0,7,165,172
12129,2012-05-25,2,1,5,13,0,5,1,1,0.74,0.6818,0.62,0.1343,86,247,333
8953,2012-01-13,1,1,1,21,0,5,1,1,0.24,0.2121,0.41,0.2836,7,95,102
11875,2012-05-14,2,1,5,23,0,1,1,2,0.58,0.5455,0.78,0.1045,11,64,75
1555,2011-03-10,1,0,3,5,0,4,1,3,0.36,0.3485,0,0.194,1,2,3
12228,2012-05-29,2,1,5,16,0,2,1,1,0.82,0.7727,0.49,0.4925,73,320,393
12924,2012-06-27,3,1,6,16,0,3,1,1,0.82,0.697,0.24,0.4478,55,337,392
11168,2012-04-15,2,1,4,12,0,0,0,1,0.64,0.6212,0.44,0.2836,275,360,635
12594,2012-06-13,2,1,6,22,0,3,1,1,0.62,0.6212,0.5,0.2985,29,209,238
15083,2012-09-25,4,1,9,15,0,2,1,1,0.66,0.6212,0.36,0.3284,56,247,303
13821,2012-08-04,3,1,8,1,0,6,0,1,0.72,0.7121,0.84,0.194,23,99,122
16861,2012-12-10,4,1,12,7,0,1,1,2,0.38,0.3939,0.94,0.2537,3,291,294
14817,2012-09-14,3,1,9,13,0,5,1,2,0.7,0.6515,0.54,0.194,107,301,408
10465,2012-03-17,1,1,3,3,0,6,0,2,0.44,0.4394,0.88,0,2,24,26
2705,2011-04-27,2,0,4,14,0,3,1,1,0.68,0.6364,0.74,0.2836,29,119,148
3290,2011-05-21,2,0,5,23,0,6,0,1,0.58,0.5455,0.78,0.0896,42,103,145
9775,2012-02-17,1,1,2,5,0,5,1,2,0.28,0.2727,0.93,0.1642,0,16,16
15563,2012-10-15,4,1,10,15,0,1,1,1,0.6,0.5758,0.78,0.3284,70,190,260
3291,2011-05-22,2,0,5,0,0,0,0,1,0.54,0.5152,0.88,0.1642,31,100,131
1985,2011-03-28,2,0,3,13,0,1,1,2,0.3,0.2879,0.24,0.2239,14,69,83
2185,2011-04-05,2,0,4,21,0,2,1,1,0.34,0.2879,0.46,0.5224,8,81,89
3580,2011-06-03,2,0,6,1,0,5,1,1,0.6,0.6212,0.38,0.3582,7,15,22
4916,2011-07-28,3,0,7,17,0,4,1,1,0.84,0.803,0.53,0.194,45,423,468
12203,2012-05-28,2,1,5,15,1,1,0,1,0.82,0.7879,0.56,0.2985,181,279,460
3683,2011-06-07,2,0,6,8,0,2,1,2,0.68,0.6364,0.61,0.1343,45,432,477
8193,2011-12-13,4,0,12,0,0,2,1,1,0.22,0.2727,0.8,0,1,16,17
2798,2011-05-01,2,0,5,11,0,0,0,1,0.46,0.4545,0.82,0.1045,109,141,250
2663,2011-04-25,2,0,4,20,0,1,1,1,0.66,0.6212,0.61,0.2836,42,195,237
11585,2012-05-02,2,1,5,21,0,3,1,1,0.52,0.5,0.77,0.2239,21,218,239
16624,2012-11-30,4,1,11,10,0,5,1,2,0.3,0.3333,0.65,0,10,159,169
4456,2011-07-09,3,0,7,13,0,6,0,1,0.82,0.7424,0.41,0.2239,167,249,416
4547,2011-07-13,3,0,7,8,0,3,1,1,0.8,0.7424,0.49,0.2537,31,418,449
8179,2011-12-12,4,0,12,10,0,1,1,2,0.22,0.2424,0.69,0.1045,14,91,105
6336,2011-09-26,4,0,9,13,0,1,1,2,0.7,0.6667,0.74,0.1642,48,139,187
2100,2011-04-02,2,0,4,8,0,6,0,1,0.3,0.3182,0.7,0.1045,10,45,55
9001,2012-01-15,1,1,1,21,0,0,0,1,0.16,0.1667,0.4,0.1642,1,71,72
3801,2011-06-12,2,0,6,6,0,0,0,1,0.62,0.5606,0.88,0.1045,5,9,14
1209,2011-02-23,1,0,2,10,0,3,1,1,0.2,0.2576,0.4,0,4,47,51
8410,2011-12-22,1,0,12,1,0,4,1,1,0.44,0.4394,0.94,0.0896,0,15,15
3342,2011-05-24,2,0,5,3,0,2,1,2,0.58,0.5455,0.94,0.1045,0,2,2
17206,2012-12-24,1,1,12,17,0,1,1,3,0.24,0.2424,0.93,0.1642,7,19,26
12366,2012-06-04,2,1,6,10,0,1,1,1,0.64,0.6212,0.41,0.4627,67,120,187
11992,2012-05-19,2,1,5,20,0,6,0,1,0.68,0.6364,0.41,0.0896,118,197,315
5804,2011-09-04,3,0,9,6,0,0,0,1,0.64,0.5758,0.84,0.2239,0,3,3
15779,2012-10-24,4,1,10,15,0,3,1,1,0.7,0.6364,0.39,0.1045,63,245,308
885,2011-02-09,1,0,2,8,0,3,1,1,0.1,0.1364,0.42,0,1,198,199
8973,2012-01-14,1,1,1,17,0,6,0,1,0.24,0.2273,0.41,0.2537,15,129,144
10369,2012-03-13,1,1,3,3,0,2,1,3,0.52,0.5,0.72,0.2985,0,2,2
8740,2012-01-04,1,1,1,23,0,3,1,2,0.2,0.2273,0.44,0.1045,0,32,32
1306,2011-02-27,1,0,2,14,0,0,0,1,0.44,0.4394,0.47,0.0896,105,177,282
11751,2012-05-09,2,1,5,19,0,3,1,3,0.5,0.4848,0.77,0.3582,2,96,98
13859,2012-08-05,3,1,8,15,0,0,0,1,0.9,0.8182,0.37,0.5224,164,286,450
10589,2012-03-22,2,1,3,7,0,4,1,2,0.48,0.4697,1,0.0896,29,332,361
15780,2012-10-24,4,1,10,16,0,3,1,1,0.74,0.6515,0.33,0.1343,67,465,532
2955,2011-05-08,2,0,5,0,0,0,0,2,0.5,0.4848,0.59,0.1045,22,78,100
3551,2011-06-01,2,0,6,20,0,3,1,2,0.74,0.7121,0.79,0.2537,23,233,256
2022,2011-03-30,2,0,3,2,0,3,1,2,0.32,0.3485,0.57,0,0,4,4
2702,2011-04-27,2,0,4,11,0,3,1,2,0.64,0.5909,0.78,0.2836,53,103,156
16180,2012-11-11,4,1,11,21,0,0,0,1,0.44,0.4394,0.67,0.2239,44,127,171
15053,2012-09-24,4,1,9,9,0,1,1,1,0.52,0.5,0.52,0.194,42,286,328
11700,2012-05-07,2,1,5,16,0,1,1,2,0.6,0.6212,0.53,0.3881,68,320,388
4074,2011-06-23,3,0,6,15,0,4,1,2,0.76,0.697,0.52,0.3582,62,127,189
4978,2011-07-31,3,0,7,7,0,0,0,1,0.74,0.6818,0.58,0.1343,19,26,45
4033,2011-06-21,3,0,6,22,0,2,1,1,0.7,0.6667,0.79,0.1045,12,97,109
2933,2011-05-07,2,0,5,2,0,6,0,1,0.42,0.4242,0.82,0.0896,5,47,52
1088,2011-02-18,1,0,2,1,0,5,1,1,0.44,0.4394,0.72,0.2239,1,7,8
5976,2011-09-11,3,0,9,12,0,0,0,1,0.7,0.6515,0.65,0,113,298,411
14980,2012-09-21,3,1,9,8,0,5,1,1,0.54,0.5152,0.73,0.1343,31,726,757
4058,2011-06-22,3,0,6,23,0,3,1,2,0.72,0.697,0.79,0.2239,14,91,105
9459,2012-02-04,1,1,2,0,0,6,0,1,0.26,0.2727,0.7,0.1045,10,76,86
16985,2012-12-15,4,1,12,11,0,6,0,1,0.34,0.3485,0.61,0.0896,66,327,393
8414,2011-12-22,1,0,12,5,0,4,1,1,0.38,0.3939,0.82,0,1,15,16
17002,2012-12-16,4,1,12,4,0,0,0,2,0.34,0.3636,0.87,0,1,10,11
9388,2012-02-01,1,1,2,1,0,3,1,1,0.44,0.4394,0.41,0.2836,0,4,4
4919,2011-07-28,3,0,7,20,0,4,1,1,0.8,0.7879,0.63,0.194,41,229,270
8373,2011-12-20,4,0,12,12,0,2,1,2,0.44,0.4394,0.54,0.1343,16,159,175
9533,2012-02-07,1,1,2,3,0,2,1,2,0.3,0.3333,0.7,0,1,1,2
425,2011-01-19,1,0,1,17,0,3,1,1,0.36,0.3333,0.57,0.3284,7,190,197
477,2011-01-21,1,0,1,21,0,5,1,1,0.08,0.0758,0.38,0.2836,0,41,41
14915,2012-09-18,3,1,9,15,0,2,1,3,0.6,0.5455,0.88,0.2537,1,35,36
16687,2012-12-03,4,1,12,1,0,1,1,1,0.4,0.4091,0.82,0.1343,2,11,13
9849,2012-02-20,1,1,2,8,1,1,0,1,0.2,0.1818,0.59,0.3582,9,111,120
3074,2011-05-12,2,0,5,23,0,4,1,2,0.54,0.5152,0.77,0.194,16,87,103
9722,2012-02-15,1,1,2,0,0,3,1,1,0.32,0.3485,0.57,0,0,22,22
1698,2011-03-16,1,0,3,9,0,3,1,2,0.32,0.3333,0.93,0.1343,10,144,154
8055,2011-12-07,4,0,12,6,0,3,1,3,0.48,0.4697,1,0.4179,0,18,18
4305,2011-07-03,3,0,7,6,0,0,0,2,0.62,0.5455,0.94,0.0896,0,3,3
1471,2011-03-06,1,0,3,14,0,0,0,3,0.44,0.4394,1,0.2239,12,27,39
2271,2011-04-09,2,0,4,11,0,6,0,2,0.36,0.3636,0.81,0,51,91,142
10444,2012-03-16,1,1,3,6,0,5,1,2,0.4,0.4091,0.87,0.1642,3,96,99
17273,2012-12-27,1,1,12,13,0,4,1,1,0.3,0.2727,0.49,0.4627,19,99,118
7093,2011-10-28,4,0,10,3,0,5,1,1,0.3,0.2879,0.7,0.2836,4,4,8
12931,2012-06-27,3,1,6,23,0,3,1,1,0.68,0.6364,0.47,0.1343,11,148,159
3560,2011-06-02,2,0,6,5,0,4,1,1,0.66,0.6212,0.39,0.2239,3,28,31
11207,2012-04-17,2,1,4,3,0,2,1,1,0.56,0.5303,0.83,0.0896,0,6,6
16954,2012-12-14,4,1,12,4,0,5,1,1,0.2,0.2273,0.75,0.0896,1,9,10
5340,2011-08-15,3,0,8,9,0,1,1,1,0.64,0.5909,0.78,0.3284,52,170,222
9446,2012-02-03,1,1,2,11,0,5,1,1,0.32,0.303,0.53,0.2985,15,149,164
13248,2012-07-11,3,1,7,4,0,3,1,1,0.64,0.5758,0.89,0.1343,1,6,7
10008,2012-02-27,1,1,2,0,0,1,1,1,0.26,0.2424,0.6,0.2537,2,27,29
9352,2012-01-30,1,1,1,13,0,1,1,1,0.3,0.2879,0.31,0.194,15,117,132
13432,2012-07-18,3,1,7,20,0,3,1,1,0.74,0.6818,0.62,0.0896,56,310,366
486,2011-01-22,1,0,1,7,0,6,0,1,0.02,0.0152,0.44,0.2836,0,8,8
8049,2011-12-07,4,0,12,0,0,3,1,1,0.44,0.4394,1,0.194,3,30,33
7336,2011-11-07,4,0,11,6,0,1,1,2,0.28,0.3182,0.93,0,2,97,99
9894,2012-02-22,1,1,2,6,0,3,1,1,0.32,0.3182,0.76,0.1642,5,85,90
6134,2011-09-18,3,0,9,3,0,0,0,1,0.44,0.4394,0.82,0.194,11,25,36
15922,2012-11-01,4,1,11,2,0,4,1,1,0.32,0.3333,0.66,0.1343,10,10,20
17162,2012-12-22,1,1,12,20,0,6,0,1,0.24,0.2424,0.48,0.1642,6,55,61
9921,2012-02-23,1,1,2,9,0,4,1,1,0.36,0.3333,0.81,0.2537,14,228,242
4561,2011-07-13,3,0,7,22,0,3,1,1,0.68,0.6364,0.83,0.194,48,136,184
3419,2011-05-27,2,0,5,8,0,5,1,1,0.66,0.6212,0.74,0.2836,25,393,418
3370,2011-05-25,2,0,5,7,0,3,1,1,0.62,0.5909,0.73,0.1343,29,284,313
13283,2012-07-12,3,1,7,15,0,4,1,1,0.8,0.7121,0.36,0.194,63,208,271
4376,2011-07-06,3,0,7,5,0,3,1,1,0.68,0.6364,0.83,0.0896,5,30,35
15411,2012-10-09,4,1,10,7,0,2,1,1,0.38,0.3939,0.83,0.2537,5,357,362
17163,2012-12-22,1,1,12,21,0,6,0,1,0.22,0.2121,0.51,0.2836,4,49,53
1303,2011-02-27,1,0,2,11,0,0,0,1,0.36,0.3485,0.62,0.1343,33,92,125
9427,2012-02-02,1,1,2,16,0,4,1,1,0.46,0.4545,0.55,0.2836,18,211,229
8215,2011-12-13,4,0,12,22,0,2,1,1,0.3,0.303,0.52,0.1642,5,102,107
1863,2011-03-23,2,0,3,9,0,3,1,2,0.32,0.303,0.81,0.2537,8,174,182
1028,2011-02-15,1,0,2,12,0,2,1,1,0.28,0.2727,0.24,0.2537,6,65,71
13219,2012-07-09,3,1,7,23,0,1,1,2,0.7,0.6515,0.65,0.1045,22,109,131
11336,2012-04-22,2,1,4,12,0,0,0,3,0.38,0.3939,0.87,0.3284,5,56,61
16322,2012-11-17,4,1,11,19,0,6,0,1,0.34,0.3485,0.53,0.0896,45,208,253
3704,2011-06-08,2,0,6,5,0,3,1,1,0.62,0.5606,0.88,0,0,21,21
9844,2012-02-20,1,1,2,2,1,1,0,2,0.24,0.2576,0.87,0.0896,1,19,20
13449,2012-07-19,3,1,7,13,0,4,1,1,0.84,0.7727,0.47,0.1343,74,180,254
16069,2012-11-07,4,1,11,5,0,3,1,2,0.28,0.2576,0.52,0.3284,0,27,27
2381,2011-04-14,2,0,4,2,0,4,1,1,0.36,0.3485,0.76,0.1343,0,3,3
15602,2012-10-17,4,1,10,6,0,3,1,1,0.38,0.3939,0.82,0,7,171,178
7772,2011-11-25,4,0,11,10,0,5,1,1,0.36,0.3485,0.71,0.1642,60,82,142
291,2011-01-13,1,0,1,13,0,4,1,1,0.22,0.197,0.41,0.4478,2,81,83
16367,2012-11-19,4,1,11,16,0,1,1,1,0.42,0.4242,0.58,0.2537,55,325,380
3572,2011-06-02,2,0,6,17,0,4,1,1,0.76,0.6515,0.2,0.5224,88,484,572
7221,2011-11-02,4,0,11,11,0,3,1,1,0.42,0.4242,0.71,0.1343,27,117,144
4354,2011-07-05,3,0,7,7,0,2,1,1,0.7,0.6515,0.65,0.0896,22,248,270
2901,2011-05-05,2,0,5,18,0,4,1,1,0.56,0.5303,0.26,0.2836,64,456,520
10529,2012-03-19,1,1,3,19,0,1,1,1,0.62,0.6061,0.61,0.2239,86,463,549
8571,2011-12-28,1,0,12,21,0,3,1,1,0.22,0.2273,0.44,0.1343,7,63,70
13628,2012-07-27,3,1,7,0,0,5,1,1,0.72,0.6818,0.7,0,14,83,97
12391,2012-06-05,2,1,6,11,0,2,1,2,0.56,0.5303,0.56,0.194,65,162,227
6689,2011-10-11,4,0,10,6,0,2,1,1,0.52,0.5,0.83,0.0896,9,114,123
5294,2011-08-13,3,0,8,11,0,6,0,2,0.74,0.697,0.7,0.194,122,192,314
10557,2012-03-20,1,1,3,23,0,2,1,1,0.52,0.5,0.83,0,10,80,90
12671,2012-06-17,2,1,6,3,0,0,0,1,0.54,0.5152,0.64,0.1045,6,22,28
16720,2012-12-04,4,1,12,10,0,2,1,1,0.46,0.4545,0.82,0.194,26,130,156
16900,2012-12-11,4,1,12,22,0,2,1,1,0.3,0.2879,0.56,0.2239,6,100,106
2849,2011-05-03,2,0,5,14,0,2,1,2,0.7,0.6515,0.58,0.5224,36,122,158
14218,2012-08-20,3,1,8,14,0,1,1,1,0.72,0.6667,0.54,0.1642,87,188,275
3223,2011-05-19,2,0,5,4,0,4,1,1,0.48,0.4697,0.94,0,2,3,5
1057,2011-02-16,1,0,2,18,0,3,1,1,0.4,0.4091,0.4,0.2239,20,202,222
3593,2011-06-03,2,0,6,14,0,5,1,1,0.7,0.6364,0.28,0.2836,66,174,240
16450,2012-11-23,4,1,11,3,0,5,1,1,0.26,0.303,0.7,0,1,0,1
16021,2012-11-05,4,1,11,5,0,1,1,2,0.3,0.2727,0.52,0.3284,1,38,39
8268,2011-12-16,4,0,12,3,0,5,1,1,0.46,0.4545,0.82,0.1343,2,3,5
6585,2011-10-06,4,0,10,22,0,4,1,1,0.46,0.4545,0.82,0,24,124,148
17115,2012-12-20,4,1,12,21,0,4,1,3,0.34,0.3333,0.76,0.1642,1,25,26
2176,2011-04-05,2,0,4,12,0,2,1,2,0.34,0.303,0.71,0.3881,6,32,38
3648,2011-06-05,2,0,6,21,0,0,0,1,0.64,0.6061,0.73,0.1642,54,111,165
11854,2012-05-14,2,1,5,2,0,1,1,1,0.6,0.6061,0.6,0.2985,1,1,2
15588,2012-10-16,4,1,10,16,0,2,1,1,0.54,0.5152,0.39,0.2836,79,367,446
8652,2012-01-01,1,1,1,6,0,0,0,1,0.26,0.2727,0.93,0.1343,1,1,2
15866,2012-10-28,4,1,10,6,0,0,0,2,0.5,0.4848,0.59,0.3284,7,32,39
14912,2012-09-18,3,1,9,12,0,2,1,3,0.68,0.6364,0.83,0.4478,16,72,88
6766,2011-10-14,4,0,10,11,0,5,1,3,0.52,0.5,0.88,0.1642,11,76,87
10956,2012-04-06,2,1,4,15,0,5,1,1,0.5,0.4848,0.27,0.2836,218,319,537
4719,2011-07-20,3,0,7,12,0,3,1,1,0.82,0.803,0.59,0,28,121,149
5527,2011-08-23,3,0,8,4,0,2,1,1,0.54,0.5152,0.56,0.1642,0,5,5
1003,2011-02-14,1,0,2,10,0,1,1,1,0.44,0.4394,0.33,0.2239,9,46,55
8730,2012-01-04,1,1,1,13,0,3,1,2,0.14,0.1212,0.43,0.2537,9,82,91
4914,2011-07-28,3,0,7,15,0,4,1,1,0.86,0.8182,0.5,0.194,22,124,146
2268,2011-04-09,2,0,4,8,0,6,0,2,0.32,0.303,0.93,0.1642,7,47,54
10605,2012-03-22,2,1,3,23,0,4,1,1,0.56,0.5303,0.83,0.0896,34,117,151
5392,2011-08-17,3,0,8,13,0,3,1,1,0.8,0.7121,0.41,0.194,38,138,176
2168,2011-04-05,2,0,4,4,0,2,1,3,0.5,0.4848,0.88,0.4925,0,2,2
5494,2011-08-21,3,0,8,19,0,0,0,1,0.72,0.6818,0.7,0.2537,81,201,282
17174,2012-12-23,1,1,12,8,0,0,0,1,0.14,0.1667,0.69,0.1045,5,43,48
2831,2011-05-02,2,0,5,20,0,1,1,2,0.62,0.6061,0.69,0.1343,44,174,218
1499,2011-03-07,1,0,3,19,0,1,1,1,0.3,0.2879,0.33,0.2239,11,134,145
12668,2012-06-17,2,1,6,0,0,0,0,1,0.56,0.5303,0.56,0.1343,31,117,148
15247,2012-10-02,4,1,10,11,0,2,1,3,0.58,0.5455,0.94,0.1343,7,92,99
11305,2012-04-21,2,1,4,5,0,6,0,1,0.5,0.4848,0.82,0.2537,0,1,1
2560,2011-04-21,2,0,4,13,0,4,1,1,0.48,0.4697,0.33,0.3284,55,122,177
2406,2011-04-15,2,0,4,3,1,5,0,1,0.4,0.4091,0.76,0,0,3,3
3578,2011-06-02,2,0,6,23,0,4,1,1,0.62,0.6212,0.35,0.2239,23,89,112
2146,2011-04-04,2,0,4,6,0,1,1,1,0.42,0.4242,0.58,0.2836,3,43,46
13725,2012-07-31,3,1,7,1,0,2,1,1,0.66,0.6061,0.83,0.1343,3,18,21
16137,2012-11-10,4,1,11,2,0,6,0,1,0.32,0.3485,0.81,0,2,42,44
7629,2011-11-19,4,0,11,11,0,6,0,1,0.36,0.3788,0.4,0,50,183,233
1115,2011-02-19,1,0,2,4,0,6,0,1,0.4,0.4091,0.15,0.3284,0,3,3
16061,2012-11-06,4,1,11,21,0,2,1,2,0.3,0.2879,0.56,0.2537,14,137,151
15003,2012-09-22,3,1,9,7,0,6,0,1,0.58,0.5455,0.78,0.2537,7,70,77
15201,2012-09-30,4,1,9,13,0,0,0,1,0.62,0.6212,0.41,0.2537,180,414,594
9339,2012-01-30,1,1,1,0,0,1,1,2,0.32,0.2879,0.26,0.4179,0,10,10
981,2011-02-13,1,0,2,12,0,0,0,1,0.36,0.3182,0.32,0.4627,58,94,152
6662,2011-10-10,4,0,10,3,1,1,0,1,0.46,0.4545,0.88,0,2,9,11
15428,2012-10-10,4,1,10,0,0,3,1,2,0.46,0.4545,0.88,0.0896,0,33,33
5126,2011-08-06,3,0,8,11,0,6,0,1,0.78,0.7424,0.62,0.2239,138,211,349
12124,2012-05-25,2,1,5,8,0,5,1,2,0.64,0.5758,0.89,0.1045,32,551,583
13459,2012-07-19,3,1,7,23,0,4,1,3,0.66,0.5909,0.89,0.2239,3,62,65
12039,2012-05-21,2,1,5,19,0,1,1,1,0.66,0.6212,0.69,0.0896,57,391,448
12887,2012-06-26,3,1,6,3,0,2,1,1,0.54,0.5152,0.45,0.2836,2,7,9
11672,2012-05-06,2,1,5,12,0,0,0,2,0.6,0.6061,0.64,0.0896,207,351,558
2141,2011-04-04,2,0,4,1,0,1,1,1,0.4,0.4091,0.56,0.3582,7,4,11
13044,2012-07-02,3,1,7,16,0,1,1,1,0.84,0.7424,0.36,0.2836,61,304,365
13901,2012-08-07,3,1,8,9,0,2,1,2,0.7,0.6667,0.74,0.1343,44,283,327
15197,2012-09-30,4,1,9,9,0,0,0,1,0.52,0.5,0.63,0.1045,74,211,285
2685,2011-04-26,2,0,4,18,0,2,1,1,0.68,0.6364,0.65,0.4478,65,463,528
11076,2012-04-11,2,1,4,16,0,3,1,1,0.44,0.4394,0.33,0.2985,51,256,307
4875,2011-07-27,3,0,7,0,0,3,1,2,0.78,0.7121,0.52,0.1642,19,26,45
8378,2011-12-20,4,0,12,17,0,2,1,1,0.4,0.4091,0.62,0.1642,14,417,431
10685,2012-03-26,2,1,3,7,0,1,1,1,0.44,0.4394,0.72,0.194,15,355,370
16023,2012-11-05,4,1,11,7,0,1,1,2,0.3,0.2879,0.49,0.2537,8,453,461
7389,2011-11-09,4,0,11,11,0,3,1,1,0.46,0.4545,0.67,0.1642,21,131,152
3947,2011-06-18,2,0,6,8,0,6,0,1,0.66,0.6061,0.78,0.0896,28,103,131
13499,2012-07-21,3,1,7,15,0,6,0,3,0.6,0.5455,0.88,0.2537,148,232,380
15199,2012-09-30,4,1,9,11,0,0,0,1,0.6,0.6212,0.43,0.2239,222,369,591
4992,2011-07-31,3,0,7,21,0,0,0,1,0.78,0.7424,0.59,0.2985,68,96,164
7318,2011-11-06,4,0,11,12,0,0,0,1,0.44,0.4394,0.54,0,120,226,346
7201,2011-11-01,4,0,11,15,0,2,1,1,0.5,0.4848,0.45,0.1343,38,148,186
4716,2011-07-20,3,0,7,9,0,3,1,1,0.74,0.697,0.7,0.0896,28,181,209
8216,2011-12-13,4,0,12,23,0,2,1,1,0.26,0.303,0.7,0,4,55,59
12059,2012-05-22,2,1,5,15,0,2,1,1,0.7,0.6515,0.61,0.0896,54,191,245
12519,2012-06-10,2,1,6,19,0,0,0,1,0.82,0.7121,0.28,0.2836,115,260,375
7628,2011-11-19,4,0,11,10,0,6,0,1,0.32,0.303,0.45,0.2537,35,165,200
138,2011-01-06,1,0,1,23,0,4,1,2,0.2,0.197,0.59,0.194,4,19,23
5937,2011-09-09,3,0,9,21,0,5,1,1,0.66,0.5909,0.89,0,49,154,203
10975,2012-04-07,2,1,4,10,0,6,0,1,0.42,0.4242,0.28,0.2537,187,176,363
9612,2012-02-10,1,1,2,10,0,5,1,2,0.26,0.2727,0.48,0.1343,5,119,124
15239,2012-10-02,4,1,10,3,0,2,1,2,0.54,0.5152,0.88,0.194,1,4,5
10616,2012-03-23,2,1,3,10,0,5,1,2,0.56,0.5303,0.88,0.1045,125,150,275
8001,2011-12-05,4,0,12,0,0,1,1,1,0.32,0.3333,0.87,0.0896,3,21,24
10408,2012-03-14,1,1,3,18,0,3,1,1,0.7,0.6364,0.32,0,102,647,749
4352,2011-07-05,3,0,7,5,0,2,1,1,0.66,0.6212,0.69,0,1,19,20
3475,2011-05-29,2,0,5,16,0,0,0,1,0.74,0.697,0.7,0.2836,194,167,361
4148,2011-06-26,3,0,6,17,0,0,0,2,0.72,0.6515,0.42,0.1642,178,243,421
11572,2012-05-02,2,1,5,8,0,3,1,2,0.56,0.5303,0.88,0,26,640,666
16269,2012-11-15,4,1,11,14,0,4,1,2,0.38,0.3939,0.54,0.1642,27,174,201
10084,2012-03-01,1,1,3,5,0,4,1,1,0.48,0.4697,0.88,0.1642,0,18,18
7729,2011-11-23,4,0,11,15,0,3,1,2,0.42,0.4242,0.54,0.4478,13,194,207
13102,2012-07-05,3,1,7,2,0,4,1,1,0.74,0.6667,0.51,0,4,14,18
17235,2012-12-25,1,1,12,23,1,2,0,2,0.28,0.2727,0.65,0.2537,4,26,30
15363,2012-10-07,4,1,10,7,0,0,0,3,0.42,0.4242,0.58,0.1642,6,29,35
7008,2011-10-24,4,0,10,14,0,1,1,2,0.54,0.5152,0.64,0.194,63,143,206
16274,2012-11-15,4,1,11,19,0,4,1,2,0.34,0.3333,0.61,0.1343,11,375,386
6730,2011-10-12,4,0,10,23,0,3,1,3,0.54,0.5152,0.94,0.0896,13,41,54
6070,2011-09-15,3,0,9,11,0,4,1,2,0.68,0.6364,0.65,0.1343,39,120,159
5652,2011-08-28,3,0,8,22,0,0,0,1,0.64,0.6061,0.69,0.1045,25,73,98
16823,2012-12-08,4,1,12,17,0,6,0,1,0.38,0.3939,0.87,0.1343,77,268,345
6388,2011-09-28,4,0,9,17,0,3,1,1,0.7,0.6515,0.7,0.2239,64,527,591
15256,2012-10-02,4,1,10,20,0,2,1,3,0.62,0.5455,0.94,0.1343,20,286,306
7896,2011-11-30,4,0,11,15,0,3,1,1,0.36,0.3333,0.46,0.3284,11,104,115
1348,2011-03-01,1,0,3,10,0,2,1,1,0.24,0.2121,0.52,0.2836,13,55,68
3129,2011-05-15,2,0,5,6,0,0,0,2,0.52,0.5,1,0.1343,3,14,17
11999,2012-05-20,2,1,5,3,0,0,0,1,0.54,0.5152,0.56,0.0896,26,40,66
6927,2011-10-21,4,0,10,5,0,5,1,1,0.34,0.3333,0.76,0.194,0,31,31
5217,2011-08-10,3,0,8,6,0,3,1,1,0.68,0.6364,0.61,0,9,110,119
16848,2012-12-09,4,1,12,18,0,0,0,3,0.36,0.3636,0.93,0.0896,17,181,198
10585,2012-03-22,2,1,3,3,0,4,1,1,0.52,0.5,0.83,0.0896,0,7,7
13791,2012-08-02,3,1,8,19,0,4,1,1,0.8,0.7879,0.63,0.1642,98,509,607
15488,2012-10-12,4,1,10,12,0,5,1,1,0.54,0.5152,0.39,0.4627,75,312,387
3422,2011-05-27,2,0,5,11,0,5,1,2,0.74,0.6818,0.55,0.3284,40,126,166
5568,2011-08-24,3,0,8,21,0,3,1,1,0.7,0.6515,0.61,0.3582,47,189,236
11514,2012-04-29,2,1,4,22,0,0,0,1,0.5,0.4848,0.45,0,23,85,108
8879,2012-01-10,1,1,1,19,0,2,1,1,0.38,0.3939,0.46,0.1045,11,270,281
14899,2012-09-17,3,1,9,23,0,1,1,3,0.6,0.5152,0.94,0.2537,4,66,70
10204,2012-03-06,1,1,3,5,0,2,1,1,0.18,0.1818,0.51,0.2239,0,25,25
9124,2012-01-21,1,1,1,1,0,6,0,4,0.14,0.1364,0.86,0.194,1,22,23
16051,2012-11-06,4,1,11,11,0,2,1,1,0.32,0.3333,0.45,0.1343,39,177,216
12673,2012-06-17,2,1,6,5,0,0,0,1,0.54,0.5152,0.68,0.1343,4,13,17
3985,2011-06-19,2,0,6,22,0,0,0,1,0.66,0.6061,0.78,0.2239,38,114,152
6105,2011-09-16,3,0,9,22,0,5,1,1,0.48,0.4697,0.67,0.0896,32,135,167
4462,2011-07-09,3,0,7,19,0,6,0,1,0.76,0.697,0.55,0.1642,128,178,306
12734,2012-06-19,2,1,6,18,0,2,1,1,0.8,0.7576,0.55,0.1642,91,704,795
16777,2012-12-06,4,1,12,19,0,4,1,1,0.26,0.2576,0.6,0.194,13,360,373
10497,2012-03-18,1,1,3,11,0,0,0,2,0.44,0.4394,0.82,0.1642,129,239,368
2299,2011-04-10,2,0,4,15,0,0,0,1,0.5,0.4848,0.77,0.2239,156,141,297
10049,2012-02-28,1,1,2,17,0,2,1,1,0.42,0.4242,0.26,0.0896,33,497,530
11377,2012-04-24,2,1,4,5,0,2,1,1,0.3,0.2879,0.7,0.194,0,22,22
961,2011-02-12,1,0,2,15,0,6,0,1,0.34,0.303,0.29,0.4179,47,127,174
10391,2012-03-14,1,1,3,1,0,3,1,1,0.52,0.5,0.63,0.0896,2,25,27
2301,2011-04-10,2,0,4,17,0,0,0,2,0.52,0.5,0.72,0.194,84,152,236
5099,2011-08-05,3,0,8,8,0,5,1,1,0.7,0.6515,0.65,0.2239,39,415,454
8355,2011-12-19,4,0,12,18,0,1,1,1,0.36,0.3485,0.5,0.194,11,343,354
13714,2012-07-30,3,1,7,14,0,1,1,1,0.8,0.7424,0.49,0.2239,87,167,254
3904,2011-06-16,2,0,6,13,0,4,1,2,0.72,0.6667,0.54,0.2537,37,114,151
5462,2011-08-20,3,0,8,11,0,6,0,1,0.72,0.6667,0.58,0,115,223,338
5906,2011-09-08,3,0,9,14,0,4,1,2,0.7,0.6667,0.79,0.3582,15,105,120
3071,2011-05-12,2,0,5,20,0,4,1,1,0.6,0.6061,0.64,0.194,56,220,276
5435,2011-08-19,3,0,8,8,0,5,1,2,0.66,0.6061,0.83,0,30,368,398
2309,2011-04-11,2,0,4,1,0,1,1,1,0.46,0.4545,0.94,0.2836,1,3,4
971,2011-02-13,1,0,2,1,0,0,0,1,0.2,0.2273,0.59,0.0896,1,23,24
10281,2012-03-09,1,1,3,10,0,5,1,2,0.34,0.2879,0.36,0.4925,14,145,159
6806,2011-10-16,4,0,10,3,0,0,0,1,0.42,0.4242,0.54,0.1343,11,31,42
3205,2011-05-18,2,0,5,10,0,3,1,3,0.54,0.5152,0.88,0.2836,33,73,106
12065,2012-05-22,2,1,5,21,0,2,1,1,0.62,0.5909,0.78,0.1343,28,233,261
13502,2012-07-21,3,1,7,18,0,6,0,2,0.6,0.5455,0.88,0.194,51,126,177
6437,2011-09-30,4,0,9,18,0,5,1,1,0.58,0.5455,0.49,0.3582,62,449,511
10664,2012-03-25,2,1,3,10,0,0,0,2,0.4,0.4091,0.87,0.3284,78,172,250
362,2011-01-16,1,0,1,13,0,0,0,1,0.26,0.2273,0.35,0.2985,23,95,118
4808,2011-07-24,3,0,7,5,0,0,0,1,0.78,0.7576,0.66,0.0896,5,3,8
6435,2011-09-30,4,0,9,16,0,5,1,1,0.62,0.6212,0.53,0.2239,62,298,360
16895,2012-12-11,4,1,12,17,0,2,1,1,0.32,0.303,0.53,0.2239,21,580,601
737,2011-02-03,1,0,2,1,0,4,1,1,0.2,0.1515,0.44,0.5224,0,5,5
13801,2012-08-03,3,1,8,5,0,5,1,1,0.66,0.6061,0.83,0.1642,2,35,37
7885,2011-11-30,4,0,11,4,0,3,1,1,0.3,0.2879,0.75,0.2239,0,5,5
4465,2011-07-09,3,0,7,22,0,6,0,1,0.72,0.6818,0.62,0.1642,60,154,214
4203,2011-06-29,3,0,6,0,0,3,1,2,0.68,0.6364,0.79,0.2836,11,25,36
451,2011-01-20,1,0,1,19,0,4,1,1,0.26,0.2273,0.56,0.3284,6,146,152
8723,2012-01-04,1,1,1,6,0,3,1,1,0.02,0.0455,0.41,0.1642,0,59,59
4257,2011-07-01,3,0,7,6,0,5,1,1,0.62,0.6061,0.61,0.1343,11,97,108
11936,2012-05-17,2,1,5,12,0,4,1,1,0.6,0.6212,0.43,0.194,72,276,348
8202,2011-12-13,4,0,12,9,0,2,1,1,0.26,0.2576,0.6,0.1642,10,223,233
16629,2012-11-30,4,1,11,15,0,5,1,2,0.42,0.4242,0.38,0.1045,34,262,296
1633,2011-03-13,1,0,3,13,0,0,0,1,0.46,0.4545,0.38,0.3881,97,124,221
13541,2012-07-23,3,1,7,9,0,1,1,2,0.74,0.7121,0.74,0.1343,57,288,345
3502,2011-05-30,2,0,5,19,1,1,0,2,0.52,0.5,0.48,0.1045,68,157,225
9364,2012-01-31,1,1,1,1,0,2,1,1,0.3,0.2727,0.42,0.2985,1,7,8
745,2011-02-03,1,0,2,10,0,4,1,1,0.18,0.1515,0.43,0.3284,2,50,52
8847,2012-01-09,1,1,1,10,0,1,1,1,0.24,0.2879,0.6,0,13,95,108
7640,2011-11-19,4,0,11,22,0,6,0,2,0.38,0.3939,0.62,0.1642,26,80,106
1351,2011-03-01,1,0,3,13,0,2,1,1,0.32,0.3485,0.39,0,13,65,78
16643,2012-12-01,4,1,12,5,0,6,0,1,0.24,0.2576,0.87,0.0896,1,12,13
14615,2012-09-06,3,1,9,3,0,4,1,1,0.7,0.6667,0.84,0.1045,0,9,9
11060,2012-04-10,2,1,4,23,0,2,1,1,0.36,0.3333,0.4,0.4179,14,48,62
13742,2012-07-31,3,1,7,18,0,2,1,1,0.76,0.697,0.55,0.2836,99,758,857
11733,2012-05-09,2,1,5,1,0,3,1,2,0.6,0.5758,0.78,0.2537,3,11,14
12265,2012-05-31,2,1,5,5,0,4,1,1,0.62,0.6061,0.69,0.2537,1,32,33
3617,2011-06-04,2,0,6,14,0,6,0,1,0.74,0.6515,0.33,0.2239,193,258,451
11209,2012-04-17,2,1,4,5,0,2,1,1,0.6,0.6212,0.53,0.2537,1,29,30
16262,2012-11-15,4,1,11,7,0,4,1,2,0.3,0.2879,0.65,0.194,7,403,410
12314,2012-06-02,2,1,6,6,0,6,0,2,0.5,0.4848,0.77,0.194,5,31,36
4,2011-01-01,1,0,1,3,0,6,0,1,0.24,0.2879,0.75,0,3,10,13
9330,2012-01-29,1,1,1,15,0,0,0,1,0.36,0.3333,0.25,0.2836,68,242,310
13787,2012-08-02,3,1,8,15,0,4,1,1,0.78,0.7424,0.62,0.4627,68,202,270
5121,2011-08-06,3,0,8,6,0,6,0,1,0.64,0.5758,0.89,0.1045,5,22,27
12382,2012-06-05,2,1,6,2,0,2,1,3,0.52,0.5,0.72,0.2985,0,8,8
6434,2011-09-30,4,0,9,15,0,5,1,1,0.64,0.6212,0.5,0.2836,52,193,245
8810,2012-01-07,1,1,1,21,0,6,0,1,0.44,0.4394,0.44,0.2239,22,118,140
12564,2012-06-12,2,1,6,16,0,2,1,2,0.66,0.5909,0.89,0.2836,30,209,239
14551,2012-09-03,3,1,9,11,1,1,0,2,0.74,0.697,0.7,0.2836,187,272,459
7071,2011-10-27,4,0,10,5,0,4,1,3,0.48,0.4697,0.88,0.0896,1,14,15
16531,2012-11-26,4,1,11,12,0,1,1,1,0.42,0.4242,0.35,0.1045,22,188,210
4114,2011-06-25,3,0,6,7,0,6,0,1,0.64,0.6212,0.57,0.2836,7,35,42
5505,2011-08-22,3,0,8,6,0,1,1,1,0.66,0.6212,0.61,0.2985,6,106,112
879,2011-02-09,1,0,2,1,0,3,1,1,0.1,0.1061,0.36,0.2239,0,7,7
10368,2012-03-13,1,1,3,2,0,2,1,3,0.52,0.5,0.72,0.2985,0,1,1
12752,2012-06-20,2,1,6,12,0,3,1,1,0.86,0.803,0.47,0.1642,30,150,180
17012,2012-12-16,4,1,12,14,0,0,0,2,0.38,0.3939,0.76,0.1343,50,260,310
3336,2011-05-23,2,0,5,21,0,1,1,1,0.64,0.5758,0.89,0.2239,33,155,188
2623,2011-04-24,2,0,4,4,0,0,0,1,0.5,0.4848,0.94,0.0896,0,5,5
7773,2011-11-25,4,0,11,11,0,5,1,1,0.4,0.4091,0.66,0.1045,99,127,226
1511,2011-03-08,1,0,3,7,0,2,1,1,0.18,0.197,0.64,0.1343,9,119,128
11932,2012-05-17,2,1,5,8,0,4,1,1,0.52,0.5,0.55,0.4478,29,605,634
5949,2011-09-10,3,0,9,9,0,6,0,1,0.64,0.5909,0.78,0.2985,39,168,207
6671,2011-10-10,4,0,10,12,1,1,0,2,0.7,0.6515,0.48,0.0896,164,201,365
9097,2012-01-19,1,1,1,22,0,4,1,2,0.26,0.2273,0.44,0.4179,0,90,90
6513,2011-10-03,4,0,10,22,0,1,1,2,0.4,0.4091,0.82,0,12,79,91
4573,2011-07-14,3,0,7,10,0,4,1,1,0.7,0.6364,0.42,0.2537,32,95,127
11647,2012-05-05,2,1,5,11,0,6,0,1,0.7,0.6515,0.58,0.0896,221,354,575
11504,2012-04-29,2,1,4,12,0,0,0,1,0.48,0.4697,0.44,0.1045,223,361,584
3734,2011-06-09,2,0,6,11,0,4,1,1,0.9,0.8485,0.42,0.2239,36,82,118
3685,2011-06-07,2,0,6,10,0,2,1,2,0.76,0.6818,0.48,0.194,37,86,123
6259,2011-09-23,4,0,9,8,0,5,1,3,0.62,0.5455,0.94,0.1343,20,297,317
3060,2011-05-12,2,0,5,9,0,4,1,2,0.5,0.4848,0.77,0.2836,21,191,212
14238,2012-08-21,3,1,8,10,0,2,1,1,0.66,0.6212,0.61,0.1045,58,120,178
4695,2011-07-19,3,0,7,12,0,2,1,1,0.84,0.8182,0.56,0.0896,26,127,153
11439,2012-04-26,2,1,4,19,0,4,1,2,0.54,0.5152,0.77,0.2239,57,407,464
15501,2012-10-13,4,1,10,1,0,6,0,1,0.34,0.3333,0.53,0.1343,23,123,146
11777,2012-05-10,2,1,5,21,0,4,1,1,0.5,0.4848,0.42,0.194,19,211,230
2857,2011-05-03,2,0,5,22,0,2,1,2,0.58,0.5455,0.6,0.3881,14,99,113
15265,2012-10-03,4,1,10,5,0,3,1,2,0.62,0.5455,0.94,0.1045,2,32,34
14607,2012-09-05,3,1,9,19,0,3,1,1,0.74,0.697,0.7,0.1642,64,598,662
709,2011-02-01,1,0,2,21,0,2,1,2,0.22,0.2273,0.87,0.1343,0,64,64
1211,2011-02-23,1,0,2,12,0,3,1,1,0.26,0.2879,0.35,0.0896,11,56,67
12388,2012-06-05,2,1,6,8,0,2,1,2,0.48,0.4697,0.77,0.2239,30,680,710
12067,2012-05-22,2,1,5,23,0,2,1,1,0.62,0.5909,0.73,0.1045,14,91,105
7875,2011-11-29,4,0,11,18,0,2,1,2,0.4,0.4091,0.82,0.2985,11,347,358
11192,2012-04-16,2,1,4,12,1,1,0,1,0.68,0.6364,0.57,0.2537,75,196,271
347,2011-01-15,1,0,1,22,0,6,0,2,0.3,0.3182,0.42,0.1045,0,26,26
12910,2012-06-27,3,1,6,2,0,3,1,1,0.56,0.5303,0.49,0.1343,2,12,14
10429,2012-03-15,1,1,3,15,0,4,1,1,0.72,0.6515,0.32,0.2239,100,187,287
2520,2011-04-19,2,0,4,21,0,2,1,2,0.5,0.4848,0.72,0.1343,8,114,122
11783,2012-05-11,2,1,5,3,0,5,1,1,0.46,0.4545,0.41,0.2836,5,8,13
9420,2012-02-02,1,1,2,9,0,4,1,3,0.38,0.3939,0.87,0,15,213,228
5107,2011-08-05,3,0,8,16,0,5,1,1,0.8,0.7424,0.49,0.2537,76,254,330
16734,2012-12-05,4,1,12,0,0,3,1,1,0.5,0.4848,0.59,0.2836,6,31,37
14669,2012-09-08,3,1,9,9,0,6,0,1,0.7,0.6667,0.74,0.3881,87,261,348
11087,2012-04-12,2,1,4,3,0,4,1,1,0.32,0.303,0.61,0.2537,2,3,5
7918,2011-12-01,4,0,12,13,0,4,1,1,0.4,0.4091,0.4,0.2239,17,137,154
2936,2011-05-07,2,0,5,5,0,6,0,1,0.46,0.4545,0.59,0.1343,4,3,7
938,2011-02-11,1,0,2,16,0,5,1,1,0.3,0.2879,0.28,0.194,14,111,125
11773,2012-05-10,2,1,5,17,0,4,1,1,0.6,0.6212,0.31,0.3881,84,648,732
7160,2011-10-30,4,0,10,22,0,0,0,1,0.3,0.3333,0.75,0,13,58,71
2421,2011-04-15,2,0,4,18,1,5,0,2,0.46,0.4545,0.67,0.3881,47,216,263
6533,2011-10-04,4,0,10,18,0,2,1,1,0.54,0.5152,0.64,0.2836,68,456,524
6884,2011-10-19,4,0,10,10,0,3,1,3,0.52,0.5,0.88,0.4925,14,109,123
8613,2011-12-30,1,0,12,15,0,5,1,1,0.42,0.4242,0.44,0,56,236,292
5479,2011-08-21,3,0,8,4,0,0,0,1,0.68,0.6364,0.83,0.2239,1,5,6
13177,2012-07-08,3,1,7,5,0,0,0,1,0.78,0.7424,0.62,0,1,5,6
6174,2011-09-19,3,0,9,19,0,1,1,2,0.56,0.5303,0.68,0.1045,41,333,374
2026,2011-03-30,2,0,3,6,0,3,1,2,0.3,0.303,0.49,0.1343,4,44,48
2930,2011-05-06,2,0,5,23,0,5,1,1,0.44,0.4394,0.82,0.1343,27,93,120
10895,2012-04-04,2,1,4,2,0,3,1,1,0.46,0.4545,0.51,0,0,5,5
8391,2011-12-21,1,0,12,6,0,3,1,2,0.36,0.3788,0.87,0,1,75,76
4041,2011-06-22,3,0,6,6,0,3,1,1,0.66,0.6061,0.83,0,12,110,122
13556,2012-07-24,3,1,7,0,0,2,1,1,0.7,0.6667,0.74,0.1343,12,52,64
9684,2012-02-13,1,1,2,10,0,1,1,1,0.14,0.1515,0.5,0.1343,1,70,71
6189,2011-09-20,3,0,9,10,0,2,1,3,0.56,0.5303,0.88,0.1642,4,26,30
11417,2012-04-25,2,1,4,21,0,3,1,1,0.52,0.5,0.52,0.1343,27,212,239
3033,2011-05-11,2,0,5,6,0,3,1,1,0.46,0.4545,0.82,0.1343,6,93,99
6880,2011-10-19,4,0,10,6,0,3,1,3,0.52,0.5,0.83,0.2537,3,28,31
12497,2012-06-09,2,1,6,21,0,6,0,1,0.74,0.6515,0.4,0.194,105,211,316
6399,2011-09-29,4,0,9,4,0,4,1,2,0.6,0.5455,0.88,0.194,2,5,7
16195,2012-11-12,4,1,11,12,1,1,0,1,0.56,0.5303,0.64,0.2239,105,314,419
15517,2012-10-13,4,1,10,17,0,6,0,1,0.46,0.4545,0.38,0.1642,193,335,528
8118,2011-12-09,4,0,12,21,0,5,1,1,0.3,0.3333,0.75,0,9,131,140
10584,2012-03-22,2,1,3,2,0,4,1,1,0.52,0.5,0.83,0.0896,1,5,6
16339,2012-11-18,4,1,11,12,0,0,0,1,0.4,0.4091,0.62,0.2836,101,341,442
13139,2012-07-06,3,1,7,15,0,5,1,1,0.92,0.8182,0.29,0.194,79,206,285
1740,2011-03-18,1,0,3,3,0,5,1,1,0.36,0.3485,0.71,0.194,1,4,5
15811,2012-10-25,4,1,10,23,0,4,1,2,0.54,0.5152,0.83,0.1343,13,122,135
2239,2011-04-08,2,0,4,3,0,5,1,3,0.34,0.3333,0.76,0.1642,0,1,1
796,2011-02-05,1,0,2,14,0,6,0,3,0.22,0.2727,1,0,5,50,55
901,2011-02-10,1,0,2,0,0,4,1,3,0.14,0.1364,0.86,0.194,0,16,16
2772,2011-04-30,2,0,4,9,0,6,0,1,0.44,0.4394,0.51,0.3582,35,121,156
13612,2012-07-26,3,1,7,8,0,4,1,2,0.7,0.6667,0.74,0.2537,49,680,729
1262,2011-02-25,1,0,2,17,0,5,1,1,0.32,0.2727,0.49,0.7463,8,181,189
5567,2011-08-24,3,0,8,20,0,3,1,1,0.72,0.6667,0.58,0.2985,45,289,334
48,2011-01-03,1,0,1,0,0,1,1,1,0.22,0.197,0.44,0.3582,0,5,5
16563,2012-11-27,4,1,11,20,0,2,1,1,0.26,0.2273,0.75,0.3284,4,228,232
12094,2012-05-24,2,1,5,2,0,4,1,1,0.6,0.5455,0.88,0,1,15,16
6194,2011-09-20,3,0,9,15,0,2,1,2,0.62,0.5909,0.78,0.1045,34,158,192
11717,2012-05-08,2,1,5,9,0,2,1,2,0.56,0.5303,0.68,0.3582,37,258,295
12456,2012-06-08,2,1,6,4,0,5,1,1,0.52,0.5,0.63,0,1,9,10
968,2011-02-12,1,0,2,22,0,6,0,1,0.24,0.2576,0.44,0.0896,6,39,45
2590,2011-04-22,2,0,4,19,0,5,1,3,0.32,0.303,0.93,0.2239,7,48,55
4035,2011-06-22,3,0,6,0,0,3,1,1,0.66,0.6061,0.78,0.194,15,18,33
2713,2011-04-27,2,0,4,22,0,3,1,2,0.62,0.5606,0.88,0.3284,18,111,129
13203,2012-07-09,3,1,7,7,0,1,1,3,0.66,0.6061,0.83,0.2239,7,223,230
5961,2011-09-10,3,0,9,21,0,6,0,1,0.64,0.5909,0.78,0.0896,59,171,230
17315,2012-12-29,1,1,12,7,0,6,0,2,0.26,0.2424,0.7,0.1343,1,17,18
11464,2012-04-27,2,1,4,20,0,5,1,1,0.46,0.4545,0.31,0.2836,49,240,289
857,2011-02-08,1,0,2,3,0,2,1,3,0.28,0.2727,0.93,0.1642,0,1,1
2052,2011-03-31,2,0,3,8,0,4,1,2,0.24,0.2273,1,0.2537,7,185,192
9930,2012-02-23,1,1,2,18,0,4,1,1,0.54,0.5152,0.37,0.1343,36,486,522
11275,2012-04-19,2,1,4,23,0,4,1,1,0.5,0.4848,0.63,0.1045,20,124,144
4339,2011-07-04,3,0,7,16,1,1,0,1,0.82,0.7424,0.41,0,236,216,452
6418,2011-09-29,4,0,9,23,0,4,1,1,0.52,0.5,0.77,0.1045,17,64,81
9116,2012-01-20,1,1,1,17,0,5,1,2,0.22,0.2576,0.32,0.0896,9,340,349
837,2011-02-07,1,0,2,7,0,1,1,1,0.18,0.2424,0.86,0,6,89,95
3121,2011-05-14,2,0,5,22,0,6,0,3,0.54,0.5152,0.94,0.1642,7,19,26
12698,2012-06-18,2,1,6,6,0,1,1,3,0.52,0.5,0.88,0.1343,0,37,37
9194,2012-01-23,1,1,1,23,0,1,1,2,0.28,0.2576,0.93,0.3284,2,35,37
14119,2012-08-16,3,1,8,11,0,4,1,1,0.76,0.6667,0.37,0.0896,83,191,274
4661,2011-07-18,3,0,7,2,0,1,1,1,0.66,0.6061,0.83,0.2239,2,8,10
16323,2012-11-17,4,1,11,20,0,6,0,2,0.34,0.3485,0.66,0.0896,30,142,172
7758,2011-11-24,4,0,11,20,1,4,0,1,0.36,0.3485,0.76,0.1642,14,17,31
1494,2011-03-07,1,0,3,14,0,1,1,1,0.32,0.2879,0.36,0.4179,21,56,77
16146,2012-11-10,4,1,11,11,0,6,0,1,0.4,0.4091,0.58,0.1045,143,323,466
12763,2012-06-20,2,1,6,23,0,3,1,1,0.78,0.7424,0.59,0.1045,21,102,123
1021,2011-02-15,1,0,2,5,0,2,1,1,0.22,0.1818,0.32,0.4627,0,4,4
3533,2011-06-01,2,0,6,2,0,3,1,1,0.7,0.6667,0.79,0.1642,0,3,3
10035,2012-02-28,1,1,2,3,0,2,1,1,0.4,0.4091,0.32,0.3582,0,6,6
2233,2011-04-07,2,0,4,21,0,4,1,2,0.44,0.4394,0.67,0.2836,19,89,108
6527,2011-10-04,4,0,10,12,0,2,1,1,0.56,0.5303,0.56,0.2985,39,160,199
929,2011-02-11,1,0,2,7,0,5,1,1,0.08,0.1667,0.73,0,1,73,74
17043,2012-12-17,4,1,12,21,0,1,1,2,0.42,0.4242,0.94,0.1343,6,114,120
6770,2011-10-14,4,0,10,15,0,5,1,1,0.62,0.6212,0.43,0.2836,61,169,230
5026,2011-08-02,3,0,8,7,0,2,1,1,0.72,0.6667,0.61,0.2836,15,320,335
6181,2011-09-20,3,0,9,2,0,2,1,2,0.54,0.5152,0.88,0.1642,1,4,5
13156,2012-07-07,3,1,7,8,0,6,0,1,0.82,0.8333,0.63,0.194,32,120,152
11090,2012-04-12,2,1,4,6,0,4,1,1,0.3,0.2879,0.65,0.2537,2,94,96
11548,2012-05-01,2,1,5,8,0,2,1,2,0.52,0.5,0.94,0.2836,19,538,557
7232,2011-11-02,4,0,11,22,0,3,1,1,0.36,0.3485,0.71,0.1343,7,99,106
4801,2011-07-23,3,0,7,22,0,6,0,1,0.8,0.7727,0.59,0.194,37,88,125
1871,2011-03-23,2,0,3,17,0,3,1,2,0.4,0.4091,0.76,0.2239,28,245,273
1398,2011-03-03,1,0,3,12,0,4,1,1,0.22,0.2273,0.25,0.1343,7,65,72
5690,2011-08-30,3,0,8,12,0,2,1,1,0.72,0.6515,0.37,0,65,172,237
10163,2012-03-04,1,1,3,12,0,0,0,1,0.34,0.303,0.42,0.3582,71,256,327
14840,2012-09-15,3,1,9,12,0,6,0,1,0.66,0.6212,0.36,0.3582,287,419,706
7920,2011-12-01,4,0,12,15,0,4,1,1,0.4,0.4091,0.4,0.2239,10,144,154
9919,2012-02-23,1,1,2,7,0,4,1,1,0.36,0.3485,0.81,0.2239,9,317,326
13355,2012-07-15,3,1,7,15,0,0,0,1,0.86,0.803,0.47,0.1343,182,307,489
14778,2012-09-12,3,1,9,22,0,3,1,1,0.56,0.5303,0.64,0.0896,23,189,212
12492,2012-06-09,2,1,6,16,0,6,0,1,0.82,0.697,0.24,0.194,219,315,534
5422,2011-08-18,3,0,8,19,0,4,1,1,0.66,0.6061,0.83,0.1045,26,115,141
4227,2011-06-30,3,0,6,0,0,4,1,1,0.66,0.6212,0.5,0.1642,15,39,54
7607,2011-11-18,4,0,11,13,0,5,1,1,0.34,0.3182,0.31,0.2239,31,146,177
13758,2012-08-01,3,1,8,10,0,3,1,1,0.72,0.6818,0.66,0.0896,61,175,236
10415,2012-03-15,1,1,3,1,0,4,1,1,0.5,0.4848,0.59,0.1045,15,8,23
15101,2012-09-26,4,1,9,9,0,3,1,1,0.6,0.6061,0.64,0.194,27,307,334
11977,2012-05-19,2,1,5,5,0,6,0,1,0.46,0.4545,0.67,0,1,11,12
13668,2012-07-28,3,1,7,16,0,6,0,1,0.86,0.7727,0.39,0.2239,208,279,487
16843,2012-12-09,4,1,12,13,0,0,0,2,0.38,0.3939,0.87,0.2836,65,220,285
3981,2011-06-19,2,0,6,18,0,0,0,2,0.74,0.6818,0.58,0.0896,78,218,296
8115,2011-12-09,4,0,12,18,0,5,1,1,0.34,0.3636,0.61,0,10,308,318
89,2011-01-04,1,0,1,20,0,2,1,1,0.24,0.2576,0.48,0.1045,1,53,54
13737,2012-07-31,3,1,7,13,0,2,1,1,0.8,0.7576,0.55,0.2836,69,219,288
14392,2012-08-27,3,1,8,20,0,1,1,1,0.74,0.697,0.7,0.194,50,366,416
2320,2011-04-11,2,0,4,13,0,1,1,2,0.64,0.6061,0.69,0.4179,62,77,139
10658,2012-03-25,2,1,3,4,0,0,0,2,0.42,0.4242,0.94,0.3284,1,7,8
8539,2011-12-27,1,0,12,12,0,2,1,3,0.3,0.3182,0.81,0.0896,8,16,24
536,2011-01-24,1,0,1,11,0,1,1,1,0.1,0.1212,0.46,0.1343,3,43,46
9683,2012-02-13,1,1,2,9,0,1,1,1,0.12,0.1364,0.5,0.194,7,198,205
4098,2011-06-24,3,0,6,15,0,5,1,1,0.82,0.7273,0.34,0.3881,69,147,216
3707,2011-06-08,2,0,6,8,0,3,1,1,0.76,0.7121,0.58,0.1642,46,435,481
5380,2011-08-17,3,0,8,1,0,3,1,1,0.64,0.6061,0.73,0.1642,2,12,14
5611,2011-08-26,3,0,8,16,0,5,1,1,0.78,0.7424,0.62,0.1045,50,293,343
15331,2012-10-05,4,1,10,23,0,5,1,1,0.58,0.5455,0.78,0.2239,23,148,171
10716,2012-03-27,2,1,3,14,0,2,1,1,0.4,0.4091,0.24,0.1343,37,147,184
16222,2012-11-13,4,1,11,15,0,2,1,1,0.4,0.4091,0.4,0.2985,33,184,217
10595,2012-03-22,2,1,3,13,0,4,1,1,0.58,0.5455,0.78,0.0896,83,215,298
12368,2012-06-04,2,1,6,12,0,1,1,1,0.64,0.6212,0.41,0.4478,62,220,282
3064,2011-05-12,2,0,5,13,0,4,1,2,0.62,0.6212,0.57,0.2985,48,170,218
12418,2012-06-06,2,1,6,14,0,3,1,1,0.64,0.6212,0.38,0,111,191,302
4346,2011-07-04,3,0,7,23,1,1,0,2,0.72,0.6818,0.7,0.1045,44,94,138
6423,2011-09-30,4,0,9,4,0,5,1,1,0.52,0.5,0.83,0.194,2,6,8
7202,2011-11-01,4,0,11,16,0,2,1,1,0.48,0.4697,0.44,0.1642,46,252,298
5668,2011-08-29,3,0,8,14,0,1,1,1,0.7,0.6364,0.42,0,55,127,182
15465,2012-10-11,4,1,10,13,0,4,1,1,0.5,0.4848,0.31,0.1045,48,243,291
8452,2011-12-23,1,0,12,19,0,5,1,1,0.34,0.3333,0.53,0.194,1,75,76
8725,2012-01-04,1,1,1,8,0,3,1,1,0.02,0.0606,0.44,0.1343,5,310,315
2055,2011-03-31,2,0,3,11,0,4,1,3,0.28,0.2727,0.93,0.194,6,52,58
15315,2012-10-05,4,1,10,7,0,5,1,1,0.52,0.5,0.83,0.1045,11,417,428
9454,2012-02-03,1,1,2,19,0,5,1,1,0.34,0.3485,0.49,0.1045,11,256,267
10924,2012-04-05,2,1,4,7,0,4,1,1,0.34,0.3333,0.49,0.194,15,339,354
12107,2012-05-24,2,1,5,15,0,4,1,1,0.74,0.6818,0.55,0.2537,69,222,291
6429,2011-09-30,4,0,9,10,0,5,1,1,0.6,0.6061,0.64,0,46,122,168
10086,2012-03-01,1,1,3,7,0,4,1,2,0.44,0.4394,0.94,0.1343,8,296,304
3828,2011-06-13,2,0,6,9,0,1,1,1,0.62,0.6212,0.46,0.3582,35,189,224
5640,2011-08-28,3,0,8,10,0,0,0,1,0.7,0.6515,0.61,0.6119,27,115,142
197,2011-01-09,1,0,1,11,0,0,0,1,0.16,0.1212,0.4,0.5224,2,47,49
12661,2012-06-16,2,1,6,17,0,6,0,2,0.72,0.6515,0.37,0.2537,244,349,593
12592,2012-06-13,2,1,6,20,0,3,1,1,0.68,0.6364,0.36,0.4179,86,362,448
7673,2011-11-21,4,0,11,7,0,1,1,2,0.46,0.4545,0.94,0.1642,17,229,246
7437,2011-11-11,4,0,11,11,1,5,0,1,0.34,0.2879,0.42,0.4925,20,150,170
9933,2012-02-23,1,1,2,21,0,4,1,1,0.44,0.4394,0.51,0.2239,17,205,222
5000,2011-08-01,3,0,8,5,0,1,1,1,0.66,0.6061,0.83,0.1045,2,24,26
5183,2011-08-08,3,0,8,20,0,1,1,1,0.8,0.7576,0.55,0,71,215,286
12373,2012-06-04,2,1,6,17,0,1,1,1,0.64,0.6212,0.38,0.4478,101,733,834
5050,2011-08-03,3,0,8,7,0,3,1,2,0.74,0.6667,0.51,0.2239,19,252,271
3822,2011-06-13,2,0,6,3,0,1,1,1,0.6,0.6061,0.6,0.4925,1,6,7
16373,2012-11-19,4,1,11,22,0,1,1,1,0.34,0.3485,0.66,0.1045,7,106,113
7515,2011-11-14,4,0,11,17,0,1,1,1,0.62,0.6212,0.46,0.2537,55,464,519
7853,2011-11-28,4,0,11,20,0,1,1,2,0.54,0.5152,0.73,0.2537,12,206,218
12096,2012-05-24,2,1,5,4,0,4,1,2,0.6,0.5455,0.88,0.1642,0,5,5
6016,2011-09-13,3,0,9,5,0,2,1,1,0.56,0.5303,0.88,0,1,19,20
13085,2012-07-04,3,1,7,9,1,3,0,1,0.76,0.697,0.52,0,90,203,293
16548,2012-11-27,4,1,11,5,0,2,1,2,0.3,0.2879,0.81,0.2239,0,31,31
10213,2012-03-06,1,1,3,14,0,2,1,1,0.32,0.303,0.36,0.2239,20,116,136
9103,2012-01-20,1,1,1,4,0,5,1,1,0.22,0.2424,0.6,0.1045,0,3,3
13226,2012-07-10,3,1,7,6,0,2,1,2,0.68,0.6364,0.79,0.1045,4,183,187
4689,2011-07-19,3,0,7,6,0,2,1,2,0.72,0.697,0.74,0.1045,8,126,134
16761,2012-12-06,4,1,12,3,0,4,1,1,0.22,0.2273,0.55,0.194,0,2,2
100,2011-01-05,1,0,1,8,0,3,1,1,0.2,0.1818,0.4,0.2985,3,192,195
10893,2012-04-04,2,1,4,0,0,3,1,1,0.48,0.4697,0.48,0,18,23,41
17084,2012-12-19,4,1,12,14,0,3,1,1,0.42,0.4242,0.5,0.194,33,185,218
14770,2012-09-12,3,1,9,14,0,3,1,1,0.7,0.6364,0.37,0.1642,78,200,278
12026,2012-05-21,2,1,5,6,0,1,1,3,0.56,0.5303,0.88,0.2985,3,76,79
6833,2011-10-17,4,0,10,6,0,1,1,1,0.5,0.4848,0.55,0.2537,7,107,114
13106,2012-07-05,3,1,7,6,0,4,1,1,0.72,0.6667,0.58,0,3,130,133
1122,2011-02-19,1,0,2,11,0,6,0,1,0.44,0.4394,0.16,0.5821,47,76,123
2251,2011-04-08,2,0,4,15,0,5,1,3,0.34,0.3182,0.87,0.2239,1,24,25
4402,2011-07-07,3,0,7,7,0,4,1,2,0.66,0.5909,0.89,0.1045,13,279,292
1768,2011-03-19,1,0,3,8,0,6,0,1,0.42,0.4242,0.47,0.4925,11,37,48
11450,2012-04-27,2,1,4,6,0,5,1,1,0.4,0.4091,0.43,0.2537,5,115,120
6179,2011-09-20,3,0,9,0,0,2,1,2,0.56,0.5303,0.73,0.1642,4,21,25
8016,2011-12-05,4,0,12,15,0,1,1,2,0.46,0.4545,0.72,0.0896,16,132,148
13038,2012-07-02,3,1,7,10,0,1,1,1,0.8,0.7273,0.43,0.2537,70,104,174
14798,2012-09-13,3,1,9,18,0,4,1,1,0.68,0.6364,0.57,0.2537,108,744,852
2863,2011-05-04,2,0,5,4,0,3,1,3,0.38,0.3939,0.94,0.3284,1,2,3
12091,2012-05-23,2,1,5,23,0,3,1,1,0.6,0.5606,0.83,0.1343,23,83,106
7909,2011-12-01,4,0,12,4,0,4,1,1,0.26,0.2424,0.56,0.2836,0,1,1
10085,2012-03-01,1,1,3,6,0,4,1,2,0.42,0.4242,0.94,0,2,107,109
3485,2011-05-30,2,0,5,2,1,1,0,1,0.64,0.5606,0.94,0.194,17,28,45
6110,2011-09-17,3,0,9,3,0,6,0,1,0.46,0.4545,0.72,0.1343,7,21,28
17058,2012-12-18,4,1,12,12,0,2,1,3,0.48,0.4697,0.48,0.2537,49,264,313
2010,2011-03-29,2,0,3,14,0,2,1,1,0.36,0.3333,0.25,0.2537,20,66,86
908,2011-02-10,1,0,2,8,0,4,1,1,0.1,0.0758,0.49,0.3284,5,173,178
14506,2012-09-01,3,1,9,14,0,6,0,2,0.86,0.7879,0.44,0.1642,240,274,514
17151,2012-12-22,1,1,12,9,0,6,0,1,0.26,0.2273,0.48,0.3881,13,77,90
5862,2011-09-06,3,0,9,17,0,2,1,2,0.54,0.5152,0.88,0.3881,15,276,291
4872,2011-07-26,3,0,7,21,0,2,1,1,0.78,0.7121,0.49,0.2239,45,222,267
4756,2011-07-22,3,0,7,1,0,5,1,1,0.8,0.7879,0.63,0,7,17,24
11344,2012-04-22,2,1,4,20,0,0,0,3,0.36,0.3333,0.93,0.4179,1,34,35
12256,2012-05-30,2,1,5,20,0,3,1,2,0.54,0.5152,0.6,0.1343,57,374,431
11320,2012-04-21,2,1,4,20,0,6,0,3,0.5,0.4848,0.82,0.2985,5,34,39
3602,2011-06-03,2,0,6,23,0,5,1,1,0.58,0.5455,0.46,0.1045,30,141,171
8919,2012-01-12,1,1,1,11,0,4,1,2,0.34,0.3485,0.81,0.1045,18,101,119
8551,2011-12-28,1,0,12,0,0,3,1,1,0.32,0.3182,0.87,0.1642,0,10,10
10425,2012-03-15,1,1,3,11,0,4,1,1,0.56,0.5303,0.6,0.1343,60,151,211
2821,2011-05-02,2,0,5,10,0,1,1,2,0.54,0.5152,0.77,0.2239,31,77,108
12864,2012-06-25,3,1,6,4,0,1,1,1,0.66,0.6061,0.78,0.2537,0,4,4
8496,2011-12-25,1,0,12,16,0,0,0,1,0.36,0.3636,0.57,0.1045,35,51,86
12296,2012-06-01,2,1,6,12,0,5,1,2,0.7,0.6667,0.74,0.3582,72,238,310
2335,2011-04-12,2,0,4,4,0,2,1,2,0.56,0.5303,0.64,0.1343,4,2,6
10334,2012-03-11,1,1,3,16,0,0,0,1,0.5,0.4848,0.31,0.3582,208,301,509
6693,2011-10-11,4,0,10,10,0,2,1,2,0.6,0.5909,0.69,0.1343,38,111,149
12903,2012-06-26,3,1,6,19,0,2,1,1,0.72,0.6515,0.28,0.2239,83,529,612
11141,2012-04-14,2,1,4,9,0,6,0,1,0.42,0.4242,0.54,0.1343,59,206,265
5199,2011-08-09,3,0,8,12,0,2,1,1,0.82,0.7879,0.56,0.194,60,125,185
3054,2011-05-12,2,0,5,3,0,4,1,1,0.44,0.4394,0.88,0.1343,0,5,5
10025,2012-02-27,1,1,2,17,0,1,1,1,0.54,0.5152,0.24,0.4478,26,503,529
2929,2011-05-06,2,0,5,22,0,5,1,1,0.46,0.4545,0.72,0.2239,46,105,151
9914,2012-02-23,1,1,2,2,0,4,1,2,0.44,0.4394,0.62,0.2239,5,4,9
5818,2011-09-04,3,0,9,20,0,0,0,1,0.74,0.697,0.7,0.2985,104,125,229
4411,2011-07-07,3,0,7,16,0,4,1,1,0.86,0.7727,0.39,0.2239,47,218,265
12850,2012-06-24,3,1,6,14,0,0,0,1,0.84,0.7273,0.3,0.2985,253,298,551
9513,2012-02-06,1,1,2,7,0,1,1,1,0.16,0.1818,0.86,0.1045,5,229,234
7723,2011-11-23,4,0,11,9,0,3,1,2,0.52,0.5,0.94,0.194,3,164,167
6673,2011-10-10,4,0,10,14,1,1,0,1,0.74,0.6515,0.37,0,147,223,370
2445,2011-04-16,2,0,4,18,0,6,0,2,0.5,0.4848,0.94,0.3881,6,32,38
9913,2012-02-23,1,1,2,1,0,4,1,2,0.44,0.4394,0.58,0.2836,3,12,15
1594,2011-03-11,1,0,3,21,0,5,1,2,0.3,0.2879,0.52,0.2537,10,43,53
14620,2012-09-06,3,1,9,8,0,4,1,3,0.7,0.6667,0.79,0,24,622,646
3264,2011-05-20,2,0,5,21,0,5,1,1,0.56,0.5303,0.64,0.1045,40,155,195
4348,2011-07-05,3,0,7,1,0,2,1,1,0.7,0.6515,0.65,0.1045,15,24,39
5925,2011-09-09,3,0,9,9,0,5,1,3,0.62,0.5455,0.94,0.1642,5,131,136
17306,2012-12-28,1,1,12,22,0,5,1,2,0.24,0.2576,0.7,0.0896,13,49,62
17037,2012-12-17,4,1,12,15,0,1,1,2,0.42,0.4242,0.88,0,15,196,211
3439,2011-05-28,2,0,5,4,0,6,0,1,0.56,0.5303,0.88,0.2537,0,4,4
14732,2012-09-11,3,1,9,0,0,2,1,1,0.52,0.5,0.59,0.1045,5,27,32
2137,2011-04-03,2,0,4,21,0,0,0,2,0.42,0.4242,0.44,0.2239,8,37,45
665,2011-01-31,1,0,1,0,0,1,1,2,0.24,0.2273,0.65,0.2239,1,6,7
328,2011-01-15,1,0,1,3,0,6,0,2,0.16,0.2273,0.59,0,1,7,8
51,2011-01-03,1,0,1,5,0,1,1,1,0.16,0.1364,0.47,0.2836,0,3,3
3939,2011-06-18,2,0,6,0,0,6,0,1,0.62,0.5606,0.88,0.1343,21,83,104
9751,2012-02-16,1,1,2,5,0,4,1,2,0.3,0.3333,0.7,0,0,20,20
9144,2012-01-21,1,1,1,21,0,6,0,1,0.18,0.1515,0.74,0.3284,5,64,69
5618,2011-08-26,3,0,8,23,0,5,1,1,0.7,0.6667,0.84,0.0896,22,114,136
7268,2011-11-04,4,0,11,10,0,5,1,2,0.42,0.4242,0.71,0.3284,19,115,134
9157,2012-01-22,1,1,1,10,0,0,0,2,0.16,0.1364,0.74,0.2836,9,120,129
16902,2012-12-12,4,1,12,0,0,3,1,1,0.3,0.303,0.52,0.1642,1,33,34
3412,2011-05-27,2,0,5,1,0,5,1,1,0.7,0.6515,0.58,0.2985,14,36,50
4374,2011-07-06,3,0,7,3,0,3,1,1,0.7,0.6667,0.79,0,0,6,6
13402,2012-07-17,3,1,7,14,0,2,1,1,0.94,0.8333,0.29,0.2537,54,160,214
10713,2012-03-27,2,1,3,11,0,2,1,1,0.3,0.303,0.31,0.1642,34,141,175
11359,2012-04-23,2,1,4,11,0,1,1,2,0.32,0.2879,0.7,0.3582,10,91,101
658,2011-01-30,1,0,1,17,0,0,0,1,0.3,0.2879,0.56,0.194,6,71,77
17240,2012-12-26,1,1,12,4,0,3,1,1,0.22,0.197,0.69,0.3582,0,2,2
2004,2011-03-29,2,0,3,8,0,2,1,1,0.24,0.2121,0.35,0.3582,19,268,287
14782,2012-09-13,3,1,9,2,0,4,1,1,0.54,0.5152,0.77,0,0,9,9
8484,2011-12-25,1,0,12,3,0,0,0,1,0.22,0.2727,0.72,0,1,3,4
388,2011-01-17,1,0,1,15,1,1,0,2,0.2,0.2121,0.47,0.1642,21,72,93
3943,2011-06-18,2,0,6,4,0,6,0,1,0.6,0.5455,0.88,0.0896,1,4,5
14942,2012-09-19,3,1,9,18,0,3,1,1,0.58,0.5455,0.4,0.2836,85,807,892
1035,2011-02-15,1,0,2,19,0,2,1,1,0.28,0.2879,0.26,0.1343,3,142,145
3190,2011-05-17,2,0,5,19,0,2,1,1,0.6,0.5909,0.69,0.2537,51,298,349
2096,2011-04-02,2,0,4,4,0,6,0,1,0.24,0.2424,0.7,0.1642,0,5,5
8903,2012-01-11,1,1,1,19,0,3,1,3,0.32,0.303,0.93,0.2239,1,92,93
9717,2012-02-14,1,1,2,19,0,2,1,2,0.36,0.3485,0.5,0.1642,11,270,281
6358,2011-09-27,4,0,9,11,0,2,1,2,0.66,0.5909,0.89,0.1045,26,97,123
13161,2012-07-07,3,1,7,13,0,6,0,2,0.96,0.8636,0.31,0.2537,116,244,360
16043,2012-11-06,4,1,11,3,0,2,1,1,0.22,0.2424,0.64,0.1045,0,4,4
16920,2012-12-12,4,1,12,18,0,3,1,2,0.32,0.303,0.49,0.2239,25,515,540
13702,2012-07-30,3,1,7,2,0,1,1,1,0.68,0.6364,0.74,0,2,6,8
2361,2011-04-13,2,0,4,6,0,3,1,3,0.38,0.3939,0.94,0.2239,1,33,34
3547,2011-06-01,2,0,6,16,0,3,1,1,0.86,0.803,0.47,0.2985,39,227,266
16989,2012-12-15,4,1,12,15,0,6,0,1,0.42,0.4242,0.47,0,95,352,447
8290,2011-12-17,4,0,12,1,0,6,0,2,0.3,0.2879,0.52,0.2537,4,39,43
7250,2011-11-03,4,0,11,16,0,4,1,1,0.52,0.5,0.48,0.194,33,234,267
15934,2012-11-01,4,1,11,14,0,4,1,2,0.4,0.4091,0.5,0.2239,31,154,185
260,2011-01-12,1,0,1,6,0,3,1,1,0.12,0.1515,0.93,0.1343,0,16,16
14363,2012-08-26,3,1,8,15,0,0,0,3,0.64,0.5758,0.89,0.2836,132,259,391
3106,2011-05-14,2,0,5,7,0,6,0,3,0.48,0.4697,1,0,4,28,32
15308,2012-10-05,4,1,10,0,0,5,1,1,0.56,0.5303,0.73,0,16,86,102
8675,2012-01-02,1,1,1,6,1,1,0,1,0.26,0.2273,0.41,0.3881,0,14,14
13087,2012-07-04,3,1,7,11,1,3,0,1,0.82,0.7576,0.46,0.1343,164,321,485
14283,2012-08-23,3,1,8,7,0,4,1,2,0.62,0.5758,0.83,0.0896,18,463,481
17339,2012-12-30,1,1,12,7,0,0,0,1,0.24,0.2121,0.56,0.3582,0,13,13
11472,2012-04-28,2,1,4,4,0,6,0,1,0.34,0.3333,0.49,0.1642,0,2,2
13370,2012-07-16,3,1,7,6,0,1,1,1,0.68,0.6364,0.79,0.1343,8,132,140
4290,2011-07-02,3,0,7,15,0,6,0,1,0.86,0.7273,0.19,0.1642,168,163,331
4414,2011-07-07,3,0,7,19,0,4,1,1,0.82,0.7727,0.52,0.2836,79,286,365
15205,2012-09-30,4,1,9,17,0,0,0,1,0.62,0.6212,0.35,0.2836,195,380,575
14159,2012-08-18,3,1,8,3,0,6,0,1,0.62,0.5606,0.88,0.194,7,23,30
5475,2011-08-21,3,0,8,0,0,0,0,1,0.7,0.6667,0.74,0.194,6,68,74
9392,2012-02-01,1,1,2,5,0,3,1,1,0.4,0.4091,0.5,0.1642,0,18,18
14094,2012-08-15,3,1,8,10,0,3,1,2,0.72,0.6818,0.62,0.194,70,163,233
14058,2012-08-13,3,1,8,22,0,1,1,1,0.72,0.6818,0.62,0.3284,44,148,192
13671,2012-07-28,3,1,7,19,0,6,0,1,0.68,0.6364,0.83,0,115,223,338
2472,2011-04-17,2,0,4,21,0,0,0,1,0.5,0.4848,0.42,0.194,13,70,83
4605,2011-07-15,3,0,7,18,0,5,1,1,0.72,0.6515,0.45,0.2239,102,394,496
323,2011-01-14,1,0,1,22,0,5,1,2,0.16,0.2273,0.69,0,2,34,36
12037,2012-05-21,2,1,5,17,0,1,1,2,0.66,0.6212,0.69,0.2537,40,468,508
6551,2011-10-05,4,0,10,12,0,3,1,1,0.62,0.6212,0.43,0.3284,34,180,214
6763,2011-10-14,4,0,10,8,0,5,1,2,0.56,0.5303,0.9,0.1642,23,186,209
11288,2012-04-20,2,1,4,12,0,5,1,1,0.58,0.5455,0.53,0.194,102,260,362
14906,2012-09-18,3,1,9,6,0,2,1,2,0.64,0.5758,0.89,0.3284,4,163,167
4654,2011-07-17,3,0,7,19,0,0,0,1,0.76,0.697,0.55,0.2836,145,234,379
10377,2012-03-13,1,1,3,11,0,2,1,1,0.54,0.5152,0.73,0.2836,64,155,219
12102,2012-05-24,2,1,5,10,0,4,1,1,0.64,0.6061,0.65,0.1343,47,138,185
2949,2011-05-07,2,0,5,18,0,6,0,1,0.58,0.5455,0.37,0.1642,114,175,289
13377,2012-07-16,3,1,7,13,0,1,1,1,0.84,0.7879,0.49,0.2836,63,176,239
7413,2011-11-10,4,0,11,11,0,4,1,2,0.46,0.4545,0.67,0.3881,9,99,108
6349,2011-09-27,4,0,9,2,0,2,1,1,0.62,0.5455,0.94,0.1045,7,4,11
16857,2012-12-10,4,1,12,3,0,1,1,2,0.38,0.3939,0.94,0.1045,0,4,4
3462,2011-05-29,2,0,5,3,0,0,0,1,0.62,0.5606,0.88,0.1045,2,24,26
3363,2011-05-25,2,0,5,0,0,3,1,3,0.6,0.5606,0.83,0.2239,3,32,35
1098,2011-02-18,1,0,2,11,0,5,1,1,0.44,0.4394,0.72,0.1642,31,82,113
11211,2012-04-17,2,1,4,7,0,2,1,1,0.6,0.6212,0.43,0.2537,18,443,461
1329,2011-02-28,1,0,2,15,0,1,1,3,0.42,0.4242,1,0.2985,0,35,35
1066,2011-02-17,1,0,2,3,0,4,1,1,0.34,0.3333,0.53,0.194,3,1,4
9367,2012-01-31,1,1,1,4,0,2,1,1,0.3,0.2879,0.49,0.194,0,1,1
14656,2012-09-07,3,1,9,20,0,5,1,1,0.72,0.6818,0.66,0.2239,51,340,391
2282,2011-04-09,2,0,4,22,0,6,0,2,0.36,0.3485,0.93,0.1343,21,66,87
13348,2012-07-15,3,1,7,8,0,0,0,2,0.7,0.6667,0.84,0.1343,37,96,133
609,2011-01-28,1,0,1,14,0,5,1,3,0.22,0.2727,0.8,0,2,36,38
3051,2011-05-12,2,0,5,0,0,4,1,2,0.46,0.4545,0.88,0.2239,5,39,44
2118,2011-04-03,2,0,4,2,0,0,0,1,0.26,0.2727,0.7,0.1343,5,19,24
13135,2012-07-06,3,1,7,11,0,5,1,1,0.84,0.7273,0.32,0.0896,92,141,233
9188,2012-01-23,1,1,1,17,0,1,1,2,0.24,0.2576,0.96,0.1045,6,270,276
5447,2011-08-19,3,0,8,20,0,5,1,3,0.62,0.5758,0.83,0.2985,12,46,58
3434,2011-05-27,2,0,5,23,0,5,1,1,0.58,0.5455,0.88,0.1343,23,104,127
16855,2012-12-10,4,1,12,1,0,1,1,2,0.36,0.3788,1,0,0,4,4
6952,2011-10-22,4,0,10,6,0,6,0,1,0.36,0.3788,0.71,0,1,17,18
1024,2011-02-15,1,0,2,8,0,2,1,1,0.2,0.1818,0.32,0.3582,10,213,223
255,2011-01-11,1,0,1,23,0,2,1,3,0.16,0.197,0.93,0.0896,1,18,19
15028,2012-09-23,4,1,9,8,0,0,0,1,0.48,0.4697,0.55,0.3582,38,137,175
1412,2011-03-04,1,0,3,2,0,5,1,2,0.18,0.1818,0.64,0.194,0,2,2
4280,2011-07-02,3,0,7,5,0,6,0,1,0.58,0.5455,0.73,0.1045,1,13,14
5776,2011-09-03,3,0,9,2,0,6,0,2,0.64,0.6061,0.69,0.2239,15,26,41
15439,2012-10-10,4,1,10,11,0,3,1,1,0.54,0.5152,0.52,0.194,53,238,291
10312,2012-03-10,1,1,3,17,0,6,0,1,0.36,0.3788,0.23,0,104,250,354
2003,2011-03-29,2,0,3,7,0,2,1,1,0.22,0.197,0.41,0.3582,5,128,133
10891,2012-04-03,2,1,4,22,0,2,1,1,0.5,0.4848,0.51,0,25,133,158
1043,2011-02-16,1,0,2,4,0,3,1,1,0.2,0.197,0.51,0.194,0,1,1
9021,2012-01-16,1,1,1,17,1,1,0,1,0.26,0.2273,0.48,0.3284,19,174,193
8205,2011-12-13,4,0,12,12,0,2,1,1,0.36,0.3333,0.43,0.3582,20,147,167
5229,2011-08-10,3,0,8,18,0,3,1,1,0.82,0.7121,0.28,0.2985,70,489,559
7686,2011-11-21,4,0,11,20,0,1,1,3,0.4,0.4091,0.87,0.2239,5,75,80
15498,2012-10-12,4,1,10,22,0,5,1,1,0.4,0.4091,0.47,0.2985,17,143,160
10147,2012-03-03,1,1,3,20,0,6,0,1,0.44,0.4394,0.3,0.1343,28,121,149
972,2011-02-13,1,0,2,2,0,0,0,2,0.2,0.2273,0.75,0.0896,1,19,20
12490,2012-06-09,2,1,6,14,0,6,0,1,0.82,0.697,0.23,0.194,239,354,593
6935,2011-10-21,4,0,10,13,0,5,1,1,0.48,0.4697,0.48,0.3284,43,163,206
14385,2012-08-27,3,1,8,13,0,1,1,1,0.76,0.7121,0.57,0.1642,77,211,288
2555,2011-04-21,2,0,4,8,0,4,1,2,0.4,0.4091,0.5,0.4925,19,346,365
7803,2011-11-26,4,0,11,17,0,6,0,2,0.46,0.4545,0.47,0.1343,62,122,184
9141,2012-01-21,1,1,1,18,0,6,0,2,0.2,0.1818,0.75,0.3881,3,107,110
8028,2011-12-06,4,0,12,3,0,2,1,2,0.46,0.4545,0.87,0.194,0,3,3
2815,2011-05-02,2,0,5,4,0,1,1,1,0.44,0.4394,0.77,0.1642,9,8,17
9560,2012-02-08,1,1,2,6,0,3,1,2,0.24,0.2879,0.7,0,3,95,98
2451,2011-04-17,2,0,4,0,0,0,0,2,0.44,0.4394,0.77,0.2836,4,29,33
14426,2012-08-29,3,1,8,6,0,3,1,1,0.6,0.5909,0.73,0.194,6,175,181
7246,2011-11-03,4,0,11,12,0,4,1,1,0.5,0.4848,0.51,0.194,17,162,179
7581,2011-11-17,4,0,11,11,0,4,1,3,0.32,0.303,0.66,0.3284,4,93,97
12688,2012-06-17,2,1,6,20,0,0,0,1,0.62,0.6212,0.57,0.194,101,201,302
17075,2012-12-19,4,1,12,5,0,3,1,1,0.26,0.2879,0.75,0.0896,2,29,31
6851,2011-10-18,4,0,10,0,0,2,1,1,0.48,0.4697,0.82,0,8,23,31
9237,2012-01-25,1,1,1,18,0,3,1,1,0.32,0.3333,0.66,0.1343,24,415,439
358,2011-01-16,1,0,1,9,0,0,0,1,0.22,0.2121,0.51,0.2537,3,29,32
14492,2012-09-01,3,1,9,0,0,6,0,1,0.74,0.6818,0.62,0.1045,22,146,168
4470,2011-07-10,3,0,7,3,0,0,0,1,0.66,0.6212,0.74,0.0896,6,19,25
11393,2012-04-24,2,1,4,21,0,2,1,2,0.46,0.4545,0.28,0.1642,13,213,226
11166,2012-04-15,2,1,4,10,0,0,0,1,0.58,0.5455,0.53,0.2239,186,235,421
3618,2011-06-04,2,0,6,15,0,6,0,2,0.74,0.6515,0.27,0.4179,180,224,404
10611,2012-03-23,2,1,3,5,0,5,1,2,0.5,0.4848,0.94,0,5,29,34
9125,2012-01-21,1,1,1,2,0,6,0,3,0.14,0.2121,0.86,0,1,25,26
16807,2012-12-08,4,1,12,1,0,6,0,2,0.36,0.3485,0.93,0.1343,16,84,100
4255,2011-07-01,3,0,7,4,0,5,1,1,0.62,0.6212,0.57,0,1,5,6
2500,2011-04-19,2,0,4,1,0,2,1,1,0.46,0.4545,0.63,0.2239,5,2,7
16469,2012-11-23,4,1,11,22,0,5,1,1,0.44,0.4394,0.33,0.5224,16,63,79
5158,2011-08-07,3,0,8,19,0,0,0,1,0.72,0.697,0.79,0.1642,68,160,228
6154,2011-09-18,3,0,9,23,0,0,0,1,0.54,0.5152,0.68,0.194,10,44,54
8511,2011-12-26,1,0,12,8,1,1,0,1,0.32,0.3333,0.45,0.1343,5,13,18
12565,2012-06-12,2,1,6,17,0,2,1,2,0.66,0.5909,0.89,0.2836,56,625,681
15755,2012-10-23,4,1,10,15,0,2,1,1,0.68,0.6364,0.41,0.2239,76,270,346
15582,2012-10-16,4,1,10,10,0,2,1,1,0.5,0.4848,0.48,0.2836,65,157,222
8196,2011-12-13,4,0,12,3,0,2,1,1,0.18,0.2424,0.8,0,0,3,3
12996,2012-06-30,3,1,6,16,0,6,0,1,0.9,0.7879,0.29,0.1642,109,264,373
10908,2012-04-04,2,1,4,15,0,3,1,2,0.64,0.6212,0.44,0.2836,86,182,268
13438,2012-07-19,3,1,7,2,0,4,1,1,0.72,0.6818,0.7,0.194,0,7,7
12405,2012-06-06,2,1,6,1,0,3,1,1,0.52,0.5,0.68,0,6,21,27
1347,2011-03-01,1,0,3,9,0,2,1,1,0.22,0.197,0.55,0.4179,8,116,124
6428,2011-09-30,4,0,9,9,0,5,1,1,0.56,0.5303,0.73,0.194,23,214,237
7552,2011-11-16,4,0,11,6,0,3,1,2,0.46,0.4545,0.94,0.0896,4,52,56
5251,2011-08-11,3,0,8,16,0,4,1,1,0.8,0.697,0.27,0.194,57,241,298
2481,2011-04-18,2,0,4,6,0,1,1,1,0.4,0.4091,0.82,0,3,51,54
2639,2011-04-24,2,0,4,20,0,0,0,3,0.6,0.5606,0.83,0.2836,34,71,105
6889,2011-10-19,4,0,10,15,0,3,1,3,0.54,0.5152,1,0.1343,21,99,120
5991,2011-09-12,3,0,9,4,0,1,1,1,0.54,0.5152,0.94,0.1045,0,4,4
13659,2012-07-28,3,1,7,7,0,6,0,1,0.72,0.6818,0.7,0.1343,18,58,76
17313,2012-12-29,1,1,12,5,0,6,0,2,0.24,0.2424,0.75,0.0896,0,3,3
1316,2011-02-28,1,0,2,0,0,1,1,2,0.36,0.3636,0.66,0.1045,5,25,30
10176,2012-03-05,1,1,3,1,0,1,1,1,0.24,0.2424,0.48,0.1343,3,3,6
2603,2011-04-23,2,0,4,8,0,6,0,2,0.36,0.3333,1,0.2537,15,32,47
16356,2012-11-19,4,1,11,5,0,1,1,2,0.36,0.3485,0.66,0.2239,1,38,39
5208,2011-08-09,3,0,8,21,0,2,1,1,0.78,0.697,0.46,0.2537,46,184,230
7101,2011-10-28,4,0,10,11,0,5,1,1,0.36,0.3485,0.5,0.2239,40,128,168
2459,2011-04-17,2,0,4,8,0,0,0,1,0.38,0.3939,0.46,0.3881,7,36,43
11573,2012-05-02,2,1,5,9,0,3,1,2,0.56,0.5303,0.88,0,26,289,315
12222,2012-05-29,2,1,5,10,0,2,1,1,0.74,0.697,0.7,0.2985,67,116,183
5859,2011-09-06,3,0,9,14,0,2,1,3,0.54,0.5152,0.88,0.2836,3,21,24
11533,2012-04-30,2,1,4,17,0,1,1,1,0.56,0.5303,0.6,0.1642,66,617,683
10072,2012-02-29,1,1,2,17,0,3,1,2,0.4,0.4091,0.87,0.1642,7,246,253
8701,2012-01-03,1,1,1,8,0,2,1,1,0.16,0.1364,0.55,0.2836,5,349,354
1040,2011-02-16,1,0,2,0,0,3,1,1,0.22,0.2576,0.41,0.0896,0,15,15
16190,2012-11-12,4,1,11,7,1,1,0,1,0.4,0.4091,0.87,0,16,248,264
11558,2012-05-01,2,1,5,18,0,2,1,1,0.7,0.6515,0.54,0.1343,81,662,743
7683,2011-11-21,4,0,11,17,0,1,1,3,0.42,0.4242,0.94,0.2985,10,200,210
12284,2012-06-01,2,1,6,0,0,5,1,1,0.66,0.6212,0.5,0.2537,10,76,86
7360,2011-11-08,4,0,11,6,0,2,1,1,0.3,0.3333,0.87,0,3,96,99
17327,2012-12-29,1,1,12,19,0,6,0,2,0.3,0.2424,0.61,0.2537,7,90,97
6460,2011-10-01,4,0,10,17,0,6,0,3,0.4,0.4091,0.76,0.194,58,170,228
3563,2011-06-02,2,0,6,8,0,4,1,1,0.7,0.6364,0.32,0.2985,25,442,467
1148,2011-02-20,1,0,2,14,0,0,0,1,0.36,0.3485,0.27,0.1642,108,104,212
13124,2012-07-06,3,1,7,0,0,5,1,1,0.78,0.7424,0.62,0.1343,39,63,102
3849,2011-06-14,2,0,6,6,0,2,1,1,0.54,0.5152,0.56,0.2985,6,107,113
16294,2012-11-16,4,1,11,15,0,5,1,1,0.42,0.4242,0.38,0.1343,30,237,267
13057,2012-07-03,3,1,7,5,0,2,1,1,0.7,0.6515,0.61,0,2,33,35
17017,2012-12-16,4,1,12,19,0,0,0,1,0.36,0.3485,0.93,0.1343,10,99,109
9038,2012-01-17,1,1,1,11,0,2,1,2,0.34,0.3485,0.87,0.1045,2,73,75
14824,2012-09-14,3,1,9,20,0,5,1,1,0.66,0.6212,0.61,0.1045,67,337,404
114,2011-01-05,1,0,1,22,0,3,1,1,0.18,0.197,0.55,0.1343,1,41,42
11632,2012-05-04,2,1,5,20,0,5,1,1,0.68,0.6364,0.51,0.1045,58,255,313
4451,2011-07-09,3,0,7,8,0,6,0,1,0.7,0.6515,0.7,0.2537,68,114,182
11534,2012-04-30,2,1,4,18,0,1,1,2,0.56,0.5303,0.6,0.2239,53,611,664
10252,2012-03-08,1,1,3,5,0,4,1,1,0.42,0.4242,0.77,0.2239,1,28,29
16351,2012-11-19,4,1,11,0,0,1,1,1,0.36,0.3485,0.66,0.2239,5,22,27
2278,2011-04-09,2,0,4,18,0,6,0,2,0.38,0.3939,0.82,0.1045,48,129,177
14041,2012-08-13,3,1,8,5,0,1,1,1,0.64,0.6061,0.69,0.1045,3,33,36
16692,2012-12-03,4,1,12,6,0,1,1,1,0.36,0.3788,0.93,0,2,136,138
8940,2012-01-13,1,1,1,8,0,5,1,1,0.24,0.2121,0.52,0.3582,11,408,419
3486,2011-05-30,2,0,5,3,1,1,0,1,0.64,0.5606,0.94,0.194,10,8,18
9736,2012-02-15,1,1,2,14,0,3,1,1,0.42,0.4242,0.41,0.3582,6,128,134
11459,2012-04-27,2,1,4,15,0,5,1,1,0.52,0.5,0.29,0.4925,101,223,324
15965,2012-11-02,4,1,11,21,0,5,1,2,0.36,0.3333,0.46,0.3582,23,133,156
11498,2012-04-29,2,1,4,6,0,0,0,1,0.34,0.3333,0.87,0.1343,1,6,7
4292,2011-07-02,3,0,7,17,0,6,0,1,0.84,0.7273,0.3,0.2239,179,170,349
8733,2012-01-04,1,1,1,16,0,3,1,2,0.18,0.1667,0.4,0.2836,8,123,131
9610,2012-02-10,1,1,2,8,0,5,1,1,0.2,0.2121,0.59,0.1642,1,447,448
9791,2012-02-17,1,1,2,21,0,5,1,1,0.38,0.3939,0.37,0.194,15,114,129
9372,2012-01-31,1,1,1,9,0,2,1,1,0.3,0.2879,0.52,0.194,30,231,261
15068,2012-09-25,4,1,9,0,0,2,1,1,0.46,0.4545,0.67,0.1642,8,56,64
16881,2012-12-11,4,1,12,3,0,2,1,3,0.36,0.3333,0.76,0.2836,0,3,3
2928,2011-05-06,2,0,5,21,0,5,1,1,0.48,0.4697,0.67,0.1343,22,130,152
11290,2012-04-20,2,1,4,14,0,5,1,1,0.64,0.6212,0.44,0.2239,156,238,394
4619,2011-07-16,3,0,7,8,0,6,0,1,0.66,0.6212,0.65,0.1642,37,90,127
4903,2011-07-28,3,0,7,4,0,4,1,1,0.7,0.6515,0.61,0.1045,0,6,6
9720,2012-02-14,1,1,2,22,0,2,1,2,0.36,0.3636,0.5,0.1045,5,72,77
7572,2011-11-17,4,0,11,2,0,4,1,2,0.42,0.4242,0.82,0.2239,0,5,5
9004,2012-01-16,1,1,1,0,1,1,0,1,0.14,0.1515,0.46,0.1343,2,23,25
7699,2011-11-22,4,0,11,9,0,2,1,3,0.4,0.4091,0.94,0,2,147,149
4639,2011-07-17,3,0,7,4,0,0,0,1,0.62,0.5909,0.73,0.1642,4,6,10
16739,2012-12-05,4,1,12,5,0,3,1,1,0.5,0.4848,0.59,0.2836,1,48,49
248,2011-01-11,1,0,1,16,0,2,1,2,0.16,0.1515,0.86,0.2239,4,72,76
14569,2012-09-04,3,1,9,5,0,2,1,2,0.66,0.5909,0.89,0,1,37,38
3992,2011-06-20,2,0,6,5,0,1,1,3,0.62,0.5758,0.83,0.1343,0,3,3
5162,2011-08-07,3,0,8,23,0,0,0,1,0.7,0.6667,0.79,0.1045,12,43,55
8226,2011-12-14,4,0,12,9,0,3,1,2,0.3,0.3333,0.61,0,9,230,239
5872,2011-09-07,3,0,9,3,0,3,1,3,0.56,0.5303,0.94,0.1343,1,1,2
4519,2011-07-12,3,0,7,4,0,2,1,1,0.7,0.6667,0.79,0.1642,0,6,6
6182,2011-09-20,3,0,9,3,0,2,1,2,0.54,0.5152,0.83,0.2239,0,3,3
10613,2012-03-23,2,1,3,7,0,5,1,2,0.5,0.4848,0.93,0.1343,28,318,346
12106,2012-05-24,2,1,5,14,0,4,1,1,0.74,0.6818,0.55,0.2239,72,180,252
4930,2011-07-29,3,0,7,7,0,5,1,2,0.74,0.7121,0.79,0.0896,26,228,254
10490,2012-03-18,1,1,3,4,0,0,0,2,0.42,0.4242,0.94,0.1642,6,8,14
15319,2012-10-05,4,1,10,11,0,5,1,1,0.7,0.6515,0.48,0.194,90,214,304
9931,2012-02-23,1,1,2,19,0,4,1,1,0.5,0.4848,0.39,0.0896,20,349,369
7027,2011-10-25,4,0,10,9,0,2,1,1,0.48,0.4697,0.55,0.2239,29,194,223
3100,2011-05-14,2,0,5,1,0,6,0,2,0.5,0.4848,0.88,0.1343,18,64,82
3235,2011-05-19,2,0,5,16,0,4,1,1,0.58,0.5455,0.64,0.194,55,247,302
1600,2011-03-12,1,0,3,3,0,6,0,1,0.24,0.2273,0.65,0.2537,1,6,7
4025,2011-06-21,3,0,6,14,0,2,1,1,0.76,0.7121,0.62,0.2239,44,108,152
5100,2011-08-05,3,0,8,9,0,5,1,1,0.72,0.6667,0.58,0.1045,43,183,226
5764,2011-09-02,3,0,9,14,0,5,1,2,0.7,0.6515,0.61,0.1045,75,208,283
15531,2012-10-14,4,1,10,7,0,0,0,1,0.42,0.4242,0.82,0.2239,7,44,51
7992,2011-12-04,4,0,12,15,0,0,0,1,0.42,0.4242,0.62,0.194,69,227,296
7661,2011-11-20,4,0,11,19,0,0,0,2,0.5,0.4848,0.72,0.1045,17,140,157
2627,2011-04-24,2,0,4,8,0,0,0,1,0.52,0.5,0.94,0.2239,38,42,80
11258,2012-04-19,2,1,4,6,0,4,1,2,0.4,0.4091,0.82,0.1045,4,116,120
8109,2011-12-09,4,0,12,12,0,5,1,1,0.36,0.3333,0.57,0.2985,27,146,173
15549,2012-10-15,4,1,10,1,0,1,1,2,0.58,0.5455,0.64,0.3881,5,24,29
16821,2012-12-08,4,1,12,15,0,6,0,1,0.42,0.4242,0.82,0.1642,167,374,541
16741,2012-12-05,4,1,12,7,0,3,1,3,0.46,0.4545,0.59,0.2985,9,389,398
8769,2012-01-06,1,1,1,4,0,5,1,1,0.22,0.2273,0.69,0.1343,0,3,3
8370,2011-12-20,4,0,12,9,0,2,1,2,0.36,0.3788,0.66,0,14,245,259
1571,2011-03-10,1,0,3,21,0,4,1,3,0.36,0.3485,0,0.2239,1,27,28
17249,2012-12-26,1,1,12,13,0,3,1,3,0.22,0.197,0.87,0.3284,0,15,15
12574,2012-06-13,2,1,6,2,0,3,1,1,0.62,0.5758,0.83,0.1343,0,4,4
1451,2011-03-05,1,0,3,17,0,6,0,2,0.48,0.4697,0.59,0.3582,60,104,164
2563,2011-04-21,2,0,4,16,0,4,1,1,0.52,0.5,0.27,0.3582,66,228,294
2079,2011-04-01,2,0,4,11,0,5,1,1,0.32,0.2879,0.61,0.3582,17,72,89
4094,2011-06-24,3,0,6,11,0,5,1,1,0.8,0.7121,0.38,0.3284,56,147,203
9148,2012-01-22,1,1,1,1,0,0,0,2,0.18,0.1667,0.74,0.2985,1,49,50
14353,2012-08-26,3,1,8,5,0,0,0,1,0.64,0.5758,0.89,0.194,3,13,16
3194,2011-05-17,2,0,5,23,0,2,1,2,0.54,0.5152,0.88,0.2537,7,49,56
13715,2012-07-30,3,1,7,15,0,1,1,1,0.8,0.7424,0.49,0.2537,51,185,236
11551,2012-05-01,2,1,5,11,0,2,1,2,0.66,0.6212,0.65,0.2836,50,179,229
7696,2011-11-22,4,0,11,6,0,2,1,2,0.38,0.3939,0.94,0.1045,1,63,64
2920,2011-05-06,2,0,5,13,0,5,1,1,0.58,0.5455,0.4,0.3284,71,182,253
5532,2011-08-23,3,0,8,9,0,2,1,2,0.66,0.6212,0.44,0,34,191,225
15939,2012-11-01,4,1,11,19,0,4,1,2,0.4,0.4091,0.5,0.1642,28,424,452
7067,2011-10-27,4,0,10,1,0,4,1,1,0.46,0.4545,0.94,0,2,9,11
3208,2011-05-18,2,0,5,13,0,3,1,2,0.56,0.5303,0.83,0.3284,30,92,122
2716,2011-04-28,2,0,4,1,0,4,1,2,0.62,0.5758,0.83,0.3881,8,12,20
7086,2011-10-27,4,0,10,20,0,4,1,1,0.42,0.4242,0.67,0.4925,11,171,182
4170,2011-06-27,3,0,6,15,0,1,1,2,0.74,0.6818,0.55,0,76,126,202
12977,2012-06-29,3,1,6,21,0,5,1,2,0.86,0.8333,0.53,0.194,41,195,236
14167,2012-08-18,3,1,8,11,0,6,0,1,0.72,0.6667,0.51,0,180,356,536
6992,2011-10-23,4,0,10,22,0,0,0,1,0.42,0.4242,0.77,0.1045,25,69,94
15974,2012-11-03,4,1,11,6,0,6,0,2,0.32,0.3182,0.49,0.194,4,17,21
7476,2011-11-13,4,0,11,2,0,0,0,1,0.36,0.3636,0.57,0.1045,9,48,57
7146,2011-10-30,4,0,10,8,0,0,0,1,0.26,0.2576,0.7,0.2239,20,60,80
821,2011-02-06,1,0,2,15,0,0,0,1,0.34,0.3485,0.46,0.0896,52,130,182
292,2011-01-13,1,0,1,14,0,4,1,1,0.22,0.197,0.41,0.3881,3,39,42
14844,2012-09-15,3,1,9,16,0,6,0,2,0.66,0.6212,0.36,0.2239,350,433,783
7865,2011-11-29,4,0,11,8,0,2,1,1,0.54,0.5152,0.77,0.2836,9,440,449
654,2011-01-30,1,0,1,13,0,0,0,1,0.28,0.2879,0.61,0.1045,13,71,84
15381,2012-10-08,4,1,10,1,1,1,0,1,0.34,0.3333,0.87,0.1642,2,35,37
4217,2011-06-29,3,0,6,14,0,3,1,1,0.8,0.697,0.31,0.194,50,138,188
11653,2012-05-05,2,1,5,17,0,6,0,2,0.68,0.6364,0.65,0.2985,204,298,502
12144,2012-05-26,2,1,5,4,0,6,0,1,0.62,0.5606,0.88,0.1343,0,2,2
931,2011-02-11,1,0,2,9,0,5,1,1,0.12,0.1212,0.74,0.2239,8,132,140
4238,2011-06-30,3,0,6,11,0,4,1,1,0.74,0.6515,0.37,0.1343,47,122,169
13211,2012-07-09,3,1,7,15,0,1,1,2,0.76,0.6818,0.45,0.2239,66,214,280
2860,2011-05-04,2,0,5,1,0,3,1,3,0.5,0.4848,0.82,0.2836,1,6,7
9855,2012-02-20,1,1,2,14,1,1,0,1,0.32,0.3182,0.36,0.194,57,206,263
1454,2011-03-05,1,0,3,20,0,6,0,2,0.44,0.4394,0.77,0.3284,12,58,70
1607,2011-03-12,1,0,3,10,0,6,0,1,0.32,0.303,0.66,0.2239,21,78,99
11418,2012-04-25,2,1,4,22,0,3,1,1,0.5,0.4848,0.51,0,22,170,192
3144,2011-05-15,2,0,5,21,0,0,0,1,0.54,0.5152,0.88,0,44,107,151
16841,2012-12-09,4,1,12,11,0,0,0,2,0.4,0.4091,0.87,0.2985,40,210,250
14002,2012-08-11,3,1,8,14,0,6,0,1,0.8,0.7424,0.49,0.2985,248,290,538
4949,2011-07-30,3,0,7,2,0,6,0,1,0.76,0.697,0.55,0.1045,11,31,42
1457,2011-03-05,1,0,3,23,0,6,0,2,0.44,0.4394,0.77,0.2985,10,34,44
6974,2011-10-23,4,0,10,4,0,0,0,1,0.34,0.3636,0.87,0,5,1,6
15946,2012-11-02,4,1,11,2,0,5,1,1,0.32,0.3182,0.66,0.1642,3,7,10
8764,2012-01-05,1,1,1,23,0,4,1,1,0.24,0.2576,0.7,0.1045,4,56,60
17378,2012-12-31,1,1,12,22,0,1,1,1,0.26,0.2727,0.56,0.1343,13,48,61
7956,2011-12-03,4,0,12,3,0,6,0,1,0.24,0.2424,0.7,0.1343,4,5,9
1711,2011-03-16,1,0,3,22,0,3,1,2,0.4,0.4091,0.62,0.3881,11,48,59
863,2011-02-08,1,0,2,9,0,2,1,1,0.24,0.197,0.52,0.4925,7,128,135
5747,2011-09-01,3,0,9,21,0,4,1,2,0.66,0.6212,0.57,0.194,17,160,177
15505,2012-10-13,4,1,10,5,0,6,0,1,0.3,0.2879,0.61,0.194,0,11,11
4829,2011-07-25,3,0,7,2,0,1,1,2,0.74,0.7121,0.79,0.0896,3,3,6
17276,2012-12-27,1,1,12,16,0,4,1,2,0.26,0.2424,0.52,0.2836,23,151,174
9635,2012-02-11,1,1,2,9,0,6,0,3,0.22,0.2424,0.93,0.1045,5,85,90
15664,2012-10-19,4,1,10,20,0,5,1,1,0.52,0.5,0.77,0.194,13,216,229
12774,2012-06-21,3,1,6,10,0,4,1,1,0.84,0.7879,0.49,0.1045,36,114,150
4984,2011-07-31,3,0,7,13,0,0,0,1,0.9,0.7727,0.24,0.1343,142,152,294
15530,2012-10-14,4,1,10,6,0,0,0,1,0.4,0.4091,0.82,0.1642,4,20,24
9598,2012-02-09,1,1,2,20,0,4,1,1,0.32,0.3485,0.36,0,2,197,199
567,2011-01-25,1,0,1,19,0,2,1,2,0.26,0.2576,0.65,0.1642,13,133,146
6307,2011-09-25,4,0,9,8,0,0,0,2,0.62,0.5606,0.88,0,27,59,86
6326,2011-09-26,4,0,9,3,0,1,1,2,0.62,0.5455,0.94,0,0,5,5
6157,2011-09-19,3,0,9,2,0,1,1,2,0.52,0.5,0.72,0.1343,6,7,13
8021,2011-12-05,4,0,12,20,0,1,1,2,0.46,0.4545,0.82,0.1045,15,190,205
4885,2011-07-27,3,0,7,10,0,3,1,1,0.78,0.6818,0.33,0,32,82,114
2862,2011-05-04,2,0,5,3,0,3,1,3,0.42,0.4242,0.88,0.5224,0,1,1
1966,2011-03-27,2,0,3,17,0,0,0,1,0.32,0.303,0.31,0.2537,50,109,159
5944,2011-09-10,3,0,9,4,0,6,0,1,0.58,0.5455,0.94,0.0896,3,4,7
5091,2011-08-05,3,0,8,0,0,5,1,1,0.66,0.6212,0.74,0.1045,13,41,54
10775,2012-03-30,2,1,3,1,0,5,1,1,0.38,0.3939,0.5,0.2836,6,21,27
3048,2011-05-11,2,0,5,21,0,3,1,1,0.54,0.5152,0.6,0,32,202,234
12725,2012-06-19,2,1,6,9,0,2,1,1,0.64,0.6061,0.73,0.0896,40,288,328
11496,2012-04-29,2,1,4,4,0,0,0,2,0.36,0.3485,0.87,0.1343,0,4,4
16443,2012-11-22,4,1,11,20,1,4,0,1,0.34,0.3636,0.71,0,15,37,52
16632,2012-11-30,4,1,11,18,0,5,1,2,0.34,0.3636,0.61,0,20,489,509
4709,2011-07-20,3,0,7,2,0,3,1,1,0.7,0.6667,0.84,0,2,7,9
13445,2012-07-19,3,1,7,9,0,4,1,2,0.76,0.7121,0.58,0.2836,36,282,318
5226,2011-08-10,3,0,8,15,0,3,1,1,0.86,0.7424,0.3,0.3284,53,141,194
16945,2012-12-13,4,1,12,19,0,4,1,1,0.3,0.303,0.45,0.1642,20,328,348
7018,2011-10-25,4,0,10,0,0,2,1,1,0.44,0.4394,0.77,0.1343,4,26,30
11702,2012-05-07,2,1,5,18,0,1,1,2,0.6,0.6212,0.53,0.3582,78,602,680
736,2011-02-03,1,0,2,0,0,4,1,1,0.2,0.1667,0.4,0.4478,1,11,12
1558,2011-03-10,1,0,3,8,0,4,1,3,0.38,0.3939,0,0.2836,1,43,44
13033,2012-07-02,3,1,7,5,0,1,1,2,0.72,0.6667,0.51,0,3,37,40
1442,2011-03-05,1,0,3,8,0,6,0,2,0.3,0.2727,1,0.2985,11,34,45
721,2011-02-02,1,0,2,9,0,3,1,2,0.24,0.2576,0.93,0.0896,4,119,123
14425,2012-08-29,3,1,8,5,0,3,1,1,0.6,0.5909,0.73,0.194,3,37,40
427,2011-01-19,1,0,1,19,0,3,1,1,0.32,0.2879,0.57,0.4179,4,108,112
14910,2012-09-18,3,1,9,10,0,2,1,3,0.68,0.6364,0.79,0.6418,30,130,160
9805,2012-02-18,1,1,2,11,0,6,0,1,0.32,0.3333,0.57,0.1343,102,184,286
10767,2012-03-29,2,1,3,17,0,4,1,1,0.52,0.5,0.38,0.3881,83,620,703
14649,2012-09-07,3,1,9,13,0,5,1,1,0.8,0.7727,0.59,0.2537,71,283,354
3246,2011-05-20,2,0,5,3,0,5,1,1,0.44,0.4394,1,0,1,4,5
10952,2012-04-06,2,1,4,11,0,5,1,1,0.4,0.4091,0.37,0.2985,112,179,291
9250,2012-01-26,1,1,1,7,0,4,1,2,0.28,0.303,0.81,0.0896,11,228,239
10241,2012-03-07,1,1,3,18,0,3,1,1,0.56,0.5303,0.4,0.4627,35,509,544
5722,2011-08-31,3,0,8,20,0,3,1,1,0.66,0.6212,0.57,0.1343,30,259,289
14384,2012-08-27,3,1,8,12,0,1,1,1,0.76,0.7121,0.62,0,69,214,283
6984,2011-10-23,4,0,10,14,0,0,0,1,0.52,0.5,0.55,0.2239,192,216,408
11419,2012-04-25,2,1,4,23,0,3,1,2,0.5,0.4848,0.51,0.0896,10,94,104
285,2011-01-13,1,0,1,7,0,4,1,1,0.12,0.1515,0.54,0.1343,0,72,72
13253,2012-07-11,3,1,7,9,0,3,1,2,0.7,0.6667,0.74,0.1343,30,298,328
8222,2011-12-14,4,0,12,5,0,3,1,2,0.26,0.303,0.81,0,0,26,26
380,2011-01-17,1,0,1,7,1,1,0,2,0.16,0.1818,0.5,0.1343,4,9,13
15816,2012-10-26,4,1,10,4,0,5,1,2,0.52,0.5,0.88,0.1642,1,4,5
9835,2012-02-19,1,1,2,17,0,0,0,2,0.3,0.2879,0.49,0.2537,22,135,157
6936,2011-10-21,4,0,10,14,0,5,1,1,0.52,0.5,0.42,0.2985,67,131,198
11611,2012-05-03,2,1,5,23,0,4,1,1,0.6,0.5606,0.83,0,21,100,121
1164,2011-02-21,1,0,2,6,1,1,0,2,0.42,0.4242,0.26,0.2985,2,6,8
7459,2011-11-12,4,0,11,9,0,6,0,1,0.3,0.303,0.61,0.1642,18,142,160
3740,2011-06-09,2,0,6,17,0,4,1,1,0.9,0.8182,0.37,0.2537,54,355,409
4902,2011-07-28,3,0,7,3,0,4,1,1,0.72,0.6667,0.54,0,0,5,5
7475,2011-11-13,4,0,11,1,0,0,0,2,0.36,0.3485,0.66,0.194,13,58,71
3478,2011-05-29,2,0,5,19,0,0,0,1,0.72,0.697,0.74,0.2537,141,146,287
7609,2011-11-18,4,0,11,15,0,5,1,1,0.34,0.3333,0.29,0.1343,27,151,178
10726,2012-03-28,2,1,3,0,0,3,1,1,0.36,0.3333,0.4,0.2836,1,29,30
11742,2012-05-09,2,1,5,10,0,3,1,2,0.62,0.6061,0.65,0.2537,40,113,153
1689,2011-03-15,1,0,3,23,0,2,1,2,0.32,0.3182,0.87,0.1642,1,17,18
4741,2011-07-21,3,0,7,10,0,4,1,2,0.82,0.8636,0.71,0.2239,31,47,78
10931,2012-04-05,2,1,4,14,0,4,1,1,0.46,0.4545,0.33,0.1642,143,144,287
3044,2011-05-11,2,0,5,17,0,3,1,1,0.64,0.6212,0.47,0.1045,17,242,259
5712,2011-08-31,3,0,8,10,0,3,1,1,0.7,0.6364,0.45,0.1045,33,105,138
16487,2012-11-24,4,1,11,16,0,6,0,1,0.28,0.2424,0.38,0.4478,43,127,170
7384,2011-11-09,4,0,11,6,0,3,1,1,0.3,0.3333,0.87,0,0,98,98
6416,2011-09-29,4,0,9,21,0,4,1,1,0.58,0.5455,0.56,0,30,195,225
6758,2011-10-14,4,0,10,3,0,5,1,1,0.56,0.5303,0.94,0.1343,1,6,7
9882,2012-02-21,1,1,2,18,0,2,1,1,0.38,0.3939,0.4,0.4478,11,414,425
1359,2011-03-01,1,0,3,21,0,2,1,1,0.26,0.303,0.56,0,8,55,63
14239,2012-08-21,3,1,8,11,0,2,1,1,0.7,0.6515,0.54,0,61,195,256
17266,2012-12-27,1,1,12,6,0,4,1,1,0.24,0.197,0.7,0.4925,0,45,45
222,2011-01-10,1,0,1,12,0,1,1,2,0.2,0.1818,0.4,0.2836,5,47,52
7576,2011-11-17,4,0,11,6,0,4,1,3,0.36,0.3485,0.57,0.2239,3,72,75
12463,2012-06-08,2,1,6,11,0,5,1,1,0.7,0.6364,0.42,0.2537,65,199,264
8073,2011-12-08,4,0,12,0,0,4,1,2,0.26,0.2273,0.87,0.2985,0,21,21
11018,2012-04-09,2,1,4,5,0,1,1,1,0.44,0.4394,0.24,0.194,2,30,32
1635,2011-03-13,1,0,3,15,0,0,0,1,0.48,0.4697,0.39,0.3284,149,155,304
14760,2012-09-12,3,1,9,4,0,3,1,1,0.5,0.4848,0.72,0.0896,0,5,5
4167,2011-06-27,3,0,6,12,0,1,1,2,0.72,0.6667,0.54,0,40,130,170
16676,2012-12-02,4,1,12,14,0,0,0,1,0.44,0.4394,0.62,0.2537,142,331,473
14763,2012-09-12,3,1,9,7,0,3,1,1,0.52,0.5,0.72,0,24,533,557
14449,2012-08-30,3,1,8,5,0,4,1,1,0.62,0.5909,0.73,0,2,33,35
12398,2012-06-05,2,1,6,18,0,2,1,1,0.6,0.6212,0.43,0.194,111,679,790
6221,2011-09-21,3,0,9,18,0,3,1,3,0.64,0.5758,0.83,0.1642,24,384,408
12457,2012-06-08,2,1,6,5,0,5,1,1,0.5,0.4848,0.72,0.1045,1,28,29
5223,2011-08-10,3,0,8,12,0,3,1,1,0.82,0.7273,0.38,0.2985,74,166,240
10558,2012-03-21,2,1,3,0,0,3,1,1,0.52,0.5,0.88,0,4,29,33
17074,2012-12-19,4,1,12,4,0,3,1,1,0.24,0.2424,0.75,0.1343,1,6,7
14711,2012-09-10,3,1,9,3,0,1,1,1,0.52,0.5,0.68,0.2836,5,7,12
14055,2012-08-13,3,1,8,19,0,1,1,1,0.74,0.6818,0.58,0.1642,88,467,555
6282,2011-09-24,4,0,9,7,0,6,0,2,0.56,0.5303,0.88,0.1045,12,34,46
12232,2012-05-29,2,1,5,20,0,2,1,3,0.7,0.6515,0.61,0.5224,36,168,204
7880,2011-11-29,4,0,11,23,0,2,1,1,0.36,0.3333,0.76,0.3881,0,53,53
2300,2011-04-10,2,0,4,16,0,0,0,2,0.52,0.5,0.72,0.1642,135,153,288
13592,2012-07-25,3,1,7,12,0,3,1,1,0.76,0.6667,0.33,0,77,233,310
8036,2011-12-06,4,0,12,11,0,2,1,3,0.46,0.4545,0.94,0.2537,4,28,32
17368,2012-12-31,1,1,12,12,0,1,1,2,0.24,0.2273,0.56,0.194,52,172,224
7140,2011-10-30,4,0,10,2,0,0,0,1,0.22,0.2121,0.87,0.2836,7,43,50
9631,2012-02-11,1,1,2,5,0,6,0,3,0.22,0.2273,0.93,0.1642,0,2,2
6956,2011-10-22,4,0,10,10,0,6,0,2,0.44,0.4394,0.62,0.1045,87,149,236
11110,2012-04-13,2,1,4,2,0,5,1,1,0.34,0.3333,0.49,0.194,6,5,11
8404,2011-12-21,1,0,12,19,0,3,1,2,0.5,0.4848,0.94,0.3284,9,200,209
8105,2011-12-09,4,0,12,8,0,5,1,1,0.24,0.2879,0.81,0,7,378,385
4966,2011-07-30,3,0,7,19,0,6,0,1,0.74,0.6515,0.33,0.2239,101,155,256
8816,2012-01-08,1,1,1,3,0,0,0,1,0.34,0.3333,0.42,0.1343,6,26,32
4731,2011-07-21,3,0,7,0,0,4,1,2,0.76,0.7424,0.75,0.194,13,29,42
5047,2011-08-03,3,0,8,4,0,3,1,2,0.76,0.697,0.52,0.1642,0,7,7
12634,2012-06-15,2,1,6,14,0,5,1,1,0.72,0.6515,0.39,0.194,121,255,376
2326,2011-04-11,2,0,4,19,0,1,1,1,0.72,0.6667,0.51,0.4478,73,211,284
6396,2011-09-29,4,0,9,1,0,4,1,2,0.6,0.5,1,0.194,3,20,23
6562,2011-10-05,4,0,10,23,0,3,1,1,0.5,0.4848,0.77,0.1045,9,64,73
5228,2011-08-10,3,0,8,17,0,3,1,1,0.84,0.7121,0.26,0.2985,71,513,584
6741,2011-10-13,4,0,10,10,0,4,1,3,0.56,0.5303,1,0.1343,16,53,69
17305,2012-12-28,1,1,12,21,0,5,1,2,0.24,0.2424,0.7,0.1343,17,75,92
2142,2011-04-04,2,0,4,2,0,1,1,1,0.38,0.3939,0.66,0.2537,1,1,2
14031,2012-08-12,3,1,8,19,0,0,0,1,0.74,0.6515,0.4,0.1343,148,317,465
3573,2011-06-02,2,0,6,18,0,4,1,1,0.74,0.6515,0.22,0.3881,74,451,525
14686,2012-09-09,3,1,9,2,0,0,0,1,0.54,0.5152,0.77,0.2836,15,81,96
13308,2012-07-13,3,1,7,16,0,5,1,2,0.8,0.7121,0.36,0.2239,111,381,492
842,2011-02-07,1,0,2,12,0,1,1,2,0.32,0.3485,0.62,0,7,59,66
6342,2011-09-26,4,0,9,19,0,1,1,1,0.66,0.6061,0.82,0.0896,36,347,383
8146,2011-12-11,4,0,12,1,0,0,0,1,0.16,0.1515,0.59,0.2239,8,54,62
14974,2012-09-21,3,1,9,2,0,5,1,1,0.52,0.5,0.72,0,6,8,14
3814,2011-06-12,2,0,6,19,0,0,0,1,0.7,0.6667,0.74,0.1045,67,156,223
4368,2011-07-05,3,0,7,21,0,2,1,1,0.78,0.7424,0.62,0.2537,77,168,245
15658,2012-10-19,4,1,10,14,0,5,1,1,0.66,0.6212,0.61,0.2537,88,277,365
7888,2011-11-30,4,0,11,7,0,3,1,1,0.26,0.2727,0.81,0.1045,9,276,285
8830,2012-01-08,1,1,1,17,0,0,0,1,0.38,0.3939,0.4,0.2239,22,197,219
16456,2012-11-23,4,1,11,9,0,5,1,1,0.28,0.2879,0.75,0.1045,32,80,112
2449,2011-04-16,2,0,4,22,0,6,0,3,0.42,0.4242,1,0,2,22,24
4502,2011-07-11,3,0,7,11,0,1,1,1,0.82,0.7879,0.56,0.2985,39,89,128
1011,2011-02-14,1,0,2,18,0,1,1,1,0.4,0.4091,0.4,0.6119,11,194,205
8900,2012-01-11,1,1,1,16,0,3,1,2,0.34,0.3182,0.87,0.2537,6,112,118
9034,2012-01-17,1,1,1,7,0,2,1,3,0.3,0.2879,0.81,0.2239,5,121,126
5816,2011-09-04,3,0,9,18,0,0,0,1,0.76,0.7273,0.66,0.194,187,169,356
7592,2011-11-17,4,0,11,22,0,4,1,1,0.26,0.2424,0.52,0.2537,1,83,84
448,2011-01-20,1,0,1,16,0,4,1,2,0.3,0.303,0.49,0.1343,8,83,91
7989,2011-12-04,4,0,12,12,0,0,0,1,0.36,0.3485,0.81,0.1642,82,247,329
978,2011-02-13,1,0,2,9,0,0,0,2,0.24,0.2273,0.6,0.2239,12,35,47
6139,2011-09-18,3,0,9,8,0,0,0,1,0.46,0.4545,0.72,0.2537,16,53,69
11682,2012-05-06,2,1,5,22,0,0,0,1,0.56,0.5303,0.73,0.1642,44,113,157
14034,2012-08-12,3,1,8,22,0,0,0,1,0.7,0.6515,0.58,0.1343,40,141,181
9373,2012-01-31,1,1,1,10,0,2,1,2,0.32,0.3182,0.57,0.194,34,110,144
8595,2011-12-29,1,0,12,21,0,4,1,2,0.28,0.2879,0.61,0.1343,8,60,68
13208,2012-07-09,3,1,7,12,0,1,1,2,0.74,0.6818,0.58,0.1343,61,205,266
16015,2012-11-04,4,1,11,23,0,0,0,2,0.3,0.303,0.56,0.1642,12,41,53
9625,2012-02-10,1,1,2,23,0,5,1,2,0.3,0.3182,0.7,0.0896,1,64,65
10642,2012-03-24,2,1,3,12,0,6,0,3,0.52,0.5,0.94,0.2239,61,122,183
16502,2012-11-25,4,1,11,7,0,0,0,2,0.22,0.2424,0.51,0.1045,2,19,21
12852,2012-06-24,3,1,6,16,0,0,0,1,0.84,0.7273,0.3,0.2537,181,280,461
14932,2012-09-19,3,1,9,8,0,3,1,1,0.52,0.5,0.59,0.2239,39,758,797
16667,2012-12-02,4,1,12,5,0,0,0,2,0.26,0.303,0.93,0,1,7,8
15181,2012-09-29,4,1,9,17,0,6,0,1,0.6,0.6212,0.38,0.3582,256,456,712
2642,2011-04-24,2,0,4,23,0,0,0,3,0.54,0.5152,1,0.0896,5,37,42
2572,2011-04-22,2,0,4,1,0,5,1,1,0.36,0.3333,0.53,0.2537,2,22,24
4857,2011-07-26,3,0,7,6,0,2,1,1,0.68,0.6364,0.83,0.2239,2,108,110
10209,2012-03-06,1,1,3,10,0,2,1,1,0.24,0.2576,0.44,0,16,113,129
3036,2011-05-11,2,0,5,9,0,3,1,1,0.52,0.5,0.72,0.1343,21,182,203
2586,2011-04-22,2,0,4,15,0,5,1,3,0.34,0.3333,0.87,0.194,13,62,75
6779,2011-10-15,4,0,10,0,0,6,0,1,0.46,0.4545,0.55,0.1045,18,88,106
4882,2011-07-27,3,0,7,7,0,3,1,1,0.72,0.6667,0.48,0.2537,34,313,347
2040,2011-03-30,2,0,3,20,0,3,1,3,0.24,0.2121,0.93,0.2985,4,40,44
9852,2012-02-20,1,1,2,11,1,1,0,1,0.26,0.2273,0.48,0.3582,45,163,208
4961,2011-07-30,3,0,7,14,0,6,0,1,0.9,0.7879,0.29,0,112,193,305
3652,2011-06-06,2,0,6,1,0,1,1,1,0.6,0.5606,0.83,0.1343,9,5,14
14519,2012-09-02,3,1,9,3,0,0,0,1,0.66,0.5909,0.89,0.0896,9,33,42
5246,2011-08-11,3,0,8,11,0,4,1,1,0.76,0.6667,0.35,0.2537,59,128,187
16266,2012-11-15,4,1,11,11,0,4,1,2,0.34,0.3333,0.61,0.1343,28,138,166
1167,2011-02-21,1,0,2,9,1,1,0,2,0.32,0.303,0.57,0.2836,11,46,57
10133,2012-03-03,1,1,3,6,0,6,0,2,0.36,0.3636,0.93,0.0896,1,6,7
14971,2012-09-20,3,1,9,23,0,4,1,1,0.54,0.5152,0.68,0.1045,17,137,154
11994,2012-05-19,2,1,5,22,0,6,0,1,0.64,0.6212,0.47,0,104,234,338
9424,2012-02-02,1,1,2,13,0,4,1,2,0.42,0.4242,0.77,0,13,124,137
16803,2012-12-07,4,1,12,21,0,5,1,2,0.36,0.3636,0.93,0.1045,9,162,171
1145,2011-02-20,1,0,2,11,0,0,0,2,0.3,0.303,0.33,0.1642,72,89,161
9605,2012-02-10,1,1,2,3,0,5,1,1,0.26,0.2879,0.56,0.0896,0,5,5
2482,2011-04-18,2,0,4,7,0,1,1,1,0.46,0.4545,0.63,0,12,156,168
11335,2012-04-22,2,1,4,11,0,0,0,3,0.38,0.3939,0.87,0.2985,7,70,77
17290,2012-12-28,1,1,12,6,0,5,1,1,0.22,0.2121,0.64,0.2836,2,49,51
12206,2012-05-28,2,1,5,18,1,1,0,1,0.8,0.7727,0.59,0.2985,132,251,383
16279,2012-11-16,4,1,11,0,0,5,1,2,0.32,0.3333,0.66,0.1045,7,58,65
410,2011-01-19,1,0,1,1,0,3,1,3,0.22,0.2273,0.93,0.1343,1,6,7
2130,2011-04-03,2,0,4,14,0,0,0,1,0.46,0.4545,0.31,0.1343,240,109,349
7557,2011-11-16,4,0,11,11,0,3,1,3,0.46,0.4545,0.94,0.0896,7,53,60
6260,2011-09-23,4,0,9,9,0,5,1,3,0.62,0.5152,1,0.1343,3,108,111
6799,2011-10-15,4,0,10,20,0,6,0,1,0.5,0.4848,0.48,0.1343,42,137,179
150,2011-01-07,1,0,1,12,0,5,1,2,0.2,0.197,0.37,0.2537,9,50,59
7917,2011-12-01,4,0,12,12,0,4,1,1,0.36,0.3485,0.46,0.2239,9,139,148
15573,2012-10-16,4,1,10,1,0,2,1,1,0.44,0.4394,0.67,0.194,4,9,13
15373,2012-10-07,4,1,10,17,0,0,0,3,0.4,0.4091,0.82,0.2239,35,122,157
95,2011-01-05,1,0,1,2,0,3,1,1,0.16,0.197,0.74,0.0896,0,2,2
11292,2012-04-20,2,1,4,16,0,5,1,1,0.66,0.6212,0.44,0.194,151,429,580
15050,2012-09-24,4,1,9,6,0,1,1,1,0.46,0.4545,0.59,0,6,162,168
11745,2012-05-09,2,1,5,13,0,3,1,2,0.64,0.6212,0.53,0.2537,50,216,266
8837,2012-01-09,1,1,1,0,0,1,1,1,0.24,0.2273,0.6,0.2239,3,12,15
4126,2011-06-25,3,0,6,19,0,6,0,1,0.72,0.6667,0.48,0.2836,121,254,375
10355,2012-03-12,1,1,3,13,0,1,1,2,0.54,0.5152,0.32,0.2537,74,176,250
3548,2011-06-01,2,0,6,17,0,3,1,1,0.86,0.803,0.47,0.2985,52,434,486
2267,2011-04-09,2,0,4,7,0,6,0,2,0.3,0.303,0.93,0.1642,8,13,21
58,2011-01-03,1,0,1,12,0,1,1,1,0.22,0.2121,0.35,0.2985,13,48,61
3906,2011-06-16,2,0,6,15,0,4,1,2,0.7,0.6515,0.61,0.2985,32,127,159
10264,2012-03-08,1,1,3,17,0,4,1,1,0.62,0.6212,0.38,0.6567,52,545,597
7811,2011-11-27,4,0,11,1,0,0,0,1,0.36,0.3788,0.81,0,9,35,44
11834,2012-05-13,2,1,5,6,0,0,0,1,0.52,0.5,0.68,0.1642,6,15,21
1963,2011-03-27,2,0,3,14,0,0,0,1,0.32,0.3182,0.36,0.1642,61,103,164
14205,2012-08-20,3,1,8,1,0,1,1,1,0.6,0.5606,0.83,0.1642,0,10,10
14859,2012-09-16,3,1,9,7,0,0,0,1,0.5,0.4848,0.77,0.1045,28,43,71
8407,2011-12-21,1,0,12,22,0,3,1,1,0.5,0.4848,0.88,0.2537,3,102,105
5171,2011-08-08,3,0,8,8,0,1,1,1,0.74,0.6818,0.58,0.3284,29,320,349
7730,2011-11-23,4,0,11,16,0,3,1,2,0.4,0.4091,0.62,0.4627,4,169,173
12769,2012-06-21,3,1,6,5,0,4,1,1,0.7,0.6667,0.84,0.1045,3,37,40
9569,2012-02-08,1,1,2,15,0,3,1,3,0.3,0.3182,0.61,0.1045,5,49,54
17259,2012-12-26,1,1,12,23,0,3,1,3,0.26,0.2273,0.87,0.2985,2,8,10
2190,2011-04-06,2,0,4,2,0,3,1,1,0.24,0.2424,0.7,0.1343,0,5,5
11210,2012-04-17,2,1,4,6,0,2,1,1,0.6,0.6212,0.46,0.2537,8,136,144
12141,2012-05-26,2,1,5,1,0,6,0,1,0.64,0.5758,0.83,0.1343,18,64,82
9499,2012-02-05,1,1,2,16,0,0,0,1,0.3,0.2879,0.56,0.2239,35,261,296
14029,2012-08-12,3,1,8,17,0,0,0,1,0.8,0.697,0.33,0,186,319,505
13943,2012-08-09,3,1,8,3,0,4,1,1,0.68,0.6364,0.83,0.0896,1,5,6
7739,2011-11-24,4,0,11,1,1,4,0,1,0.32,0.2879,0.57,0.4179,1,23,24
15383,2012-10-08,4,1,10,3,1,1,0,1,0.34,0.3485,0.81,0.1045,2,8,10
7203,2011-11-01,4,0,11,17,0,2,1,1,0.44,0.4394,0.54,0.1642,36,470,506
12968,2012-06-29,3,1,6,12,0,5,1,2,0.92,0.8788,0.4,0.2537,53,173,226
6135,2011-09-18,3,0,9,4,0,0,0,1,0.44,0.4394,0.77,0.2239,1,0,1
11913,2012-05-16,2,1,5,13,0,3,1,1,0.72,0.6515,0.42,0,77,273,350
12485,2012-06-09,2,1,6,9,0,6,0,1,0.64,0.6212,0.57,0.1642,99,241,340
3288,2011-05-21,2,0,5,21,0,6,0,1,0.62,0.6061,0.61,0.1045,77,150,227
6557,2011-10-05,4,0,10,18,0,3,1,1,0.6,0.6212,0.53,0.1642,57,536,593
5806,2011-09-04,3,0,9,8,0,0,0,1,0.66,0.6061,0.78,0.1642,21,49,70
9801,2012-02-18,1,1,2,7,0,6,0,1,0.24,0.2879,0.7,0,8,33,41
15639,2012-10-18,4,1,10,19,0,4,1,2,0.56,0.5303,0.68,0.2985,42,471,513
103,2011-01-05,1,0,1,11,0,3,1,1,0.26,0.2273,0.33,0.3284,12,34,46
5362,2011-08-16,3,0,8,7,0,2,1,1,0.64,0.6061,0.69,0.2537,18,328,346
12635,2012-06-15,2,1,6,15,0,5,1,1,0.72,0.6515,0.39,0.194,107,270,377
4706,2011-07-19,3,0,7,23,0,2,1,3,0.72,0.697,0.79,0.1642,19,73,92
8251,2011-12-15,4,0,12,10,0,4,1,2,0.4,0.4091,0.58,0.2985,4,105,109
12643,2012-06-15,2,1,6,23,0,5,1,1,0.62,0.6212,0.53,0.2537,46,176,222
13181,2012-07-08,3,1,7,9,0,0,0,1,0.86,0.8182,0.5,0.1045,70,172,242
12717,2012-06-19,2,1,6,1,0,2,1,2,0.6,0.5758,0.78,0.1642,1,13,14
3450,2011-05-28,2,0,5,15,0,6,0,1,0.74,0.6818,0.55,0.2239,187,187,374
15702,2012-10-21,4,1,10,10,0,0,0,1,0.5,0.4848,0.48,0.2985,167,276,443
2544,2011-04-20,2,0,4,21,0,3,1,1,0.66,0.6212,0.36,0.2836,38,134,172
14180,2012-08-19,3,1,8,0,0,0,0,1,0.66,0.6212,0.57,0.0896,44,143,187
16085,2012-11-07,4,1,11,21,0,3,1,2,0.32,0.303,0.49,0.2985,5,121,126
15374,2012-10-07,4,1,10,18,0,0,0,3,0.4,0.4091,0.82,0.194,24,82,106
13138,2012-07-06,3,1,7,14,0,5,1,1,0.9,0.803,0.31,0.1642,91,184,275
17116,2012-12-20,4,1,12,22,0,4,1,3,0.34,0.3333,0.87,0.194,1,20,21
16798,2012-12-07,4,1,12,16,0,5,1,1,0.36,0.3485,0.76,0.1343,39,336,375
641,2011-01-29,1,0,1,23,0,6,0,1,0.16,0.197,0.8,0.0896,3,30,33
13389,2012-07-17,3,1,7,1,0,2,1,1,0.74,0.697,0.7,0,4,21,25
10421,2012-03-15,1,1,3,7,0,4,1,1,0.44,0.4394,0.72,0.0896,14,367,381
2479,2011-04-18,2,0,4,4,0,1,1,1,0.4,0.4091,0.87,0.1642,2,4,6
14147,2012-08-17,3,1,8,15,0,5,1,1,0.86,0.2424,0.3,0.4627,127,256,383
12433,2012-06-07,2,1,6,5,0,4,1,1,0.48,0.4697,0.82,0.0896,0,34,34
10191,2012-03-05,1,1,3,16,0,1,1,1,0.3,0.2727,0.45,0.2985,30,180,210
11284,2012-04-20,2,1,4,8,0,5,1,1,0.44,0.4394,0.94,0,32,668,700
11935,2012-05-17,2,1,5,11,0,4,1,1,0.58,0.5455,0.49,0.2239,77,202,279
8827,2012-01-08,1,1,1,14,0,0,0,1,0.4,0.4091,0.4,0.194,75,253,328
16032,2012-11-05,4,1,11,16,0,1,1,1,0.36,0.3333,0.43,0.2836,35,325,360
6878,2011-10-19,4,0,10,4,0,3,1,3,0.5,0.4848,0.94,0.194,0,3,3
10811,2012-03-31,2,1,3,13,0,6,0,1,0.54,0.5152,0.6,0.1343,265,373,638
8158,2011-12-11,4,0,12,13,0,0,0,1,0.3,0.3333,0.31,0,44,224,268
12536,2012-06-11,2,1,6,12,0,1,1,2,0.8,0.7273,0.43,0.194,63,198,261
7029,2011-10-25,4,0,10,11,0,2,1,1,0.52,0.5,0.48,0.2836,46,120,166
17149,2012-12-22,1,1,12,7,0,6,0,1,0.26,0.2273,0.44,0.4179,2,18,20
2719,2011-04-28,2,0,4,4,0,4,1,2,0.62,0.5758,0.83,0.4179,4,5,9
5272,2011-08-12,3,0,8,13,0,5,1,1,0.78,0.6818,0.29,0.0896,74,179,253
3473,2011-05-29,2,0,5,14,0,0,0,1,0.74,0.697,0.7,0.2836,183,168,351
2827,2011-05-02,2,0,5,16,0,1,1,1,0.66,0.6212,0.61,0.2239,49,220,269
9840,2012-02-19,1,1,2,22,0,0,0,3,0.24,0.2576,0.75,0.0896,8,47,55
12371,2012-06-04,2,1,6,15,0,1,1,1,0.66,0.6212,0.39,0.2985,77,215,292
17025,2012-12-17,4,1,12,3,0,1,1,2,0.36,0.3788,0.93,0,0,3,3
14226,2012-08-20,3,1,8,22,0,1,1,2,0.6,0.5606,0.83,0,25,136,161
7235,2011-11-03,4,0,11,1,0,4,1,1,0.34,0.3333,0.81,0.1343,3,12,15
12528,2012-06-11,2,1,6,4,0,1,1,1,0.64,0.5909,0.78,0.1343,0,7,7
1982,2011-03-28,2,0,3,10,0,1,1,1,0.24,0.2273,0.3,0.194,22,47,69
8629,2011-12-31,1,0,12,7,0,6,0,3,0.38,0.3939,0.76,0,6,13,19
1430,2011-03-04,1,0,3,20,0,5,1,2,0.3,0.2879,0.7,0.194,9,78,87
13391,2012-07-17,3,1,7,3,0,2,1,1,0.72,0.6818,0.66,0,0,3,3
11423,2012-04-26,2,1,4,3,0,4,1,2,0.48,0.4697,0.55,0.0896,1,5,6
6713,2011-10-12,4,0,10,6,0,3,1,2,0.54,0.5152,0.88,0.2537,5,107,112
4075,2011-06-23,3,0,6,16,0,4,1,2,0.74,0.6818,0.62,0.2985,58,217,275
4442,2011-07-08,3,0,7,23,0,5,1,2,0.66,0.6061,0.78,0.0896,40,111,151
15282,2012-10-03,4,1,10,22,0,3,1,1,0.66,0.6212,0.74,0,9,232,241
5006,2011-08-01,3,0,8,11,0,1,1,1,0.88,0.7727,0.32,0.1642,53,66,119
15916,2012-10-31,4,1,10,20,0,3,1,2,0.4,0.4091,0.5,0.194,9,259,268
4154,2011-06-26,3,0,6,23,0,0,0,1,0.7,0.6515,0.54,0.0896,14,64,78
12109,2012-05-24,2,1,5,17,0,4,1,1,0.74,0.6818,0.55,0.2836,120,678,798
2389,2011-04-14,2,0,4,10,0,4,1,1,0.5,0.4848,0.51,0.194,21,68,89
13463,2012-07-20,3,1,7,3,0,5,1,2,0.66,0.5909,0.89,0.1045,7,29,36
1497,2011-03-07,1,0,3,17,0,1,1,1,0.34,0.303,0.29,0.3582,27,206,233
5801,2011-09-04,3,0,9,3,0,0,0,1,0.64,0.5758,0.89,0.194,20,23,43
1990,2011-03-28,2,0,3,18,0,1,1,1,0.32,0.303,0.21,0.2836,21,220,241
13657,2012-07-28,3,1,7,5,0,6,0,1,0.68,0.6364,0.79,0.1642,4,10,14
4817,2011-07-24,3,0,7,14,0,0,0,1,0.86,0.8182,0.5,0.2836,79,204,283
3711,2011-06-08,2,0,6,12,0,3,1,1,0.88,0.8182,0.42,0.1343,15,134,149
11467,2012-04-27,2,1,4,23,0,5,1,1,0.4,0.4091,0.4,0.2537,11,105,116
9788,2012-02-17,1,1,2,18,0,5,1,1,0.4,0.4091,0.35,0.2537,15,362,377
7361,2011-11-08,4,0,11,7,0,2,1,1,0.3,0.3182,0.87,0.1045,7,316,323
2875,2011-05-04,2,0,5,16,0,3,1,1,0.5,0.4848,0.45,0.4627,22,173,195
4270,2011-07-01,3,0,7,19,0,5,1,1,0.78,0.6667,0.25,0.194,80,238,318
11433,2012-04-26,2,1,4,13,0,4,1,2,0.5,0.4848,0.82,0.1642,19,178,197
2007,2011-03-29,2,0,3,11,0,2,1,2,0.34,0.303,0.25,0.3881,18,63,81
6210,2011-09-21,3,0,9,7,0,3,1,2,0.54,0.5152,1,0.194,18,312,330
9491,2012-02-05,1,1,2,8,0,0,0,2,0.24,0.2424,0.75,0.1642,4,58,62
9926,2012-02-23,1,1,2,14,0,4,1,1,0.54,0.5152,0.37,0.2537,36,156,192
9647,2012-02-11,1,1,2,21,0,6,0,1,0.14,0.0758,0.43,0.6418,5,43,48
4266,2011-07-01,3,0,7,15,0,5,1,1,0.82,0.697,0.21,0.2537,82,299,381
15227,2012-10-01,4,1,10,15,0,1,1,2,0.62,0.6212,0.43,0.1343,95,234,329
5035,2011-08-02,3,0,8,16,0,2,1,1,0.9,0.7727,0.25,0.2836,58,216,274
9035,2012-01-17,1,1,1,8,0,2,1,3,0.3,0.2879,0.81,0.2836,3,90,93
13276,2012-07-12,3,1,7,8,0,4,1,1,0.68,0.6364,0.65,0.1343,49,653,702
7048,2011-10-26,4,0,10,6,0,3,1,1,0.42,0.4242,0.71,0.2239,0,92,92
11458,2012-04-27,2,1,4,14,0,5,1,1,0.46,0.4545,0.33,0.3284,94,206,300
14279,2012-08-23,3,1,8,3,0,4,1,1,0.62,0.5758,0.83,0.0896,3,6,9
5850,2011-09-06,3,0,9,5,0,2,1,3,0.54,0.5152,0.88,0.3582,1,20,21
9971,2012-02-25,1,1,2,11,0,6,0,1,0.3,0.2576,0.39,0.6119,23,187,210
17085,2012-12-19,4,1,12,15,0,3,1,1,0.42,0.4242,0.5,0.2836,28,209,237
11807,2012-05-12,2,1,5,3,0,6,0,1,0.48,0.4697,0.59,0,14,20,34
12278,2012-05-31,2,1,5,18,0,4,1,1,0.74,0.6515,0.3,0.194,85,700,785
9293,2012-01-28,1,1,1,2,0,6,0,1,0.26,0.303,0.6,0,3,38,41
13961,2012-08-09,3,1,8,21,0,4,1,2,0.7,0.6515,0.58,0.1642,50,286,336
11469,2012-04-28,2,1,4,1,0,6,0,1,0.36,0.3333,0.5,0.2985,7,60,67
6291,2011-09-24,4,0,9,16,0,6,0,2,0.64,0.5909,0.78,0.0896,167,282,449
8298,2011-12-17,4,0,12,9,0,6,0,2,0.26,0.2424,0.56,0.2537,5,95,100
3781,2011-06-11,2,0,6,10,0,6,0,1,0.74,0.6818,0.58,0.1642,91,173,264
701,2011-02-01,1,0,2,13,0,2,1,2,0.2,0.2576,0.86,0,3,49,52
8362,2011-12-20,4,0,12,1,0,2,1,1,0.36,0.3788,0.53,0,0,6,6
1120,2011-02-19,1,0,2,9,0,6,0,1,0.4,0.4091,0.16,0.6567,18,37,55
15802,2012-10-25,4,1,10,14,0,4,1,1,0.6,0.5909,0.73,0.1343,71,214,285
2547,2011-04-21,2,0,4,0,0,4,1,1,0.56,0.5303,0.43,0.3582,11,33,44
5728,2011-09-01,3,0,9,2,0,4,1,1,0.58,0.5455,0.78,0.0896,14,11,25
13493,2012-07-21,3,1,7,9,0,6,0,2,0.58,0.5455,0.83,0.194,32,175,207
13229,2012-07-10,3,1,7,9,0,2,1,1,0.74,0.697,0.66,0.1343,47,284,331
5513,2011-08-22,3,0,8,14,0,1,1,1,0.74,0.6515,0.3,0.3881,88,137,225
16208,2012-11-13,4,1,11,1,0,2,1,3,0.44,0.4394,0.88,0.6418,0,5,5
1315,2011-02-27,1,0,2,23,0,0,0,2,0.36,0.3485,0.62,0.1642,6,53,59
6246,2011-09-22,3,0,9,19,0,4,1,2,0.64,0.5758,0.89,0.0896,32,388,420
14482,2012-08-31,3,1,8,14,0,5,1,1,0.9,0.7727,0.25,0.2239,112,324,436
7975,2011-12-03,4,0,12,22,0,6,0,2,0.32,0.3333,0.61,0.0896,17,97,114
3523,2011-05-31,2,0,5,16,0,2,1,1,0.9,0.8333,0.39,0.1343,44,205,249
4510,2011-07-11,3,0,7,19,0,1,1,1,0.84,0.8333,0.59,0.3284,80,293,373
12379,2012-06-04,2,1,6,23,0,1,1,1,0.58,0.5455,0.49,0.2985,8,78,86
3753,2011-06-10,2,0,6,6,0,5,1,1,0.66,0.6061,0.78,0.0896,10,94,104
15418,2012-10-09,4,1,10,14,0,2,1,2,0.54,0.5152,0.64,0.194,43,201,244
10273,2012-03-09,1,1,3,2,0,5,1,3,0.48,0.4697,0.77,0.4179,2,9,11
16626,2012-11-30,4,1,11,12,0,5,1,2,0.38,0.3939,0.46,0,25,243,268
16265,2012-11-15,4,1,11,10,0,4,1,2,0.32,0.3333,0.66,0.1343,11,142,153
14069,2012-08-14,3,1,8,9,0,2,1,2,0.7,0.6667,0.74,0,48,354,402
16854,2012-12-10,4,1,12,0,0,1,1,3,0.36,0.3636,1,0.0896,0,20,20
14735,2012-09-11,3,1,9,3,0,2,1,1,0.48,0.4697,0.67,0.1343,1,7,8
9858,2012-02-20,1,1,2,17,1,1,0,1,0.38,0.3939,0.27,0.2537,27,226,253
4221,2011-06-29,3,0,6,18,0,3,1,1,0.8,0.697,0.29,0.2985,78,510,588
5934,2011-09-09,3,0,9,18,0,5,1,1,0.7,0.6667,0.79,0.194,33,377,410
4990,2011-07-31,3,0,7,19,0,0,0,1,0.8,0.7576,0.55,0.3284,87,187,274
12353,2012-06-03,2,1,6,21,0,0,0,1,0.62,0.6212,0.43,0.1642,66,180,246
8455,2011-12-23,1,0,12,22,0,5,1,1,0.32,0.3182,0.66,0.194,4,43,47
2681,2011-04-26,2,0,4,14,0,2,1,1,0.72,0.6667,0.58,0.3284,40,115,155
951,2011-02-12,1,0,2,5,0,6,0,1,0.12,0.1667,0.74,0.0896,0,1,1
827,2011-02-06,1,0,2,21,0,0,0,1,0.26,0.303,0.6,0,5,22,27
2752,2011-04-29,2,0,4,13,0,5,1,1,0.56,0.5303,0.37,0.2985,74,234,308
275,2011-01-12,1,0,1,21,0,3,1,1,0.16,0.1364,0.55,0.3284,0,57,57
6052,2011-09-14,3,0,9,17,0,3,1,1,0.76,0.697,0.52,0.2836,87,512,599
14305,2012-08-24,3,1,8,5,0,5,1,1,0.64,0.5909,0.78,0,1,37,38
2931,2011-05-07,2,0,5,0,0,6,0,1,0.42,0.4242,0.82,0.1343,10,76,86
16452,2012-11-23,4,1,11,5,0,5,1,1,0.24,0.2879,0.81,0,0,10,10
2615,2011-04-23,2,0,4,20,0,6,0,2,0.54,0.5152,0.88,0.2537,45,138,183
10943,2012-04-06,2,1,4,2,0,5,1,1,0.36,0.3333,0.5,0.3881,6,5,11
3965,2011-06-19,2,0,6,2,0,0,0,1,0.68,0.6364,0.74,0.0896,13,59,72
928,2011-02-11,1,0,2,6,0,5,1,1,0.1,0.1818,0.68,0,1,23,24
12651,2012-06-16,2,1,6,7,0,6,0,1,0.54,0.5152,0.68,0.194,10,68,78
9737,2012-02-15,1,1,2,15,0,3,1,1,0.42,0.4242,0.41,0.2239,7,164,171
9820,2012-02-19,1,1,2,2,0,0,0,2,0.3,0.2879,0.36,0.2836,3,45,48
16263,2012-11-15,4,1,11,8,0,4,1,2,0.3,0.2879,0.61,0.2239,21,625,646
14875,2012-09-16,3,1,9,23,0,0,0,1,0.54,0.5152,0.68,0.1045,9,85,94
5397,2011-08-17,3,0,8,18,0,3,1,1,0.76,0.697,0.55,0.2537,86,470,556
9697,2012-02-13,1,1,2,23,0,1,1,1,0.28,0.3182,0.41,0,2,34,36
7059,2011-10-26,4,0,10,17,0,3,1,2,0.52,0.5,0.77,0.1045,40,414,454
17192,2012-12-24,1,1,12,2,0,1,1,1,0.2,0.2576,0.75,0,0,5,5
16155,2012-11-10,4,1,11,20,0,6,0,1,0.44,0.4394,0.54,0,39,153,192
13575,2012-07-24,3,1,7,19,0,2,1,1,0.76,0.7121,0.62,0.1642,109,523,632
8046,2011-12-06,4,0,12,21,0,2,1,2,0.44,0.4394,1,0.194,6,108,114
12617,2012-06-14,2,1,6,21,0,4,1,1,0.64,0.6061,0.65,0.1642,67,270,337
8289,2011-12-17,4,0,12,0,0,6,0,1,0.3,0.2879,0.49,0.2836,3,59,62
2797,2011-05-01,2,0,5,10,0,0,0,2,0.48,0.4697,0.63,0.194,109,155,264
10964,2012-04-06,2,1,4,23,0,5,1,1,0.42,0.4242,0.3,0.2836,21,92,113
10941,2012-04-06,2,1,4,0,0,5,1,1,0.4,0.4091,0.43,0,12,49,61
12704,2012-06-18,2,1,6,12,0,1,1,3,0.56,0.5303,0.78,0.1343,29,139,168
9003,2012-01-15,1,1,1,23,0,0,0,1,0.16,0.197,0.43,0.0896,3,26,29
12243,2012-05-30,2,1,5,7,0,3,1,3,0.6,0.5758,0.78,0.194,14,469,483
3315,2011-05-23,2,0,5,0,0,1,1,2,0.56,0.5303,0.88,0.1343,23,18,41
17041,2012-12-17,4,1,12,19,0,1,1,2,0.42,0.4242,0.88,0.1343,7,333,340
3480,2011-05-29,2,0,5,21,0,0,0,1,0.68,0.6364,0.83,0.1642,107,122,229
15982,2012-11-03,4,1,11,14,0,6,0,2,0.36,0.3333,0.5,0.3284,136,319,455
6661,2011-10-10,4,0,10,2,1,1,0,1,0.48,0.4697,0.88,0,4,15,19
1091,2011-02-18,1,0,2,4,0,5,1,1,0.46,0.4545,0.67,0.2537,0,1,1
5285,2011-08-13,3,0,8,2,0,6,0,1,0.68,0.6364,0.57,0,16,58,74
3708,2011-06-08,2,0,6,9,0,3,1,1,0.76,0.7121,0.58,0.1642,34,168,202
15812,2012-10-26,4,1,10,0,0,5,1,2,0.54,0.5152,0.77,0,6,65,71
5332,2011-08-15,3,0,8,1,0,1,1,2,0.6,0.5455,0.88,0.1343,1,9,10
3442,2011-05-28,2,0,5,7,0,6,0,1,0.6,0.5606,0.83,0.2537,17,33,50
9052,2012-01-18,1,1,1,1,0,3,1,2,0.46,0.4545,0.77,0.3284,0,10,10
9923,2012-02-23,1,1,2,11,0,4,1,1,0.48,0.4697,0.48,0.2836,54,128,182
9692,2012-02-13,1,1,2,18,0,1,1,1,0.34,0.3182,0.25,0.2537,6,399,405
10057,2012-02-29,1,1,2,1,0,3,1,1,0.32,0.3333,0.49,0.1045,0,6,6
8065,2011-12-07,4,0,12,16,0,3,1,3,0.42,0.4242,0.94,0.194,3,28,31
2215,2011-04-07,2,0,4,3,0,4,1,1,0.36,0.3485,0.66,0.194,0,3,3
6561,2011-10-05,4,0,10,22,0,3,1,1,0.52,0.5,0.72,0,20,134,154
13221,2012-07-10,3,1,7,1,0,2,1,1,0.7,0.6667,0.74,0.1343,0,15,15
3324,2011-05-23,2,0,5,9,0,1,1,1,0.6,0.5455,0.88,0.2239,36,131,167
5901,2011-09-08,3,0,9,9,0,4,1,2,0.62,0.5152,1,0.2537,4,65,69
15695,2012-10-21,4,1,10,3,0,0,0,1,0.38,0.3939,0.66,0.0896,12,29,41
13818,2012-08-03,3,1,8,22,0,5,1,1,0.76,0.7273,0.7,0.2537,46,156,202
13403,2012-07-17,3,1,7,15,0,2,1,1,0.92,0.8182,0.31,0.1642,57,187,244
6875,2011-10-19,4,0,10,0,0,3,1,2,0.52,0.5,0.77,0.194,11,23,34
14368,2012-08-26,3,1,8,20,0,0,0,1,0.64,0.5758,0.89,0.1642,40,171,211
7164,2011-10-31,4,0,10,2,0,1,1,1,0.24,0.2879,0.87,0,0,3,3
12788,2012-06-22,3,1,6,0,0,5,1,2,0.76,0.7273,0.7,0.1045,16,77,93
6858,2011-10-18,4,0,10,7,0,2,1,1,0.46,0.4545,0.88,0.0896,15,326,341
602,2011-01-28,1,0,1,7,0,5,1,2,0.16,0.197,0.86,0.0896,2,58,60
10797,2012-03-30,2,1,3,23,0,5,1,1,0.36,0.3788,0.71,0,16,107,123
12557,2012-06-12,2,1,6,9,0,2,1,2,0.64,0.5758,0.89,0.2836,31,254,285
8815,2012-01-08,1,1,1,2,0,0,0,1,0.36,0.3333,0.37,0.2836,10,57,67
15179,2012-09-29,4,1,9,15,0,6,0,1,0.6,0.6212,0.43,0.2537,271,456,727
2584,2011-04-22,2,0,4,13,0,5,1,3,0.34,0.3333,0.87,0.194,3,37,40
14275,2012-08-22,3,1,8,23,0,3,1,1,0.64,0.5758,0.83,0,27,113,140
11106,2012-04-12,2,1,4,22,0,4,1,1,0.42,0.4242,0.35,0.194,15,143,158
14122,2012-08-16,3,1,8,14,0,4,1,1,0.82,0.7121,0.32,0,72,176,248
4644,2011-07-17,3,0,7,9,0,0,0,1,0.72,0.6667,0.58,0.2239,74,110,184
4202,2011-06-28,3,0,6,23,0,2,1,1,0.7,0.6515,0.7,0.2836,23,58,81
12762,2012-06-20,2,1,6,22,0,3,1,1,0.82,0.7576,0.46,0.1045,31,226,257
10260,2012-03-08,1,1,3,13,0,4,1,2,0.6,0.6212,0.49,0.6418,35,198,233
12355,2012-06-03,2,1,6,23,0,0,0,1,0.58,0.5455,0.53,0.1045,26,82,108
11147,2012-04-14,2,1,4,15,0,6,0,2,0.64,0.6212,0.27,0.3582,311,347,658
8603,2011-12-30,1,0,12,5,0,5,1,1,0.22,0.2576,0.75,0.0896,0,10,10
14293,2012-08-23,3,1,8,17,0,4,1,1,0.76,0.6818,0.45,0.2239,111,709,820
11032,2012-04-09,2,1,4,19,0,1,1,1,0.52,0.5,0.34,0.3582,35,386,421
9480,2012-02-04,1,1,2,21,0,6,0,3,0.24,0.2424,0.93,0.1343,4,74,78
6704,2011-10-11,4,0,10,21,0,2,1,2,0.58,0.5455,0.78,0.194,17,158,175
2203,2011-04-06,2,0,4,15,0,3,1,1,0.52,0.5,0.32,0.3284,34,83,117
6432,2011-09-30,4,0,9,13,0,5,1,2,0.66,0.6212,0.47,0.3284,72,194,266
2128,2011-04-03,2,0,4,12,0,0,0,1,0.44,0.4394,0.38,0.2836,166,147,313
5865,2011-09-06,3,0,9,20,0,2,1,3,0.54,0.5152,0.88,0.2985,13,150,163
10039,2012-02-28,1,1,2,7,0,2,1,1,0.28,0.2576,0.45,0.2985,12,313,325
9951,2012-02-24,1,1,2,15,0,5,1,3,0.4,0.4091,0.87,0.194,11,83,94
440,2011-01-20,1,0,1,8,0,4,1,1,0.22,0.2121,0.55,0.2836,2,247,249
13090,2012-07-04,3,1,7,14,1,3,0,1,0.9,0.8182,0.37,0.1642,190,357,547
12031,2012-05-21,2,1,5,11,0,1,1,2,0.6,0.5606,0.83,0.1642,24,82,106
14319,2012-08-24,3,1,8,19,0,5,1,2,0.72,0.6667,0.58,0.1642,106,430,536
7541,2011-11-15,4,0,11,19,0,2,1,2,0.5,0.4848,0.72,0.3582,27,259,286
7657,2011-11-20,4,0,11,15,0,0,0,2,0.52,0.5,0.68,0.194,109,242,351
15357,2012-10-07,4,1,10,1,0,0,0,1,0.44,0.4394,0.54,0.2239,29,80,109
8197,2011-12-13,4,0,12,4,0,2,1,1,0.2,0.2576,0.8,0,0,4,4
15937,2012-11-01,4,1,11,17,0,4,1,3,0.4,0.4091,0.5,0.2239,37,652,689
7488,2011-11-13,4,0,11,14,0,0,0,2,0.54,0.5152,0.28,0.4925,108,263,371
340,2011-01-15,1,0,1,15,0,6,0,2,0.32,0.3182,0.36,0.194,21,108,129
13721,2012-07-30,3,1,7,21,0,1,1,1,0.72,0.6818,0.7,0.194,71,251,322
16461,2012-11-23,4,1,11,14,0,5,1,1,0.5,0.4848,0.36,0.2537,240,195,435
3078,2011-05-13,2,0,5,3,0,5,1,2,0.5,0.4848,0.88,0.1343,2,2,4
9133,2012-01-21,1,1,1,10,0,6,0,3,0.16,0.1515,0.93,0.2537,0,45,45
3546,2011-06-01,2,0,6,15,0,3,1,1,0.9,0.8333,0.39,0.2985,25,127,152
2484,2011-04-18,2,0,4,9,0,1,1,2,0.5,0.4848,0.55,0.1045,37,132,169
15242,2012-10-02,4,1,10,6,0,2,1,3,0.58,0.5455,0.83,0.1045,3,176,179
1625,2011-03-13,1,0,3,5,0,0,0,1,0.36,0.3485,0.62,0.1343,0,3,3
14953,2012-09-20,3,1,9,5,0,4,1,1,0.44,0.4394,0.77,0.1045,4,52,56
16163,2012-11-11,4,1,11,4,0,0,0,1,0.32,0.3333,0.81,0.1045,5,6,11
15717,2012-10-22,4,1,10,1,0,1,1,1,0.4,0.4091,0.71,0,0,11,11
904,2011-02-10,1,0,2,4,0,4,1,2,0.14,0.1364,0.59,0.2239,0,1,1
17326,2012-12-29,1,1,12,18,0,6,0,1,0.3,0.2424,0.7,0.194,8,102,110
9149,2012-01-22,1,1,1,2,0,0,0,2,0.18,0.1667,0.74,0.2836,1,46,47
5279,2011-08-12,3,0,8,20,0,5,1,1,0.72,0.6515,0.42,0.2239,77,210,287
13362,2012-07-15,3,1,7,22,0,0,0,1,0.72,0.697,0.74,0.1045,34,96,130
14457,2012-08-30,3,1,8,13,0,4,1,1,0.76,0.6818,0.48,0.1045,76,214,290
16375,2012-11-20,4,1,11,0,0,2,1,1,0.32,0.3333,0.7,0.1343,3,26,29
6378,2011-09-28,4,0,9,7,0,3,1,3,0.6,0.5152,0.94,0.1642,8,177,185
8959,2012-01-14,1,1,1,3,0,6,0,1,0.14,0.1667,0.54,0.1045,6,14,20
367,2011-01-16,1,0,1,18,0,0,0,1,0.2,0.2121,0.4,0.1642,11,56,67
16344,2012-11-18,4,1,11,17,0,0,0,2,0.38,0.3939,0.66,0.2537,48,232,280
4861,2011-07-26,3,0,7,10,0,2,1,1,0.8,0.697,0.31,0.2239,42,96,138
6864,2011-10-18,4,0,10,13,0,2,1,2,0.64,0.6212,0.38,0.194,48,171,219
2951,2011-05-07,2,0,5,20,0,6,0,1,0.56,0.5303,0.43,0.1343,82,137,219
17253,2012-12-26,1,1,12,17,0,3,1,3,0.26,0.2273,0.93,0.3582,2,51,53
8905,2012-01-11,1,1,1,21,0,3,1,3,0.34,0.3182,0.87,0.2239,0,29,29
484,2011-01-22,1,0,1,4,0,6,0,2,0.02,0.0152,0.48,0.2985,0,3,3
7655,2011-11-20,4,0,11,13,0,0,0,2,0.54,0.5152,0.6,0.194,84,285,369
15515,2012-10-13,4,1,10,15,0,6,0,1,0.5,0.4848,0.36,0.194,251,364,615
13035,2012-07-02,3,1,7,7,0,1,1,1,0.74,0.6667,0.51,0.1045,8,390,398
10201,2012-03-06,1,1,3,2,0,2,1,1,0.2,0.197,0.44,0.2239,0,4,4
9986,2012-02-26,1,1,2,2,0,0,0,1,0.24,0.2121,0.44,0.3284,5,37,42
201,2011-01-09,1,0,1,15,0,0,0,1,0.22,0.197,0.35,0.3582,5,77,82
9633,2012-02-11,1,1,2,7,0,6,0,3,0.22,0.2273,0.93,0.1343,0,19,19
11177,2012-04-15,2,1,4,21,0,0,0,1,0.62,0.6212,0.57,0.2537,76,153,229
10099,2012-03-01,1,1,3,20,0,4,1,1,0.44,0.4394,0.44,0.4179,12,242,254
12029,2012-05-21,2,1,5,9,0,1,1,3,0.56,0.5303,0.88,0.2239,14,172,186
7223,2011-11-02,4,0,11,13,0,3,1,1,0.48,0.4697,0.48,0.1642,22,139,161
17090,2012-12-19,4,1,12,20,0,3,1,1,0.36,0.3485,0.57,0.2239,10,231,241
4329,2011-07-04,3,0,7,6,1,1,0,1,0.64,0.5758,0.89,0.1642,5,11,16
13802,2012-08-03,3,1,8,6,0,5,1,1,0.66,0.6061,0.83,0.2239,5,158,163
8887,2012-01-11,1,1,1,3,0,3,1,1,0.22,0.2727,0.8,0,0,4,4
10632,2012-03-24,2,1,3,2,0,6,0,1,0.54,0.5152,0.77,0.1045,14,55,69
13694,2012-07-29,3,1,7,18,0,0,0,1,0.8,0.7121,0.41,0.2985,117,302,419
10306,2012-03-10,1,1,3,11,0,6,0,1,0.3,0.2727,0.33,0.3284,56,218,274
7724,2011-11-23,4,0,11,10,0,3,1,2,0.52,0.5,0.94,0.194,6,70,76
10253,2012-03-08,1,1,3,6,0,4,1,1,0.42,0.4242,0.77,0.2537,4,105,109
14746,2012-09-11,3,1,9,14,0,2,1,1,0.68,0.6212,0.3,0.0896,74,181,255
14221,2012-08-20,3,1,8,17,0,1,1,1,0.7,0.6515,0.58,0.2836,83,810,893
11958,2012-05-18,2,1,5,10,0,5,1,1,0.6,0.6212,0.46,0.1343,74,181,255
4489,2011-07-10,3,0,7,22,0,0,0,1,0.74,0.697,0.66,0.2239,56,87,143
86,2011-01-04,1,0,1,17,0,2,1,1,0.28,0.2727,0.48,0.2239,10,202,212
168,2011-01-08,1,0,1,6,0,6,0,2,0.16,0.1667,0.74,0.1642,0,2,2
9287,2012-01-27,1,1,1,20,0,5,1,1,0.34,0.303,0.53,0.3582,6,153,159
3015,2011-05-10,2,0,5,12,0,2,1,2,0.6,0.6212,0.38,0,47,170,217
1695,2011-03-16,1,0,3,6,0,3,1,2,0.3,0.3182,0.93,0.1045,1,30,31
10945,2012-04-06,2,1,4,4,0,5,1,1,0.34,0.3182,0.49,0.2537,2,3,5
11001,2012-04-08,2,1,4,12,0,0,0,1,0.54,0.5152,0.24,0.2537,198,259,457
5016,2011-08-01,3,0,8,21,0,1,1,1,0.7,0.6515,0.7,0.2537,42,178,220
14330,2012-08-25,3,1,8,6,0,6,0,2,0.64,0.5909,0.78,0.1642,5,25,30
1200,2011-02-23,1,0,2,0,0,3,1,1,0.14,0.1364,0.5,0.194,0,6,6
1784,2011-03-20,1,0,3,0,0,0,0,1,0.34,0.303,0.49,0.4179,7,33,40
9808,2012-02-18,1,1,2,14,0,6,0,1,0.44,0.4394,0.35,0.3582,183,244,427
8664,2012-01-01,1,1,1,18,0,0,0,3,0.46,0.4545,0.59,0.2537,25,81,106
16926,2012-12-13,4,1,12,0,0,4,1,2,0.28,0.2727,0.52,0.2239,1,31,32
17047,2012-12-18,4,1,12,1,0,2,1,2,0.44,0.4394,0.94,0.1343,0,15,15
9309,2012-01-28,1,1,1,18,0,6,0,1,0.42,0.4242,0.41,0.2239,40,201,241
1419,2011-03-04,1,0,3,9,0,5,1,1,0.22,0.2273,0.6,0.1343,12,138,150
14655,2012-09-07,3,1,9,19,0,5,1,1,0.74,0.6818,0.62,0.2836,70,498,568
1706,2011-03-16,1,0,3,17,0,3,1,2,0.44,0.4394,0.54,0.2985,37,216,253
8345,2011-12-19,4,0,12,8,0,1,1,1,0.2,0.197,0.75,0.194,8,389,397
47,2011-01-02,1,0,1,23,0,0,0,1,0.22,0.2273,0.47,0.1642,0,8,8
14530,2012-09-02,3,1,9,14,0,0,0,3,0.72,0.697,0.79,0.0896,249,208,457
7801,2011-11-26,4,0,11,15,0,6,0,2,0.5,0.4848,0.42,0.1045,154,160,314
6400,2011-09-29,4,0,9,5,0,4,1,2,0.6,0.5455,0.88,0.1045,0,22,22
5387,2011-08-17,3,0,8,8,0,3,1,1,0.7,0.6515,0.54,0.1642,35,452,487
7409,2011-11-10,4,0,11,7,0,4,1,2,0.38,0.3939,0.94,0.1642,6,266,272
6097,2011-09-16,3,0,9,14,0,5,1,2,0.54,0.5152,0.45,0.1642,49,176,225
4345,2011-07-04,3,0,7,22,1,1,0,2,0.74,0.6818,0.62,0.1343,115,211,326
14781,2012-09-13,3,1,9,1,0,4,1,1,0.54,0.5152,0.77,0.0896,6,22,28
1523,2011-03-08,1,0,3,19,0,2,1,1,0.34,0.3485,0.31,0.1045,9,141,150
11190,2012-04-16,2,1,4,10,1,1,0,1,0.62,0.6061,0.69,0.2537,75,149,224
12713,2012-06-18,2,1,6,21,0,1,1,2,0.62,0.5909,0.73,0.1045,35,238,273
5562,2011-08-24,3,0,8,15,0,3,1,1,0.76,0.6818,0.48,0.4478,63,141,204
305,2011-01-14,1,0,1,3,0,5,1,1,0.1,0.1364,0.54,0.1045,0,1,1
15997,2012-11-04,4,1,11,5,0,0,0,1,0.26,0.2727,0.65,0.1045,0,5,5
1079,2011-02-17,1,0,2,16,0,4,1,2,0.56,0.5303,0.35,0.2985,29,117,146
421,2011-01-19,1,0,1,13,0,3,1,1,0.4,0.4091,0.62,0.2836,11,67,78
6917,2011-10-20,4,0,10,19,0,4,1,1,0.46,0.4545,0.51,0.3582,20,278,298
128,2011-01-06,1,0,1,13,0,4,1,1,0.26,0.2727,0.35,0.1045,12,55,67
11148,2012-04-14,2,1,4,16,0,6,0,2,0.64,0.6212,0.27,0.3582,253,329,582
625,2011-01-29,1,0,1,7,0,6,0,1,0.16,0.1818,0.59,0.1045,1,4,5
15467,2012-10-11,4,1,10,15,0,4,1,1,0.52,0.5,0.34,0.1642,102,358,460
13588,2012-07-25,3,1,7,8,0,3,1,1,0.7,0.6364,0.42,0.2537,43,745,788
4231,2011-06-30,3,0,6,4,0,4,1,1,0.58,0.5455,0.64,0.1343,2,4,6
16086,2012-11-07,4,1,11,22,0,3,1,3,0.3,0.2879,0.56,0.2537,4,56,60
10114,2012-03-02,1,1,3,11,0,5,1,1,0.38,0.3939,0.46,0.194,40,154,194
6436,2011-09-30,4,0,9,17,0,5,1,1,0.62,0.6212,0.53,0.194,94,497,591
16229,2012-11-13,4,1,11,22,0,2,1,1,0.26,0.2273,0.56,0.3284,15,120,135
5679,2011-08-30,3,0,8,1,0,2,1,1,0.56,0.5303,0.68,0.1045,6,7,13
730,2011-02-02,1,0,2,18,0,3,1,1,0.34,0.2879,0.42,0.5522,7,175,182
6542,2011-10-05,4,0,10,3,0,3,1,1,0.46,0.4545,0.82,0.1045,1,5,6
4099,2011-06-24,3,0,6,16,0,5,1,1,0.8,0.697,0.33,0.4179,80,247,327
14831,2012-09-15,3,1,9,3,0,6,0,1,0.6,0.5909,0.73,0.2537,6,31,37
13498,2012-07-21,3,1,7,14,0,6,0,2,0.6,0.5455,0.88,0.2537,121,222,343
15004,2012-09-22,3,1,9,8,0,6,0,1,0.6,0.5909,0.73,0.2985,21,197,218
15656,2012-10-19,4,1,10,12,0,5,1,1,0.64,0.6061,0.69,0.2239,74,258,332
426,2011-01-19,1,0,1,18,0,3,1,1,0.34,0.3182,0.61,0.2836,5,156,161
10621,2012-03-23,2,1,3,15,0,5,1,2,0.72,0.6515,0.42,0.1343,191,281,472
16796,2012-12-07,4,1,12,14,0,5,1,2,0.36,0.3485,0.71,0.1642,40,175,215
15663,2012-10-19,4,1,10,19,0,5,1,1,0.54,0.5152,0.88,0.1642,19,213,232
14622,2012-09-06,3,1,9,10,0,4,1,3,0.66,0.5909,0.94,0.1343,9,40,49
13291,2012-07-12,3,1,7,23,0,4,1,2,0.7,0.6515,0.51,0.2239,33,178,211
8607,2011-12-30,1,0,12,9,0,5,1,1,0.26,0.303,0.75,0,19,175,194
15571,2012-10-15,4,1,10,23,0,1,1,1,0.46,0.4545,0.63,0.2239,9,72,81
7021,2011-10-25,4,0,10,3,0,2,1,1,0.4,0.4091,0.87,0,1,3,4
6648,2011-10-09,4,0,10,13,0,0,0,1,0.66,0.6212,0.44,0.0896,225,193,418
7198,2011-11-01,4,0,11,12,0,2,1,1,0.5,0.4848,0.48,0.0896,23,153,176
15301,2012-10-04,4,1,10,17,0,4,1,1,0.7,0.6515,0.51,0.2239,112,789,901
2175,2011-04-05,2,0,4,11,0,2,1,3,0.32,0.2879,0.81,0.4478,1,18,19
2276,2011-04-09,2,0,4,16,0,6,0,2,0.38,0.3939,0.82,0,73,118,191
382,2011-01-17,1,0,1,9,1,1,0,2,0.16,0.1515,0.47,0.2239,8,39,47
4951,2011-07-30,3,0,7,4,0,6,0,1,0.72,0.6818,0.66,0.1642,4,6,10
16165,2012-11-11,4,1,11,6,0,0,0,1,0.3,0.3182,0.87,0.0896,3,16,19
2535,2011-04-20,2,0,4,12,0,3,1,1,0.7,0.6515,0.48,0.3881,28,117,145
5027,2011-08-02,3,0,8,8,0,2,1,1,0.74,0.6818,0.58,0.2836,37,398,435
14699,2012-09-09,3,1,9,15,0,0,0,1,0.72,0.6515,0.32,0.2537,284,412,696
1721,2011-03-17,1,0,3,8,0,4,1,1,0.36,0.3485,0.66,0.1343,17,282,299
3211,2011-05-18,2,0,5,16,0,3,1,1,0.6,0.5909,0.73,0.194,53,241,294
12751,2012-06-20,2,1,6,11,0,3,1,1,0.84,0.7879,0.49,0.194,54,134,188
7901,2011-11-30,4,0,11,20,0,3,1,2,0.32,0.303,0.57,0.2836,6,184,190
10467,2012-03-17,1,1,3,5,0,6,0,2,0.42,0.4242,0.94,0.0896,5,3,8
9528,2012-02-06,1,1,2,22,0,1,1,1,0.3,0.303,0.65,0.1343,4,83,87
3483,2011-05-30,2,0,5,0,1,1,0,1,0.64,0.5606,0.94,0.194,38,65,103
4116,2011-06-25,3,0,6,9,0,6,0,1,0.72,0.6515,0.45,0.2537,47,139,186
9759,2012-02-16,1,1,2,13,0,4,1,3,0.34,0.3182,0.71,0.2537,2,62,64
3705,2011-06-08,2,0,6,6,0,3,1,1,0.64,0.5758,0.89,0.1343,13,103,116
12941,2012-06-28,3,1,6,9,0,4,1,1,0.7,0.6515,0.54,0.1642,33,318,351
7199,2011-11-01,4,0,11,13,0,2,1,1,0.48,0.4697,0.55,0.194,20,147,167
12757,2012-06-20,2,1,6,17,0,3,1,1,0.9,0.8182,0.37,0,80,611,691
15264,2012-10-03,4,1,10,4,0,3,1,2,0.6,0.5,1,0,2,9,11
11801,2012-05-11,2,1,5,21,0,5,1,1,0.6,0.6061,0.28,0.1045,45,225,270
7577,2011-11-17,4,0,11,7,0,4,1,3,0.34,0.3182,0.61,0.2836,4,164,168
6922,2011-10-21,4,0,10,0,0,5,1,1,0.4,0.4091,0.62,0.2537,8,42,50
8785,2012-01-06,1,1,1,20,0,5,1,1,0.42,0.4242,0.41,0.194,14,163,177
8423,2011-12-22,1,0,12,14,0,4,1,2,0.46,0.4545,0.63,0,23,136,159
14691,2012-09-09,3,1,9,7,0,0,0,1,0.54,0.5152,0.73,0.1642,20,50,70
10317,2012-03-10,1,1,3,22,0,6,0,1,0.26,0.2576,0.44,0.1642,19,81,100
6190,2011-09-20,3,0,9,11,0,2,1,3,0.56,0.5303,0.88,0.1642,8,48,56
9970,2012-02-25,1,1,2,10,0,6,0,1,0.26,0.2273,0.6,0.3582,24,159,183
4788,2011-07-23,3,0,7,9,0,6,0,1,0.84,0.7879,0.49,0.1642,30,102,132
12886,2012-06-26,3,1,6,2,0,2,1,1,0.56,0.5303,0.43,0.2836,2,7,9
12075,2012-05-23,2,1,5,7,0,3,1,1,0.58,0.5455,0.83,0,16,452,468
9395,2012-02-01,1,1,2,8,0,3,1,3,0.36,0.3636,0.73,0.1045,15,505,520
4124,2011-06-25,3,0,6,17,0,6,0,1,0.74,0.6667,0.42,0.2239,152,247,399
3394,2011-05-26,2,0,5,7,0,4,1,2,0.62,0.5455,0.94,0.2537,16,270,286
11644,2012-05-05,2,1,5,8,0,6,0,1,0.58,0.5455,0.83,0.0896,42,155,197
12709,2012-06-18,2,1,6,17,0,1,1,2,0.6,0.5909,0.73,0.194,54,669,723
13827,2012-08-04,3,1,8,7,0,6,0,1,0.72,0.697,0.77,0.1642,18,49,67
12280,2012-05-31,2,1,5,20,0,4,1,1,0.68,0.6364,0.44,0.1642,88,391,479
14565,2012-09-04,3,1,9,1,0,2,1,1,0.68,0.6364,0.82,0.1343,15,9,24
5439,2011-08-19,3,0,8,12,0,5,1,2,0.74,0.6818,0.62,0.0896,54,168,222
1715,2011-03-17,1,0,3,2,0,4,1,1,0.34,0.303,0.71,0.2985,3,5,8
16838,2012-12-09,4,1,12,8,0,0,0,3,0.4,0.4091,0.87,0.1642,1,68,69
14282,2012-08-23,3,1,8,6,0,4,1,2,0.6,0.5455,0.88,0.0896,14,178,192
5803,2011-09-04,3,0,9,5,0,0,0,1,0.64,0.5758,0.83,0.1343,1,5,6
8324,2011-12-18,4,0,12,11,0,0,0,2,0.24,0.2273,0.6,0.2239,20,168,188
16056,2012-11-06,4,1,11,16,0,2,1,1,0.34,0.3333,0.46,0.1642,33,369,402
10883,2012-04-03,2,1,4,14,0,2,1,1,0.56,0.5303,0.21,0.2239,120,191,311
8642,2011-12-31,1,0,12,20,0,6,0,1,0.42,0.4242,0.54,0.2239,8,63,71
10576,2012-03-21,2,1,3,18,0,3,1,1,0.6,0.5909,0.69,0,152,627,779
10766,2012-03-29,2,1,3,16,0,4,1,1,0.52,0.5,0.36,0.3284,67,321,388
15595,2012-10-16,4,1,10,23,0,2,1,1,0.4,0.4091,0.71,0,23,176,199
1277,2011-02-26,1,0,2,8,0,6,0,2,0.24,0.2879,0.6,0,2,55,57
903,2011-02-10,1,0,2,2,0,4,1,3,0.14,0.1515,0.8,0.1343,0,3,3
6142,2011-09-18,3,0,9,11,0,0,0,1,0.52,0.5,0.68,0.2239,116,201,317
10300,2012-03-10,1,1,3,5,0,6,0,1,0.22,0.2121,0.42,0.2836,3,7,10
104,2011-01-05,1,0,1,12,0,3,1,1,0.26,0.2273,0.33,0.3284,5,74,79
4399,2011-07-07,3,0,7,4,0,4,1,1,0.64,0.5758,0.89,0.1045,0,4,4
11007,2012-04-08,2,1,4,18,0,0,0,1,0.62,0.6061,0.25,0.3284,151,159,310
2070,2011-04-01,2,0,4,2,0,5,1,3,0.26,0.2576,0.93,0.194,0,7,7
5432,2011-08-19,3,0,8,5,0,5,1,1,0.64,0.5758,0.83,0,1,16,17
4120,2011-06-25,3,0,6,13,0,6,0,1,0.74,0.6515,0.4,0.2836,140,231,371
7133,2011-10-29,4,0,10,19,0,6,0,1,0.24,0.2121,0.87,0.3582,3,36,39
11352,2012-04-23,2,1,4,4,0,1,1,3,0.3,0.2879,0.81,0.2836,0,3,3
6026,2011-09-13,3,0,9,15,0,2,1,1,0.74,0.6667,0.51,0.2985,35,145,180
2859,2011-05-04,2,0,5,0,0,3,1,3,0.52,0.5,0.77,0.1642,5,22,27
7079,2011-10-27,4,0,10,13,0,4,1,2,0.5,0.4848,0.88,0.1642,10,64,74
15856,2012-10-27,4,1,10,20,0,6,0,2,0.52,0.5,0.72,0.2239,58,238,296
16874,2012-12-10,4,1,12,20,0,1,1,1,0.46,0.4545,0.88,0.2537,13,287,300
8095,2011-12-08,4,0,12,22,0,4,1,1,0.26,0.2727,0.65,0.1343,8,84,92
14940,2012-09-19,3,1,9,16,0,3,1,1,0.62,0.6212,0.35,0,69,397,466
12826,2012-06-23,3,1,6,14,0,6,0,1,0.78,0.6818,0.33,0.2537,238,371,609
1694,2011-03-16,1,0,3,5,0,3,1,2,0.3,0.3182,0.93,0.1045,0,3,3
6602,2011-10-07,4,0,10,15,0,5,1,1,0.66,0.6212,0.41,0,68,202,270
4027,2011-06-21,3,0,6,16,0,2,1,1,0.8,0.7727,0.59,0.2239,62,273,335
15927,2012-11-01,4,1,11,7,0,4,1,2,0.36,0.3485,0.57,0.1642,6,414,420
14188,2012-08-19,3,1,8,8,0,0,0,2,0.64,0.6061,0.69,0.1045,34,90,124
5643,2011-08-28,3,0,8,13,0,0,0,1,0.76,0.6818,0.45,0.3582,129,302,431
9501,2012-02-05,1,1,2,18,0,0,0,1,0.3,0.2879,0.52,0.2537,10,171,181
1770,2011-03-19,1,0,3,10,0,6,0,1,0.44,0.4394,0.38,0.4179,55,85,140
9925,2012-02-23,1,1,2,13,0,4,1,1,0.52,0.5,0.39,0.194,30,188,218
6619,2011-10-08,4,0,10,8,0,6,0,1,0.46,0.4545,0.82,0,14,89,103
12649,2012-06-16,2,1,6,5,0,6,0,1,0.54,0.5152,0.68,0.1045,2,21,23
5763,2011-09-02,3,0,9,13,0,5,1,2,0.68,0.6364,0.65,0.1343,72,207,279
7230,2011-11-02,4,0,11,20,0,3,1,1,0.4,0.4091,0.66,0.1343,5,177,182
11122,2012-04-13,2,1,4,14,0,5,1,1,0.52,0.5,0.27,0,125,223,348
13851,2012-08-05,3,1,8,7,0,0,0,1,0.74,0.7121,0.74,0.2985,18,50,68
7239,2011-11-03,4,0,11,5,0,4,1,1,0.32,0.3333,0.81,0.1343,1,27,28
12452,2012-06-08,2,1,6,0,0,5,1,1,0.56,0.5303,0.56,0.1642,18,59,77
14643,2012-09-07,3,1,9,7,0,5,1,1,0.64,0.5758,0.89,0.1045,21,465,486
12986,2012-06-30,3,1,6,6,0,6,0,1,0.64,0.5758,0.89,0.1642,6,36,42
10329,2012-03-11,1,1,3,11,0,0,0,1,0.36,0.3333,0.43,0.2836,90,209,299
1837,2011-03-22,2,0,3,6,0,2,1,1,0.4,0.4091,0.87,0.2537,2,58,60
6455,2011-10-01,4,0,10,12,0,6,0,2,0.4,0.4091,0.82,0.2537,28,130,158
9085,2012-01-19,1,1,1,10,0,4,1,1,0.14,0.2121,0.59,0,10,98,108
16751,2012-12-05,4,1,12,17,0,3,1,1,0.44,0.4394,0.35,0.2836,29,576,605
11622,2012-05-04,2,1,5,10,0,5,1,2,0.62,0.5909,0.73,0.1343,45,154,199
9192,2012-01-23,1,1,1,21,0,1,1,2,0.26,0.2424,1,0.2836,8,112,120
4789,2011-07-23,3,0,7,10,0,6,0,1,0.86,0.7879,0.41,0.2239,61,137,198
4316,2011-07-03,3,0,7,17,0,0,0,3,0.8,0.7424,0.49,0.8507,181,177,358
14466,2012-08-30,3,1,8,22,0,4,1,1,0.7,0.6515,0.7,0,38,253,291
3070,2011-05-12,2,0,5,19,0,4,1,2,0.6,0.6061,0.64,0.194,59,305,364
12741,2012-06-20,2,1,6,1,0,3,1,1,0.68,0.6364,0.79,0.194,7,20,27
7222,2011-11-02,4,0,11,12,0,3,1,1,0.46,0.4545,0.55,0.1642,32,157,189
12312,2012-06-02,2,1,6,4,0,6,0,1,0.54,0.5152,0.68,0.2836,2,11,13
3289,2011-05-21,2,0,5,22,0,6,0,1,0.6,0.5909,0.69,0.1343,78,126,204
13421,2012-07-18,3,1,7,9,0,3,1,1,0.82,0.7879,0.56,0,44,253,297
16866,2012-12-10,4,1,12,12,0,1,1,3,0.44,0.4394,1,0.2239,23,150,173
6000,2011-09-12,3,0,9,13,0,1,1,1,0.72,0.6667,0.54,0.1045,43,120,163
13210,2012-07-09,3,1,7,14,0,1,1,2,0.74,0.6818,0.55,0.2537,58,184,242
14191,2012-08-19,3,1,8,11,0,0,0,3,0.64,0.5909,0.78,0.1642,83,189,272
10951,2012-04-06,2,1,4,10,0,5,1,1,0.36,0.3333,0.4,0.3284,81,157,238
10712,2012-03-27,2,1,3,10,0,2,1,1,0.26,0.2576,0.35,0.2239,20,118,138
8471,2011-12-24,1,0,12,14,0,6,0,1,0.34,0.303,0.39,0.2985,15,70,85
352,2011-01-16,1,0,1,3,0,0,0,1,0.22,0.2727,0.69,0,9,6,15
11663,2012-05-06,2,1,5,3,0,0,0,2,0.54,0.5152,0.83,0.194,9,19,28
16387,2012-11-20,4,1,11,12,0,2,1,2,0.42,0.4242,0.67,0,70,243,313
2088,2011-04-01,2,0,4,20,0,5,1,1,0.32,0.3182,0.53,0.194,2,75,77
6691,2011-10-11,4,0,10,8,0,2,1,2,0.56,0.5303,0.83,0.1045,31,375,406
16467,2012-11-23,4,1,11,20,0,5,1,1,0.46,0.4545,0.41,0.0896,42,100,142
10430,2012-03-15,1,1,3,16,0,4,1,1,0.72,0.6515,0.37,0.3881,95,331,426
3195,2011-05-18,2,0,5,0,0,3,1,2,0.54,0.5152,0.88,0.2239,8,15,23
13441,2012-07-19,3,1,7,5,0,4,1,2,0.72,0.6818,0.7,0.1045,5,35,40
13679,2012-07-29,3,1,7,3,0,0,0,1,0.66,0.6212,0.69,0.2239,18,37,55
6316,2011-09-25,4,0,9,17,0,0,0,1,0.68,0.6364,0.74,0,145,275,420
10142,2012-03-03,1,1,3,15,0,6,0,1,0.48,0.4697,0.29,0.2985,145,254,399
1065,2011-02-17,1,0,2,2,0,4,1,2,0.34,0.3182,0.53,0.2239,2,4,6
13380,2012-07-16,3,1,7,16,0,1,1,3,0.76,0.7273,0.66,0.5821,77,309,386
5116,2011-08-06,3,0,8,1,0,6,0,1,0.66,0.6061,0.78,0.1642,17,50,67
3270,2011-05-21,2,0,5,3,0,6,0,1,0.48,0.4697,0.82,0.1045,7,12,19
9981,2012-02-25,1,1,2,21,0,6,0,1,0.24,0.2121,0.35,0.3284,5,80,85
6931,2011-10-21,4,0,10,9,0,5,1,2,0.42,0.4242,0.58,0.1343,33,189,222
10672,2012-03-25,2,1,3,18,0,0,0,1,0.5,0.4848,0.72,0.0896,202,289,491
564,2011-01-25,1,0,1,16,0,2,1,2,0.32,0.3485,0.42,0,14,102,116
17145,2012-12-22,1,1,12,3,0,6,0,1,0.26,0.2121,0.48,0.4478,0,7,7
13841,2012-08-04,3,1,8,21,0,6,0,1,0.8,0.7727,0.59,0.2537,96,193,289
3222,2011-05-19,2,0,5,3,0,4,1,1,0.48,0.4697,1,0,1,3,4
9626,2012-02-11,1,1,2,0,0,6,0,2,0.3,0.303,0.7,0.1343,3,50,53
9023,2012-01-16,1,1,1,19,1,1,0,1,0.26,0.2424,0.56,0.2836,10,134,144
14301,2012-08-24,3,1,8,1,0,5,1,2,0.64,0.6061,0.73,0,5,37,42
512,2011-01-23,1,0,1,10,0,0,0,1,0.14,0.1061,0.46,0.3881,7,51,58
9460,2012-02-04,1,1,2,1,0,6,0,1,0.26,0.2727,0.7,0.1045,0,43,43
16762,2012-12-06,4,1,12,4,0,4,1,1,0.22,0.2121,0.55,0.2985,1,8,9
3215,2011-05-18,2,0,5,20,0,3,1,3,0.56,0.5303,0.88,0.1343,24,189,213
2027,2011-03-30,2,0,3,7,0,3,1,2,0.32,0.3333,0.45,0.1045,8,128,136
1036,2011-02-15,1,0,2,20,0,2,1,1,0.26,0.2727,0.33,0.1045,3,98,101
5538,2011-08-23,3,0,8,15,0,2,1,1,0.72,0.6515,0.34,0.2239,178,423,601
3377,2011-05-25,2,0,5,14,0,3,1,1,0.74,0.6818,0.55,0.1642,47,121,168
11067,2012-04-11,2,1,4,7,0,3,1,1,0.28,0.2879,0.52,0.1343,18,303,321
5072,2011-08-04,3,0,8,5,0,4,1,2,0.68,0.6364,0.89,0,3,17,20
1319,2011-02-28,1,0,2,5,0,1,1,2,0.34,0.3636,0.93,0,1,4,5
15147,2012-09-28,4,1,9,7,0,5,1,2,0.56,0.5303,0.94,0,10,384,394
8760,2012-01-05,1,1,1,19,0,4,1,1,0.34,0.3485,0.34,0.0896,10,255,265
16309,2012-11-17,4,1,11,6,0,6,0,1,0.24,0.2273,0.7,0.2239,0,21,21
8737,2012-01-04,1,1,1,20,0,3,1,2,0.2,0.197,0.4,0.194,2,121,123
7310,2011-11-06,4,0,11,4,0,0,0,1,0.24,0.2879,0.87,0,0,6,6
17223,2012-12-25,1,1,12,11,1,2,0,1,0.3,0.3182,0.75,0.0896,43,43,86
7585,2011-11-17,4,0,11,15,0,4,1,2,0.34,0.303,0.49,0.4478,10,106,116
15415,2012-10-09,4,1,10,11,0,2,1,2,0.48,0.4697,0.69,0.194,37,156,193
16849,2012-12-09,4,1,12,19,0,0,0,3,0.38,0.3939,0.94,0.0896,12,110,122
13281,2012-07-12,3,1,7,13,0,4,1,1,0.8,0.697,0.33,0.2239,52,225,277
1154,2011-02-20,1,0,2,20,0,0,0,2,0.34,0.3636,0.42,0,12,30,42
11885,2012-05-15,2,1,5,9,0,2,1,2,0.58,0.5455,0.88,0.0896,28,327,355
11518,2012-04-30,2,1,4,2,0,1,1,1,0.42,0.4242,0.71,0.1343,3,5,8
252,2011-01-11,1,0,1,20,0,2,1,3,0.16,0.1515,0.93,0.194,0,32,32
5772,2011-09-02,3,0,9,22,0,5,1,2,0.64,0.6061,0.73,0.1642,33,114,147
10442,2012-03-16,1,1,3,4,0,5,1,2,0.4,0.4091,0.87,0.2537,0,3,3
11360,2012-04-23,2,1,4,12,0,1,1,3,0.34,0.303,0.71,0.3582,12,117,129
4751,2011-07-21,3,0,7,20,0,4,1,1,0.84,0.8939,0.71,0.2239,38,199,237
8910,2012-01-12,1,1,1,2,0,4,1,3,0.36,0.3485,0.93,0.2537,1,1,2
12340,2012-06-03,2,1,6,8,0,0,0,1,0.54,0.5152,0.6,0.0896,30,110,140
151,2011-01-07,1,0,1,13,0,5,1,2,0.2,0.1818,0.37,0.2836,9,64,73
10293,2012-03-09,1,1,3,22,0,5,1,1,0.34,0.2879,0.31,0.4925,7,100,107
11283,2012-04-20,2,1,4,7,0,5,1,1,0.42,0.4242,0.94,0,9,350,359
3469,2011-05-29,2,0,5,10,0,0,0,2,0.66,0.6061,0.83,0.2239,130,121,251
1536,2011-03-09,1,0,3,8,0,3,1,2,0.24,0.2424,0.87,0.1343,11,238,249
10689,2012-03-26,2,1,3,11,0,1,1,1,0.48,0.4697,0.31,0.5821,47,131,178
11966,2012-05-18,2,1,5,18,0,5,1,1,0.64,0.6212,0.38,0.2239,99,570,669
8181,2011-12-12,4,0,12,12,0,1,1,1,0.28,0.2879,0.52,0.1045,7,138,145
1278,2011-02-26,1,0,2,9,0,6,0,2,0.26,0.2576,0.56,0.1642,9,65,74
2158,2011-04-04,2,0,4,18,0,1,1,2,0.72,0.6364,0.23,0.4925,78,308,386
6088,2011-09-16,3,0,9,5,0,5,1,1,0.38,0.3939,0.76,0.194,2,30,32
9503,2012-02-05,1,1,2,20,0,0,0,1,0.28,0.2727,0.56,0.194,3,47,50
8024,2011-12-05,4,0,12,23,0,1,1,2,0.46,0.4545,0.88,0.1343,8,54,62
2496,2011-04-18,2,0,4,21,0,1,1,1,0.56,0.5303,0.37,0.2836,20,131,151
3782,2011-06-11,2,0,6,11,0,6,0,1,0.76,0.7121,0.62,0.1343,110,215,325
1373,2011-03-02,1,0,3,11,0,3,1,1,0.34,0.303,0.53,0.3284,8,65,73
7303,2011-11-05,4,0,11,21,0,6,0,1,0.32,0.3485,0.66,0,19,99,118
1684,2011-03-15,1,0,3,18,0,2,1,2,0.36,0.3333,0.62,0.2985,18,207,225
13136,2012-07-06,3,1,7,12,0,5,1,1,0.88,0.7576,0.28,0.1045,111,220,331
17021,2012-12-16,4,1,12,23,0,0,0,2,0.36,0.3485,0.93,0.1343,4,29,33
2575,2011-04-22,2,0,4,4,0,5,1,1,0.34,0.3182,0.53,0.2836,1,2,3
6490,2011-10-02,4,0,10,23,0,0,0,1,0.36,0.3636,0.81,0.0896,6,19,25
2880,2011-05-04,2,0,5,21,0,3,1,1,0.4,0.4091,0.62,0.1642,17,133,150
15983,2012-11-03,4,1,11,15,0,6,0,2,0.36,0.3182,0.46,0.4478,117,331,448
14580,2012-09-04,3,1,9,16,0,2,1,1,0.76,0.7273,0.7,0.4179,61,397,458
4334,2011-07-04,3,0,7,11,1,1,0,2,0.76,0.697,0.55,0.0896,177,172,349
4468,2011-07-10,3,0,7,1,0,0,0,1,0.7,0.6515,0.61,0.1343,19,94,113
8575,2011-12-29,1,0,12,1,0,4,1,1,0.22,0.2121,0.47,0.2239,0,15,15
16737,2012-12-05,4,1,12,3,0,3,1,1,0.48,0.4697,0.67,0.1343,0,7,7
12305,2012-06-01,2,1,6,21,0,5,1,3,0.64,0.5909,0.78,0.2537,12,73,85
17078,2012-12-19,4,1,12,8,0,3,1,1,0.24,0.2576,0.87,0.1045,13,665,678
12415,2012-06-06,2,1,6,11,0,3,1,1,0.62,0.6212,0.43,0.0896,65,161,226
10370,2012-03-13,1,1,3,4,0,2,1,2,0.46,0.4545,0.82,0.194,0,1,1
6988,2011-10-23,4,0,10,18,0,0,0,1,0.5,0.4848,0.63,0.1045,88,196,284
14678,2012-09-08,3,1,9,18,0,6,0,3,0.58,0.5455,0.83,0.1343,27,140,167
11521,2012-04-30,2,1,4,5,0,1,1,1,0.38,0.3939,0.62,0.2537,1,19,20
16514,2012-11-25,4,1,11,19,0,0,0,1,0.26,0.303,0.41,0,13,114,127
5509,2011-08-22,3,0,8,10,0,1,1,1,0.7,0.6515,0.48,0.2836,36,85,121
11967,2012-05-18,2,1,5,19,0,5,1,1,0.62,0.6212,0.41,0.194,91,392,483
5895,2011-09-08,3,0,9,3,0,4,1,3,0.62,0.5455,0.94,0,0,2,2
3403,2011-05-26,2,0,5,16,0,4,1,2,0.8,0.7424,0.49,0.3582,58,233,291
677,2011-01-31,1,0,1,12,0,1,1,2,0.18,0.2121,0.55,0.1045,6,62,68
8172,2011-12-12,4,0,12,3,0,1,1,1,0.18,0.2424,0.74,0,0,2,2
8458,2011-12-24,1,0,12,1,0,6,0,2,0.32,0.3485,0.66,0,1,15,16
1007,2011-02-14,1,0,2,14,0,1,1,1,0.6,0.5909,0.15,0.4925,14,76,90
11734,2012-05-09,2,1,5,2,0,3,1,3,0.56,0.5303,0.88,0.4478,0,1,1
14547,2012-09-03,3,1,9,7,1,1,0,1,0.68,0.6364,0.85,0,6,37,43
3657,2011-06-06,2,0,6,6,0,1,1,1,0.58,0.5455,0.88,0,11,101,112
16117,2012-11-09,4,1,11,6,0,5,1,1,0.26,0.2727,0.65,0.1045,5,126,131
15410,2012-10-09,4,1,10,6,0,2,1,2,0.38,0.3939,0.82,0.2537,2,141,143
16354,2012-11-19,4,1,11,3,0,1,1,2,0.36,0.3485,0.66,0.2239,0,2,2
5766,2011-09-02,3,0,9,16,0,5,1,2,0.7,0.6515,0.61,0.1343,82,299,381
1289,2011-02-26,1,0,2,20,0,6,0,1,0.3,0.303,0.56,0.1642,8,60,68
3887,2011-06-15,2,0,6,20,0,3,1,1,0.66,0.6212,0.44,0.1642,57,273,330
7099,2011-10-28,4,0,10,9,0,5,1,1,0.32,0.303,0.57,0.2239,19,210,229
14371,2012-08-26,3,1,8,23,0,0,0,1,0.62,0.5758,0.83,0.0896,21,59,80
12369,2012-06-04,2,1,6,13,0,1,1,1,0.64,0.6212,0.41,0.3582,85,189,274
12394,2012-06-05,2,1,6,14,0,2,1,2,0.58,0.5455,0.46,0.1642,82,194,276
12587,2012-06-13,2,1,6,15,0,3,1,1,0.72,0.6515,0.32,0.4925,65,216,281
2178,2011-04-05,2,0,4,14,0,2,1,2,0.36,0.3182,0.57,0.4925,9,67,76
4852,2011-07-26,3,0,7,1,0,2,1,1,0.7,0.6667,0.79,0.1045,6,6,12
6970,2011-10-23,4,0,10,0,0,0,0,1,0.36,0.3788,0.87,0,24,64,88
3945,2011-06-18,2,0,6,6,0,6,0,1,0.62,0.5758,0.83,0.1045,9,18,27
5413,2011-08-18,3,0,8,10,0,4,1,1,0.74,0.697,0.66,0.2537,37,92,129
13192,2012-07-08,3,1,7,20,0,0,0,1,0.76,0.7273,0.7,0.0896,79,206,285
11894,2012-05-15,2,1,5,18,0,2,1,1,0.7,0.6515,0.61,0.0896,68,665,733
14617,2012-09-06,3,1,9,5,0,4,1,2,0.7,0.6667,0.84,0.194,3,35,38
13252,2012-07-11,3,1,7,8,0,3,1,2,0.68,0.6364,0.79,0.1642,30,644,674
4931,2011-07-29,3,0,7,8,0,5,1,2,0.76,0.7727,0.77,0,30,354,384
11883,2012-05-15,2,1,5,7,0,2,1,3,0.56,0.5303,0.94,0.1343,1,91,92
15345,2012-10-06,4,1,10,13,0,6,0,2,0.64,0.6212,0.57,0.5224,310,400,710
10892,2012-04-03,2,1,4,23,0,2,1,1,0.5,0.4848,0.59,0,13,66,79
8761,2012-01-05,1,1,1,20,0,4,1,1,0.3,0.3333,0.49,0,5,172,177
17333,2012-12-30,1,1,12,1,0,0,0,2,0.26,0.2273,0.56,0.4179,1,27,28
8293,2011-12-17,4,0,12,4,0,6,0,1,0.24,0.2424,0.65,0.1642,0,9,9
1444,2011-03-05,1,0,3,10,0,6,0,2,0.34,0.3333,0.93,0.194,34,69,103
3423,2011-05-27,2,0,5,12,0,5,1,2,0.76,0.697,0.55,0.2985,53,190,243
14468,2012-08-31,3,1,8,0,0,5,1,1,0.68,0.6364,0.83,0.1642,13,69,82
11040,2012-04-10,2,1,4,3,0,2,1,1,0.36,0.3485,0.71,0.1343,0,2,2
9574,2012-02-08,1,1,2,20,0,3,1,3,0.24,0.2424,0.87,0.1343,3,122,125
11823,2012-05-12,2,1,5,19,0,6,0,2,0.64,0.6212,0.36,0.1642,166,273,439
2316,2011-04-11,2,0,4,9,0,1,1,2,0.56,0.5303,0.83,0.2836,33,132,165
6271,2011-09-23,4,0,9,20,0,5,1,1,0.6,0.5152,0.94,0,21,158,179
15661,2012-10-19,4,1,10,17,0,5,1,3,0.62,0.6061,0.69,0.3582,48,377,425
14158,2012-08-18,3,1,8,2,0,6,0,3,0.62,0.5606,0.88,0.1642,4,39,43
6249,2011-09-22,3,0,9,22,0,4,1,2,0.62,0.5152,1,0.0896,21,166,187
11545,2012-05-01,2,1,5,5,0,2,1,2,0.52,0.5,0.72,0.0896,0,17,17
467,2011-01-21,1,0,1,11,0,5,1,1,0.22,0.1818,0.41,0.4627,6,53,59
534,2011-01-24,1,0,1,9,0,1,1,1,0.06,0.1515,0.41,0,4,98,102
9274,2012-01-27,1,1,1,7,0,5,1,2,0.42,0.4242,1,0.2985,6,128,134
15058,2012-09-24,4,1,9,14,0,1,1,1,0.6,0.6061,0.28,0,77,226,303
6665,2011-10-10,4,0,10,6,1,1,0,1,0.44,0.4394,0.94,0,5,39,44
4635,2011-07-17,3,0,7,0,0,0,0,1,0.66,0.6212,0.65,0.2239,34,91,125
7882,2011-11-30,4,0,11,1,0,3,1,1,0.34,0.303,0.66,0.3284,0,8,8
12019,2012-05-20,2,1,5,23,0,0,0,3,0.6,0.5758,0.78,0.3582,32,54,86
16521,2012-11-26,4,1,11,2,0,1,1,1,0.2,0.2576,0.69,0,0,5,5
1714,2011-03-17,1,0,3,1,0,4,1,1,0.36,0.3485,0.71,0.2239,1,11,12
8695,2012-01-03,1,1,1,2,0,2,1,1,0.18,0.1667,0.51,0.2537,0,3,3
3590,2011-06-03,2,0,6,11,0,5,1,1,0.64,0.6212,0.31,0.3284,57,135,192
4707,2011-07-20,3,0,7,0,0,3,1,1,0.7,0.6667,0.84,0.1045,11,29,40
10304,2012-03-10,1,1,3,9,0,6,0,1,0.24,0.2121,0.41,0.3284,21,127,148
12645,2012-06-16,2,1,6,1,0,6,0,1,0.56,0.5303,0.56,0,16,79,95
3275,2011-05-21,2,0,5,8,0,6,0,1,0.56,0.5303,0.68,0.2836,29,97,126
639,2011-01-29,1,0,1,21,0,6,0,1,0.18,0.2121,0.74,0.0896,1,35,36
10586,2012-03-22,2,1,3,4,0,4,1,2,0.48,0.4697,1,0.0896,0,6,6
13623,2012-07-26,3,1,7,19,0,4,1,1,0.9,0.8636,0.45,0.3284,80,534,614
10445,2012-03-16,1,1,3,7,0,5,1,2,0.4,0.4091,0.87,0.194,13,265,278
15760,2012-10-23,4,1,10,20,0,2,1,1,0.58,0.5455,0.64,0.1343,45,334,379
11921,2012-05-16,2,1,5,21,0,3,1,1,0.64,0.6061,0.73,0.194,63,330,393
15898,2012-10-31,4,1,10,2,0,3,1,2,0.3,0.303,0.81,0.1343,0,7,7
7320,2011-11-06,4,0,11,14,0,0,0,1,0.46,0.4545,0.55,0.194,101,219,320
14406,2012-08-28,3,1,8,10,0,2,1,1,0.74,0.6818,0.62,0.2537,39,165,204
3112,2011-05-14,2,0,5,13,0,6,0,3,0.52,0.5,1,0.0896,68,180,248
9980,2012-02-25,1,1,2,20,0,6,0,1,0.26,0.2121,0.3,0.5522,10,95,105
10045,2012-02-28,1,1,2,13,0,2,1,1,0.36,0.3636,0.32,0.1045,16,174,190
12377,2012-06-04,2,1,6,21,0,1,1,1,0.58,0.5455,0.49,0.2537,40,225,265
16580,2012-11-28,4,1,11,13,0,3,1,1,0.34,0.3333,0.42,0.194,21,193,214
12352,2012-06-03,2,1,6,20,0,0,0,1,0.66,0.6212,0.39,0.194,84,230,314
8130,2011-12-10,4,0,12,9,0,6,0,1,0.28,0.2576,0.61,0.2836,15,134,149
5941,2011-09-10,3,0,9,1,0,6,0,2,0.62,0.5455,0.94,0,16,67,83
14010,2012-08-11,3,1,8,22,0,6,0,2,0.66,0.5909,0.89,0.1642,40,128,168
4666,2011-07-18,3,0,7,7,0,1,1,1,0.68,0.6364,0.74,0.2239,22,255,277
1945,2011-03-26,2,0,3,19,0,6,0,2,0.28,0.2727,0.45,0.2537,45,93,138
13163,2012-07-07,3,1,7,15,0,6,0,1,0.96,0.8485,0.26,0,113,193,306
9213,2012-01-24,1,1,1,18,0,2,1,1,0.4,0.4091,0.62,0.0896,32,391,423
17178,2012-12-23,1,1,12,12,0,0,0,1,0.3,0.2879,0.42,0.194,52,144,196
1248,2011-02-25,1,0,2,2,0,5,1,2,0.32,0.3485,1,0,0,3,3
412,2011-01-19,1,0,1,4,0,3,1,3,0.22,0.2273,0.93,0.1343,1,1,2
7766,2011-11-25,4,0,11,4,0,5,1,1,0.3,0.3182,0.75,0.1045,4,3,7
5147,2011-08-07,3,0,8,8,0,0,0,1,0.72,0.697,0.79,0.194,23,66,89
1567,2011-03-10,1,0,3,17,0,4,1,2,0.44,0.4394,0,0.3881,2,109,111
17285,2012-12-28,1,1,12,1,0,5,1,1,0.24,0.2273,0.6,0.194,0,9,9
14945,2012-09-19,3,1,9,21,0,3,1,1,0.5,0.4848,0.59,0.1642,25,324,349
9314,2012-01-28,1,1,1,23,0,6,0,1,0.32,0.3182,0.31,0.194,6,79,85
8438,2011-12-23,1,0,12,5,0,5,1,1,0.36,0.3485,0.93,0.194,0,8,8
9543,2012-02-07,1,1,2,13,0,2,1,1,0.44,0.4394,0.38,0.2537,15,169,184
1531,2011-03-09,1,0,3,3,0,3,1,1,0.24,0.2576,0.7,0.0896,1,2,3
11233,2012-04-18,2,1,4,5,0,3,1,2,0.5,0.4848,0.39,0.2836,0,34,34
7349,2011-11-07,4,0,11,19,0,1,1,1,0.46,0.4545,0.59,0,20,280,300
1731,2011-03-17,1,0,3,18,0,4,1,2,0.46,0.4545,0.59,0.1642,50,260,310
16618,2012-11-30,4,1,11,4,0,5,1,1,0.22,0.2727,0.75,0,0,3,3
689,2011-02-01,1,0,2,0,0,2,1,2,0.16,0.1818,0.64,0.1045,2,6,8
13846,2012-08-05,3,1,8,2,0,0,0,1,0.74,0.697,0.7,0.2985,5,68,73
1394,2011-03-03,1,0,3,8,0,4,1,1,0.14,0.1212,0.39,0.2985,4,216,220
15672,2012-10-20,4,1,10,4,0,6,0,1,0.44,0.4394,0.72,0,9,9,18
14814,2012-09-14,3,1,9,10,0,5,1,2,0.68,0.6364,0.65,0,75,171,246
1545,2011-03-09,1,0,3,17,0,3,1,2,0.34,0.303,0.76,0.2985,18,176,194
12187,2012-05-27,2,1,5,23,0,0,0,3,0.62,0.5758,0.83,0.1343,31,65,96
4803,2011-07-24,3,0,7,0,0,0,0,1,0.8,0.7727,0.59,0.1045,42,77,119
12726,2012-06-19,2,1,6,10,0,2,1,1,0.64,0.6061,0.73,0.0896,44,136,180
14960,2012-09-20,3,1,9,12,0,4,1,1,0.62,0.6212,0.43,0.1343,57,233,290
9056,2012-01-18,1,1,1,5,0,3,1,1,0.34,0.2879,0.46,0.5224,0,29,29
4507,2011-07-11,3,0,7,16,0,1,1,1,0.86,0.8485,0.56,0.3881,57,182,239
5726,2011-09-01,3,0,9,0,0,4,1,1,0.6,0.5758,0.78,0.1045,18,33,51
752,2011-02-03,1,0,2,17,0,4,1,1,0.2,0.197,0.4,0.194,5,170,175
17168,2012-12-23,1,1,12,2,0,0,0,1,0.2,0.2121,0.51,0.1642,1,17,18
14749,2012-09-11,3,1,9,17,0,2,1,1,0.7,0.6364,0.28,0,168,802,970
10639,2012-03-24,2,1,3,9,0,6,0,2,0.52,0.5,0.83,0.1343,96,153,249
10756,2012-03-29,2,1,3,6,0,4,1,1,0.46,0.4545,0.59,0.2537,3,114,117
519,2011-01-23,1,0,1,17,0,0,0,1,0.14,0.1061,0.26,0.3881,5,50,55
9939,2012-02-24,1,1,2,3,0,5,1,1,0.42,0.4242,0.82,0.1343,0,5,5
12084,2012-05-23,2,1,5,16,0,3,1,3,0.7,0.6515,0.61,0.0896,62,216,278
5514,2011-08-22,3,0,8,15,0,1,1,1,0.74,0.6515,0.3,0.2985,72,127,199
12974,2012-06-29,3,1,6,18,0,5,1,1,0.96,0.8636,0.31,0,50,414,464
14111,2012-08-16,3,1,8,3,0,4,1,1,0.62,0.5909,0.73,0.2537,0,4,4
11271,2012-04-19,2,1,4,19,0,4,1,1,0.58,0.5455,0.46,0.1343,70,516,586
13985,2012-08-10,3,1,8,21,0,5,1,1,0.74,0.697,0.66,0.2537,50,236,286
55,2011-01-03,1,0,1,9,0,1,1,1,0.16,0.1364,0.43,0.3881,7,81,88
7016,2011-10-24,4,0,10,22,0,1,1,1,0.48,0.4697,0.75,0.1642,3,76,79
9060,2012-01-18,1,1,1,9,0,3,1,1,0.28,0.2576,0.52,0.3284,6,196,202
1124,2011-02-19,1,0,2,13,0,6,0,1,0.44,0.4394,0.16,0.6119,52,103,155
4032,2011-06-21,3,0,6,21,0,2,1,1,0.72,0.697,0.74,0.194,38,191,229
9846,2012-02-20,1,1,2,5,1,1,0,2,0.24,0.2121,0.6,0.3582,0,6,6
2255,2011-04-08,2,0,4,19,0,5,1,3,0.3,0.2727,0.93,0.4179,1,52,53
6519,2011-10-04,4,0,10,4,0,2,1,1,0.4,0.4091,0.82,0.0896,3,4,7
12239,2012-05-30,2,1,5,3,0,3,1,3,0.62,0.5606,0.88,0.1343,0,5,5
16247,2012-11-14,4,1,11,16,0,3,1,1,0.34,0.3485,0.46,0.1045,31,290,321
16181,2012-11-11,4,1,11,22,0,0,0,1,0.42,0.4242,0.71,0.194,21,113,134
15048,2012-09-24,4,1,9,4,0,1,1,1,0.44,0.4394,0.67,0.1045,0,8,8
6877,2011-10-19,4,0,10,2,0,3,1,2,0.52,0.5,0.77,0.194,1,6,7
10418,2012-03-15,1,1,3,4,0,4,1,1,0.44,0.4394,0.77,0.1045,11,3,14
4983,2011-07-31,3,0,7,12,0,0,0,1,0.9,0.7727,0.25,0.194,146,192,338
9793,2012-02-17,1,1,2,23,0,5,1,1,0.36,0.3485,0.4,0.194,10,72,82
16228,2012-11-13,4,1,11,21,0,2,1,1,0.3,0.2727,0.49,0.3582,9,178,187
31,2011-01-02,1,0,1,7,0,0,0,2,0.4,0.4091,0.76,0.194,0,1,1
14241,2012-08-21,3,1,8,13,0,2,1,1,0.74,0.6515,0.4,0,76,255,331
1054,2011-02-16,1,0,2,15,0,3,1,1,0.46,0.4545,0.28,0.4179,35,82,117
9391,2012-02-01,1,1,2,4,0,3,1,1,0.4,0.4091,0.5,0.1642,0,1,1
9120,2012-01-20,1,1,1,21,0,5,1,2,0.2,0.2273,0.37,0.0896,5,99,104
4850,2011-07-25,3,0,7,23,0,1,1,1,0.7,0.6667,0.84,0.0896,23,64,87
4844,2011-07-25,3,0,7,17,0,1,1,1,0.72,0.697,0.74,0,48,437,485
14728,2012-09-10,3,1,9,20,0,1,1,1,0.6,0.6212,0.4,0.194,34,356,390
14134,2012-08-17,3,1,8,2,0,5,1,1,0.66,0.2424,0.61,0.1343,4,15,19
10671,2012-03-25,2,1,3,17,0,0,0,1,0.5,0.4848,0.72,0.0896,146,273,419
17246,2012-12-26,1,1,12,10,0,3,1,3,0.2,0.1818,0.86,0.2985,0,8,8
12580,2012-06-13,2,1,6,8,0,3,1,2,0.62,0.5909,0.73,0.5224,41,672,713
4070,2011-06-23,3,0,6,11,0,4,1,3,0.76,0.7273,0.66,0.2537,28,108,136
12815,2012-06-23,3,1,6,3,0,6,0,2,0.64,0.5758,0.83,0.0896,10,32,42
4833,2011-07-25,3,0,7,6,0,1,1,2,0.72,0.7121,0.84,0.0896,7,100,107
13900,2012-08-07,3,1,8,8,0,2,1,2,0.7,0.6515,0.7,0.1642,41,664,705
11150,2012-04-14,2,1,4,18,0,6,0,2,0.62,0.6212,0.35,0.2239,197,284,481
16709,2012-12-03,4,1,12,23,0,1,1,1,0.42,0.4242,0.82,0.1045,9,93,102
7442,2011-11-11,4,0,11,16,1,5,0,1,0.36,0.3333,0.34,0.3284,49,189,238
2086,2011-04-01,2,0,4,18,0,5,1,1,0.34,0.303,0.46,0.3284,36,205,241
6837,2011-10-17,4,0,10,10,0,1,1,1,0.52,0.5,0.45,0.1642,43,92,135
10769,2012-03-29,2,1,3,19,0,4,1,1,0.48,0.4697,0.39,0.2836,47,421,468
3430,2011-05-27,2,0,5,19,0,5,1,3,0.6,0.5758,0.78,0.2537,69,210,279
5043,2011-08-03,3,0,8,0,0,3,1,2,0.8,0.7424,0.49,0.1642,11,32,43
2715,2011-04-28,2,0,4,0,0,4,1,1,0.64,0.5909,0.78,0.3582,13,41,54
4343,2011-07-04,3,0,7,20,1,1,0,2,0.76,0.697,0.55,0.1045,195,191,386
14512,2012-09-01,3,1,9,20,0,6,0,3,0.76,0.7273,0.67,0.2537,67,140,207
14557,2012-09-03,3,1,9,17,1,1,0,1,0.74,0.697,0.7,0.1343,181,317,498
10459,2012-03-16,1,1,3,21,0,5,1,2,0.44,0.4394,0.94,0,8,144,152
7542,2011-11-15,4,0,11,20,0,2,1,2,0.48,0.4697,0.82,0.1343,26,212,238
12430,2012-06-07,2,1,6,2,0,4,1,1,0.52,0.5,0.77,0.0896,0,12,12
12244,2012-05-30,2,1,5,8,0,3,1,2,0.6,0.5909,0.73,0.1642,29,642,671
13415,2012-07-18,3,1,7,3,0,3,1,1,0.74,0.697,0.66,0.1343,2,2,4
7183,2011-10-31,4,0,10,21,0,1,1,2,0.36,0.3485,0.76,0.194,7,109,116
13529,2012-07-22,3,1,7,21,0,0,0,1,0.7,0.6667,0.79,0.1045,88,257,345
9936,2012-02-24,1,1,2,0,0,5,1,2,0.44,0.4394,0.58,0.0896,12,34,46
189,2011-01-09,1,0,1,3,0,0,0,1,0.1,0.0758,0.46,0.4179,0,4,4
9397,2012-02-01,1,1,2,10,0,3,1,1,0.4,0.4091,0.62,0.1343,9,124,133
8690,2012-01-02,1,1,1,21,1,1,0,2,0.24,0.2121,0.41,0.3284,3,63,66
16168,2012-11-11,4,1,11,9,0,0,0,1,0.36,0.3788,0.77,0,94,179,273
4849,2011-07-25,3,0,7,22,0,1,1,1,0.7,0.6667,0.84,0,13,112,125
15981,2012-11-03,4,1,11,13,0,6,0,2,0.36,0.3333,0.46,0.3582,110,339,449
12093,2012-05-24,2,1,5,1,0,4,1,1,0.6,0.5455,0.88,0.0896,9,21,30
9661,2012-02-12,1,1,2,11,0,0,0,1,0.12,0.1061,0.42,0.2985,3,121,124
9186,2012-01-23,1,1,1,15,0,1,1,2,0.22,0.2121,1,0.2239,10,64,74
294,2011-01-13,1,0,1,16,0,4,1,1,0.24,0.2121,0.38,0.3582,2,76,78
7045,2011-10-26,4,0,10,3,0,3,1,1,0.44,0.4394,0.67,0.2239,0,3,3
12981,2012-06-30,3,1,6,1,0,6,0,3,0.64,0.5758,0.89,0.2239,3,55,58
5881,2011-09-07,3,0,9,12,0,3,1,3,0.56,0.5303,0.94,0,1,21,22
3754,2011-06-10,2,0,6,7,0,5,1,1,0.72,0.6818,0.66,0.1045,25,242,267
10026,2012-02-27,1,1,2,18,0,1,1,1,0.52,0.5,0.27,0.4179,10,517,527
9895,2012-02-22,1,1,2,7,0,3,1,1,0.32,0.3333,0.76,0.0896,10,292,302
13771,2012-08-01,3,1,8,23,0,3,1,1,0.7,0.6667,0.74,0,18,134,152
6518,2011-10-04,4,0,10,3,0,2,1,1,0.4,0.4091,0.82,0.1045,3,3,6
7255,2011-11-03,4,0,11,21,0,4,1,1,0.4,0.4091,0.76,0.1343,4,140,144
11964,2012-05-18,2,1,5,16,0,5,1,1,0.66,0.6212,0.34,0.2537,151,417,568
1535,2011-03-09,1,0,3,7,0,3,1,2,0.24,0.2424,0.87,0.1642,18,123,141
15307,2012-10-04,4,1,10,23,0,4,1,1,0.6,0.6212,0.56,0.0896,18,137,155
7276,2011-11-04,4,0,11,18,0,5,1,1,0.42,0.4242,0.32,0.4627,35,339,374
10816,2012-03-31,2,1,3,18,0,6,0,2,0.44,0.4394,0.72,0.4627,102,239,341
11021,2012-04-09,2,1,4,8,0,1,1,1,0.44,0.4394,0.3,0.194,22,595,617
15724,2012-10-22,4,1,10,8,0,1,1,1,0.44,0.4394,0.67,0,32,696,728
7982,2011-12-04,4,0,12,5,0,0,0,1,0.26,0.303,0.81,0,2,2,4
9902,2012-02-22,1,1,2,14,0,3,1,1,0.44,0.4394,0.54,0.3284,35,142,177
6811,2011-10-16,4,0,10,8,0,0,0,1,0.44,0.4394,0.62,0.194,28,71,99
11348,2012-04-23,2,1,4,0,0,1,1,3,0.36,0.3333,0.81,0.4179,0,6,6
4408,2011-07-07,3,0,7,13,0,4,1,1,0.86,0.7879,0.41,0,48,107,155
12165,2012-05-27,2,1,5,1,0,0,0,1,0.66,0.6212,0.74,0.2239,17,61,78
9565,2012-02-08,1,1,2,11,0,3,1,2,0.26,0.2576,0.65,0.2239,5,97,102
674,2011-01-31,1,0,1,9,0,1,1,2,0.16,0.1364,0.59,0.2985,0,112,112
7345,2011-11-07,4,0,11,15,0,1,1,1,0.56,0.5303,0.37,0.1045,38,132,170
6848,2011-10-17,4,0,10,21,0,1,1,1,0.5,0.4848,0.77,0.1045,36,141,177
14329,2012-08-25,3,1,8,5,0,6,0,2,0.64,0.6061,0.73,0.1642,4,10,14
12839,2012-06-24,3,1,6,3,0,0,0,2,0.66,0.6212,0.65,0.0896,19,41,60
12727,2012-06-19,2,1,6,11,0,2,1,1,0.66,0.6212,0.69,0.1343,56,174,230
13700,2012-07-30,3,1,7,0,0,1,1,1,0.7,0.6667,0.74,0.0896,12,46,58
4562,2011-07-13,3,0,7,23,0,3,1,1,0.66,0.6061,0.83,0.2537,33,83,116
11542,2012-05-01,2,1,5,2,0,2,1,2,0.5,0.4848,0.72,0.0896,1,7,8
14948,2012-09-20,3,1,9,0,0,4,1,1,0.5,0.4848,0.63,0,12,46,58
3209,2011-05-18,2,0,5,14,0,3,1,2,0.58,0.5455,0.78,0.2836,44,94,138
3764,2011-06-10,2,0,6,17,0,5,1,1,0.82,0.7727,0.52,0.2239,63,454,517
16928,2012-12-13,4,1,12,2,0,4,1,2,0.26,0.2424,0.56,0.2537,3,5,8
2885,2011-05-05,2,0,5,2,0,4,1,1,0.34,0.3182,0.66,0.2239,1,4,5
8949,2012-01-13,1,1,1,17,0,5,1,1,0.28,0.2424,0.33,0.4179,15,317,332
4036,2011-06-22,3,0,6,1,0,3,1,1,0.66,0.6061,0.78,0.1343,2,19,21
3600,2011-06-03,2,0,6,21,0,5,1,1,0.64,0.6212,0.29,0.1045,51,196,247
14362,2012-08-26,3,1,8,14,0,0,0,1,0.64,0.5758,0.89,0.1045,125,252,377
14350,2012-08-26,3,1,8,2,0,0,0,2,0.64,0.5758,0.89,0.2239,12,104,116
1651,2011-03-14,1,0,3,8,0,1,1,2,0.3,0.303,0.56,0.1343,24,217,241
15119,2012-09-27,4,1,9,3,0,4,1,1,0.6,0.5758,0.78,0,0,7,7
11231,2012-04-18,2,1,4,3,0,3,1,2,0.5,0.4848,0.42,0.2239,0,6,6
13799,2012-08-03,3,1,8,3,0,5,1,1,0.68,0.6364,0.79,0.2239,1,5,6
16215,2012-11-13,4,1,11,8,0,2,1,3,0.32,0.303,0.87,0.2537,4,207,211
7649,2011-11-20,4,0,11,7,0,0,0,1,0.42,0.4242,0.67,0.2239,4,19,23
6393,2011-09-28,4,0,9,22,0,3,1,1,0.6,0.5455,0.88,0.0896,19,68,87
2486,2011-04-18,2,0,4,11,0,1,1,2,0.54,0.5152,0.52,0.0896,36,87,123
3583,2011-06-03,2,0,6,4,0,5,1,1,0.52,0.5,0.48,0.3284,1,5,6
15114,2012-09-26,4,1,9,22,0,3,1,3,0.62,0.6061,0.69,0.194,21,194,215
8814,2012-01-08,1,1,1,1,0,0,0,1,0.34,0.3333,0.42,0.194,10,62,72
3257,2011-05-20,2,0,5,14,0,5,1,1,0.62,0.6212,0.53,0.2239,66,131,197
399,2011-01-18,1,0,1,14,0,2,1,2,0.22,0.2273,0.8,0.1642,2,26,28
1806,2011-03-20,1,0,3,22,0,0,0,2,0.34,0.303,0.53,0.3284,8,30,38
3847,2011-06-14,2,0,6,4,0,2,1,1,0.54,0.5152,0.6,0.2537,0,3,3
16123,2012-11-09,4,1,11,12,0,5,1,1,0.44,0.4394,0.41,0.3284,48,214,262
12647,2012-06-16,2,1,6,3,0,6,0,1,0.56,0.5303,0.6,0.0896,8,19,27
12194,2012-05-28,2,1,5,6,1,1,0,1,0.62,0.5909,0.73,0.1642,6,14,20
1476,2011-03-06,1,0,3,19,0,0,0,3,0.3,0.2576,1,0.4925,0,11,11
8538,2011-12-27,1,0,12,11,0,2,1,3,0.32,0.3333,0.66,0.1045,6,24,30
14577,2012-09-04,3,1,9,13,0,2,1,1,0.8,0.7576,0.55,0.4478,72,203,275
12327,2012-06-02,2,1,6,19,0,6,0,1,0.64,0.6212,0.36,0.1642,185,369,554
10438,2012-03-16,1,1,3,0,0,5,1,1,0.44,0.4394,0.77,0.2537,8,49,57
8840,2012-01-09,1,1,1,3,0,1,1,1,0.24,0.2424,0.52,0.1642,0,3,3
17171,2012-12-23,1,1,12,5,0,0,0,1,0.2,0.2576,0.51,0,0,6,6
13006,2012-07-01,3,1,7,2,0,0,0,1,0.72,0.697,0.74,0.0896,21,69,90
9423,2012-02-02,1,1,2,12,0,4,1,1,0.42,0.4242,0.82,0,8,140,148
16098,2012-11-08,4,1,11,11,0,4,1,1,0.36,0.3333,0.29,0.3881,16,155,171
6087,2011-09-16,3,0,9,4,0,5,1,1,0.4,0.4091,0.71,0.2836,1,3,4
3025,2011-05-10,2,0,5,22,0,2,1,1,0.52,0.5,0.55,0.1045,29,121,150
12404,2012-06-06,2,1,6,0,0,3,1,1,0.52,0.5,0.59,0.0896,3,46,49
281,2011-01-13,1,0,1,3,0,4,1,1,0.14,0.1212,0.5,0.3284,0,3,3
17222,2012-12-25,1,1,12,10,1,2,0,1,0.28,0.3182,0.81,0,11,21,32
14101,2012-08-15,3,1,8,17,0,3,1,1,0.74,0.6818,0.55,0.2836,102,749,851
8609,2011-12-30,1,0,12,11,0,5,1,1,0.32,0.3182,0.66,0.194,45,126,171
10813,2012-03-31,2,1,3,15,0,6,0,2,0.52,0.5,0.59,0.2836,275,330,605
6149,2011-09-18,3,0,9,18,0,0,0,2,0.56,0.5303,0.6,0.1045,66,223,289
4247,2011-06-30,3,0,6,20,0,4,1,1,0.74,0.6515,0.33,0.194,55,285,340
16430,2012-11-22,4,1,11,7,1,4,0,1,0.22,0.2273,0.75,0.1343,7,49,56
1890,2011-03-24,2,0,3,12,0,4,1,2,0.3,0.2727,0.7,0.3284,12,82,94
4780,2011-07-23,3,0,7,1,0,6,0,1,0.82,0.7727,0.52,0.1045,13,57,70
9527,2012-02-06,1,1,2,21,0,1,1,1,0.32,0.3182,0.57,0.1642,11,143,154
4490,2011-07-10,3,0,7,23,0,0,0,1,0.72,0.6818,0.66,0.2537,19,53,72
11713,2012-05-08,2,1,5,5,0,2,1,2,0.52,0.5,0.72,0.2836,0,20,20
14972,2012-09-21,3,1,9,0,0,5,1,1,0.54,0.5152,0.68,0,13,53,66
12221,2012-05-29,2,1,5,9,0,2,1,1,0.72,0.6818,0.7,0.2537,26,231,257
9484,2012-02-05,1,1,2,1,0,0,0,2,0.24,0.2576,0.93,0.1045,5,46,51
12572,2012-06-13,2,1,6,0,0,3,1,2,0.66,0.5909,0.94,0.194,7,27,34
17230,2012-12-25,1,1,12,18,1,2,0,2,0.32,0.303,0.66,0.2537,20,23,43
12806,2012-06-22,3,1,6,18,0,5,1,2,0.8,0.7576,0.55,0.194,62,443,505
15572,2012-10-16,4,1,10,0,0,2,1,1,0.46,0.4545,0.63,0.3881,3,45,48
4708,2011-07-20,3,0,7,1,0,3,1,1,0.7,0.6667,0.84,0,4,7,11
6238,2011-09-22,3,0,9,11,0,4,1,2,0.64,0.5758,0.89,0.194,23,142,165
12787,2012-06-21,3,1,6,23,0,4,1,1,0.8,0.7727,0.59,0.0896,12,134,146
9862,2012-02-20,1,1,2,21,1,1,0,1,0.3,0.303,0.39,0.1642,8,90,98
14720,2012-09-10,3,1,9,12,0,1,1,1,0.64,0.6212,0.44,0.3881,76,256,332
2999,2011-05-09,2,0,5,20,0,1,1,1,0.54,0.5152,0.49,0.194,25,214,239
11137,2012-04-14,2,1,4,5,0,6,0,1,0.36,0.3636,0.66,0.1045,2,5,7
6196,2011-09-20,3,0,9,17,0,2,1,1,0.6,0.5606,0.83,0.1045,66,445,511
506,2011-01-23,1,0,1,3,0,0,0,1,0.02,0.0606,0.62,0.1343,1,4,5
16218,2012-11-13,4,1,11,11,0,2,1,1,0.32,0.303,0.7,0.2537,22,133,155
14235,2012-08-21,3,1,8,7,0,2,1,1,0.6,0.5758,0.78,0.1045,19,500,519
13907,2012-08-07,3,1,8,15,0,2,1,1,0.8,0.7424,0.52,0,100,206,306
2112,2011-04-02,2,0,4,20,0,6,0,1,0.34,0.3182,0.53,0.2836,29,56,85
17067,2012-12-18,4,1,12,21,0,2,1,1,0.36,0.3485,0.5,0.2239,9,159,168
7931,2011-12-02,4,0,12,2,0,5,1,1,0.24,0.2879,0.75,0,0,10,10
5692,2011-08-30,3,0,8,14,0,2,1,1,0.74,0.6515,0.33,0.1642,58,151,209
3503,2011-05-30,2,0,5,20,1,1,0,1,0.76,0.7121,0.58,0,69,168,237
5724,2011-08-31,3,0,8,22,0,3,1,1,0.64,0.6061,0.69,0,20,137,157
6439,2011-09-30,4,0,9,20,0,5,1,1,0.54,0.5152,0.52,0.2836,28,202,230
14376,2012-08-27,3,1,8,4,0,1,1,1,0.62,0.5758,0.83,0,1,11,12
4936,2011-07-29,3,0,7,13,0,5,1,1,0.94,0.8333,0.31,0,42,114,156
8219,2011-12-14,4,0,12,2,0,3,1,1,0.26,0.303,0.75,0,0,2,2
10743,2012-03-28,2,1,3,17,0,3,1,1,0.6,0.6061,0.6,0.2239,72,532,604
5382,2011-08-17,3,0,8,3,0,3,1,1,0.64,0.5909,0.78,0,1,4,5
7154,2011-10-30,4,0,10,16,0,0,0,1,0.42,0.4242,0.32,0.1343,107,213,320
12440,2012-06-07,2,1,6,12,0,4,1,1,0.7,0.6364,0.42,0,62,274,336
7771,2011-11-25,4,0,11,9,0,5,1,1,0.32,0.3485,0.76,0,25,70,95
12710,2012-06-18,2,1,6,18,0,1,1,2,0.62,0.6061,0.69,0.1642,47,595,642
6613,2011-10-08,4,0,10,2,0,6,0,1,0.46,0.4545,0.82,0,4,41,45
6923,2011-10-21,4,0,10,1,0,5,1,1,0.4,0.4091,0.62,0.2239,7,19,26
2302,2011-04-10,2,0,4,18,0,0,0,1,0.5,0.4848,0.77,0.194,103,137,240
14674,2012-09-08,3,1,9,14,0,6,0,1,0.82,0.7727,0.52,0.4478,260,366,626
8488,2011-12-25,1,0,12,8,0,0,0,1,0.2,0.2121,0.8,0.1642,1,4,5
8080,2011-12-08,4,0,12,7,0,4,1,1,0.22,0.2121,0.6,0.2239,11,233,244
5002,2011-08-01,3,0,8,7,0,1,1,1,0.74,0.6818,0.62,0,24,258,282
8588,2011-12-29,1,0,12,14,0,4,1,2,0.3,0.3333,0.52,0,30,112,142
13321,2012-07-14,3,1,7,5,0,6,0,2,0.64,0.6061,0.73,0.1045,0,5,5
8395,2011-12-21,1,0,12,10,0,3,1,2,0.48,0.4697,0.82,0.4179,6,83,89
12166,2012-05-27,2,1,5,2,0,0,0,1,0.64,0.6061,0.73,0.2239,16,45,61
14312,2012-08-24,3,1,8,12,0,5,1,2,0.76,0.6818,0.45,0.0896,95,276,371
4111,2011-06-25,3,0,6,4,0,6,0,1,0.64,0.6212,0.57,0.194,7,4,11
7855,2011-11-28,4,0,11,22,0,1,1,2,0.52,0.5,0.83,0.1045,7,102,109
13466,2012-07-20,3,1,7,6,0,5,1,2,0.66,0.5909,0.89,0.1642,3,123,126
11481,2012-04-28,2,1,4,13,0,6,0,2,0.4,0.4091,0.37,0,120,269,389
12396,2012-06-05,2,1,6,16,0,2,1,1,0.6,0.6212,0.43,0.194,91,382,473
10457,2012-03-16,1,1,3,19,0,5,1,2,0.46,0.4545,0.88,0,23,273,296
7812,2011-11-27,4,0,11,2,0,0,0,1,0.34,0.3636,0.81,0,9,22,31
11128,2012-04-13,2,1,4,20,0,5,1,1,0.5,0.4848,0.29,0.1343,44,242,286
5953,2011-09-10,3,0,9,13,0,6,0,1,0.74,0.6818,0.55,0.2836,131,239,370
6272,2011-09-23,4,0,9,21,0,5,1,1,0.6,0.5,1,0.1642,17,121,138
7347,2011-11-07,4,0,11,17,0,1,1,1,0.5,0.4848,0.45,0.1642,39,489,528
11506,2012-04-29,2,1,4,14,0,0,0,1,0.54,0.5152,0.34,0,281,372,653
9989,2012-02-26,1,1,2,5,0,0,0,1,0.22,0.2121,0.44,0.2239,0,5,5
2217,2011-04-07,2,0,4,5,0,4,1,1,0.34,0.3182,0.76,0.2239,0,6,6
2731,2011-04-28,2,0,4,16,0,4,1,1,0.62,0.5909,0.78,0.2537,42,228,270
15009,2012-09-22,3,1,9,13,0,6,0,1,0.74,0.6667,0.51,0.3582,273,434,707
1128,2011-02-19,1,0,2,17,0,6,0,1,0.42,0.4242,0.19,0.6119,36,91,127
14599,2012-09-05,3,1,9,11,0,3,1,2,0.78,0.7424,0.62,0.1642,61,156,217
1800,2011-03-20,1,0,3,16,0,0,0,1,0.42,0.4242,0.32,0,92,132,224
6780,2011-10-15,4,0,10,1,0,6,0,1,0.46,0.4545,0.55,0.2537,9,64,73
7669,2011-11-21,4,0,11,3,0,1,1,3,0.44,0.4394,1,0.1343,0,4,4
5212,2011-08-10,3,0,8,1,0,3,1,1,0.72,0.6667,0.54,0.194,7,10,17
12466,2012-06-08,2,1,6,14,0,5,1,1,0.76,0.6667,0.31,0.3881,128,245,373
10120,2012-03-02,1,1,3,17,0,5,1,3,0.36,0.3485,0.81,0.2239,5,123,128
2035,2011-03-30,2,0,3,15,0,3,1,3,0.28,0.2576,0.81,0.2985,14,56,70
8843,2012-01-09,1,1,1,6,0,1,1,2,0.22,0.2273,0.6,0.1343,3,85,88
12665,2012-06-16,2,1,6,21,0,6,0,2,0.64,0.6212,0.5,0.2239,98,192,290
4102,2011-06-24,3,0,6,19,0,5,1,1,0.74,0.6515,0.4,0.2239,92,293,385
12646,2012-06-16,2,1,6,2,0,6,0,1,0.58,0.5455,0.53,0,12,55,67
15034,2012-09-23,4,1,9,14,0,0,0,1,0.6,0.6212,0.38,0.194,266,400,666
14603,2012-09-05,3,1,9,15,0,3,1,1,0.78,0.7727,0.7,0.194,41,204,245
10625,2012-03-23,2,1,3,19,0,5,1,1,0.66,0.6212,0.5,0.194,213,473,686
3446,2011-05-28,2,0,5,11,0,6,0,1,0.7,0.6515,0.65,0.2239,171,178,349
13022,2012-07-01,3,1,7,18,0,0,0,1,0.88,0.7727,0.32,0.3582,95,275,370
4246,2011-06-30,3,0,6,19,0,4,1,1,0.74,0.6515,0.33,0.194,89,366,455
8777,2012-01-06,1,1,1,12,0,5,1,1,0.36,0.3333,0.5,0.2537,23,168,191
618,2011-01-28,1,0,1,23,0,5,1,1,0.24,0.2273,0.6,0.2239,1,22,23
9968,2012-02-25,1,1,2,8,0,6,0,1,0.26,0.2273,0.48,0.2985,3,90,93
11983,2012-05-19,2,1,5,11,0,6,0,1,0.62,0.6212,0.38,0.0896,235,351,586
14394,2012-08-27,3,1,8,22,0,1,1,1,0.7,0.6667,0.84,0.194,30,131,161
16733,2012-12-04,4,1,12,23,0,2,1,1,0.48,0.4697,0.67,0.2537,5,91,96
11214,2012-04-17,2,1,4,10,0,2,1,1,0.6,0.6212,0.38,0.4179,52,165,217
10171,2012-03-04,1,1,3,20,0,0,0,1,0.28,0.2727,0.38,0.2537,8,80,88
13735,2012-07-31,3,1,7,11,0,2,1,1,0.76,0.7121,0.58,0,54,170,224
3845,2011-06-14,2,0,6,2,0,2,1,1,0.6,0.6212,0.49,0.2836,2,8,10
178,2011-01-08,1,0,1,16,0,6,0,1,0.18,0.1364,0.29,0.4478,8,68,76
11194,2012-04-16,2,1,4,14,1,1,0,1,0.76,0.6818,0.45,0.3284,105,183,288
15693,2012-10-21,4,1,10,1,0,0,0,1,0.42,0.4242,0.58,0.2239,20,97,117
15221,2012-10-01,4,1,10,9,0,1,1,2,0.52,0.5,0.63,0,26,314,340
11378,2012-04-24,2,1,4,6,0,2,1,1,0.3,0.2879,0.7,0.2239,3,117,120
7472,2011-11-12,4,0,11,22,0,6,0,1,0.42,0.4242,0.47,0.2537,30,88,118
11686,2012-05-07,2,1,5,2,0,1,1,1,0.5,0.4848,0.77,0.194,1,5,6
9130,2012-01-21,1,1,1,7,0,6,0,3,0.16,0.1667,0.93,0.1642,3,10,13
6825,2011-10-16,4,0,10,22,0,0,0,1,0.56,0.5303,0.49,0.4179,42,88,130
1093,2011-02-18,1,0,2,6,0,5,1,2,0.44,0.4394,0.72,0.1642,2,48,50
4418,2011-07-07,3,0,7,23,0,4,1,1,0.72,0.6818,0.66,0,31,98,129
8728,2012-01-04,1,1,1,11,0,3,1,2,0.08,0.1212,0.42,0.0896,6,40,46
10477,2012-03-17,1,1,3,15,0,6,0,1,0.64,0.6212,0.53,0.1343,357,322,679
8010,2011-12-05,4,0,12,9,0,1,1,2,0.36,0.3636,0.87,0.0896,12,178,190
36,2011-01-02,1,0,1,12,0,0,0,2,0.36,0.3333,0.66,0.2985,20,73,93
474,2011-01-21,1,0,1,18,0,5,1,1,0.12,0.1212,0.3,0.2537,1,119,120
13007,2012-07-01,3,1,7,3,0,0,0,1,0.72,0.7121,0.84,0.1343,6,27,33
4739,2011-07-21,3,0,7,8,0,4,1,2,0.76,0.7576,0.79,0.1642,23,358,381
15991,2012-11-03,4,1,11,23,0,6,0,1,0.32,0.3333,0.57,0.1045,15,133,148
10175,2012-03-05,1,1,3,0,0,1,1,1,0.24,0.2273,0.44,0.194,2,15,17
15699,2012-10-21,4,1,10,7,0,0,0,1,0.4,0.4091,0.62,0,13,43,56
9708,2012-02-14,1,1,2,10,0,2,1,2,0.26,0.2727,0.6,0.1343,8,90,98
11438,2012-04-26,2,1,4,18,0,4,1,2,0.54,0.5152,0.77,0.194,75,589,664
8301,2011-12-17,4,0,12,12,0,6,0,2,0.28,0.2576,0.45,0.2836,28,216,244
12470,2012-06-08,2,1,6,18,0,5,1,1,0.76,0.6667,0.27,0.2239,147,576,723
10481,2012-03-17,1,1,3,19,0,6,0,1,0.58,0.5455,0.64,0.2836,155,262,417
15041,2012-09-23,4,1,9,21,0,0,0,2,0.52,0.5,0.48,0.1045,51,145,196
3080,2011-05-13,2,0,5,5,0,5,1,2,0.5,0.4848,0.88,0.194,1,24,25
6995,2011-10-24,4,0,10,1,0,1,1,1,0.4,0.4091,0.82,0.1343,7,8,15
1682,2011-03-15,1,0,3,16,0,2,1,2,0.38,0.3939,0.46,0.3284,21,93,114
1453,2011-03-05,1,0,3,19,0,6,0,2,0.46,0.4545,0.67,0.3284,27,62,89
14676,2012-09-08,3,1,9,16,0,6,0,3,0.56,0.5303,0.88,0.194,19,95,114
2110,2011-04-02,2,0,4,18,0,6,0,1,0.38,0.3939,0.54,0.194,69,110,179
1366,2011-03-02,1,0,3,4,0,3,1,1,0.2,0.2121,0.75,0.1343,1,0,1
13101,2012-07-05,3,1,7,1,0,4,1,1,0.74,0.6667,0.51,0.2836,6,24,30
9665,2012-02-12,1,1,2,15,0,0,0,1,0.16,0.1212,0.4,0.5522,5,150,155
15042,2012-09-23,4,1,9,22,0,0,0,1,0.52,0.5,0.48,0,40,98,138
4611,2011-07-16,3,0,7,0,0,6,0,1,0.62,0.6061,0.65,0.194,42,68,110
300,2011-01-13,1,0,1,22,0,4,1,1,0.14,0.1212,0.46,0.3284,0,30,30
1108,2011-02-18,1,0,2,21,0,5,1,1,0.58,0.5455,0.21,0.4925,11,61,72
11791,2012-05-11,2,1,5,11,0,5,1,1,0.56,0.5303,0.35,0.2537,88,203,291
14214,2012-08-20,3,1,8,10,0,1,1,2,0.64,0.6061,0.69,0.0896,69,124,193
9244,2012-01-26,1,1,1,1,0,4,1,2,0.28,0.3182,0.75,0,5,16,21
3249,2011-05-20,2,0,5,6,0,5,1,1,0.46,0.4545,0.88,0.1045,15,102,117
6904,2011-10-20,4,0,10,6,0,4,1,1,0.44,0.4394,0.82,0.4179,5,87,92
2446,2011-04-16,2,0,4,19,0,6,0,2,0.52,0.5,0.94,0.4179,9,62,71
1609,2011-03-12,1,0,3,12,0,6,0,1,0.34,0.3182,0.53,0.2836,51,107,158
6474,2011-10-02,4,0,10,7,0,0,0,1,0.34,0.3333,0.76,0.194,5,24,29
11630,2012-05-04,2,1,5,18,0,5,1,1,0.7,0.6515,0.54,0.4627,77,564,641
17227,2012-12-25,1,1,12,15,1,2,0,1,0.36,0.3333,0.5,0.2537,51,56,107
2630,2011-04-24,2,0,4,11,0,0,0,1,0.66,0.6212,0.65,0.1343,124,193,317
9,2011-01-01,1,0,1,8,0,6,0,1,0.24,0.2879,0.75,0,1,7,8
9301,2012-01-28,1,1,1,10,0,6,0,1,0.26,0.2727,0.7,0.1343,27,164,191
12663,2012-06-16,2,1,6,19,0,6,0,2,0.7,0.6364,0.42,0.194,184,277,461
9705,2012-02-14,1,1,2,7,0,2,1,2,0.24,0.2576,0.6,0.0896,4,276,280
14908,2012-09-18,3,1,9,8,0,2,1,2,0.66,0.6061,0.83,0.5522,32,640,672
4128,2011-06-25,3,0,6,21,0,6,0,1,0.68,0.6364,0.51,0.1642,62,140,202
13224,2012-07-10,3,1,7,4,0,2,1,1,0.68,0.6364,0.79,0.1343,0,4,4
4190,2011-06-28,3,0,6,11,0,2,1,1,0.82,0.7576,0.46,0,49,118,167
9486,2012-02-05,1,1,2,3,0,0,0,3,0.24,0.2576,0.87,0.0896,4,13,17
10782,2012-03-30,2,1,3,8,0,5,1,1,0.32,0.3182,0.66,0.1642,38,555,593
13373,2012-07-16,3,1,7,9,0,1,1,1,0.76,0.7121,0.62,0.1642,51,297,348
1006,2011-02-14,1,0,2,13,0,1,1,1,0.58,0.5455,0.19,0.3881,27,93,120
4763,2011-07-22,3,0,7,8,0,5,1,2,0.84,0.8485,0.63,0.1642,30,292,322
15679,2012-10-20,4,1,10,11,0,6,0,1,0.54,0.5152,0.52,0.2239,204,408,612
8758,2012-01-05,1,1,1,17,0,4,1,2,0.36,0.3485,0.34,0.194,19,393,412
15074,2012-09-25,4,1,9,6,0,2,1,1,0.44,0.4394,0.77,0.2239,5,189,194
15950,2012-11-02,4,1,11,6,0,5,1,1,0.3,0.303,0.7,0.1642,2,120,122
4150,2011-06-26,3,0,6,19,0,0,0,2,0.72,0.6667,0.48,0.1343,89,228,317
14277,2012-08-23,3,1,8,1,0,4,1,1,0.62,0.5758,0.83,0,10,15,25
5621,2011-08-27,3,0,8,2,0,6,0,1,0.7,0.6667,0.84,0.194,18,59,77
751,2011-02-03,1,0,2,16,0,4,1,1,0.22,0.2121,0.37,0.2537,5,73,78
1191,2011-02-22,1,0,2,15,0,2,1,1,0.24,0.2273,0.48,0.194,2,67,69
4169,2011-06-27,3,0,6,14,0,1,1,2,0.72,0.6667,0.58,0.0896,58,100,158
4105,2011-06-24,3,0,6,22,0,5,1,1,0.7,0.6515,0.48,0,41,126,167
13803,2012-08-03,3,1,8,7,0,5,1,1,0.7,0.6667,0.74,0.1045,25,396,421
4005,2011-06-20,2,0,6,18,0,1,1,1,0.7,0.6515,0.61,0.2537,64,474,538
4717,2011-07-20,3,0,7,10,0,3,1,1,0.76,0.7273,0.7,0,34,76,110
16544,2012-11-27,4,1,11,1,0,2,1,2,0.32,0.3333,0.7,0.1343,0,6,6
11287,2012-04-20,2,1,4,11,0,5,1,1,0.54,0.5152,0.68,0.1642,64,190,254
14987,2012-09-21,3,1,9,15,0,5,1,1,0.7,0.6515,0.54,0.2239,90,333,423
10022,2012-02-27,1,1,2,14,0,1,1,1,0.46,0.4545,0.36,0.2836,24,134,158
6463,2011-10-01,4,0,10,20,0,6,0,3,0.36,0.3636,0.87,0.1045,8,58,66
4841,2011-07-25,3,0,7,14,0,1,1,2,0.72,0.697,0.79,0.194,28,62,90
7464,2011-11-12,4,0,11,14,0,6,0,1,0.5,0.4848,0.36,0.2985,191,244,435
13647,2012-07-27,3,1,7,19,0,5,1,1,0.82,0.7727,0.52,0.194,93,423,516
6596,2011-10-07,4,0,10,9,0,5,1,1,0.48,0.4697,0.77,0,34,207,241
14957,2012-09-20,3,1,9,9,0,4,1,1,0.56,0.5303,0.6,0.0896,25,330,355
1311,2011-02-27,1,0,2,19,0,0,0,1,0.4,0.4091,0.54,0.1343,16,86,102
12078,2012-05-23,2,1,5,10,0,3,1,1,0.62,0.5909,0.78,0.0896,52,139,191
10384,2012-03-13,1,1,3,18,0,2,1,1,0.7,0.6364,0.34,0.2985,96,638,734
7701,2011-11-22,4,0,11,11,0,2,1,3,0.4,0.4091,0.94,0.1343,4,28,32
9863,2012-02-20,1,1,2,22,1,1,0,1,0.3,0.3182,0.45,0.0896,9,53,62
8399,2011-12-21,1,0,12,14,0,3,1,2,0.48,0.4697,0.88,0.3582,11,40,51
15801,2012-10-25,4,1,10,13,0,4,1,2,0.56,0.5303,0.78,0,49,264,313
15332,2012-10-06,4,1,10,0,0,6,0,1,0.56,0.5303,0.83,0.1642,37,154,191
4974,2011-07-31,3,0,7,3,0,0,0,1,0.74,0.697,0.66,0,24,26,50
3032,2011-05-11,2,0,5,5,0,3,1,1,0.46,0.4545,0.88,0.1343,0,20,20
11753,2012-05-09,2,1,5,21,0,3,1,3,0.5,0.4848,0.82,0.1642,4,30,34
15351,2012-10-06,4,1,10,19,0,6,0,1,0.48,0.4697,0.55,0.2239,102,239,341
14671,2012-09-08,3,1,9,11,0,6,0,1,0.76,0.7121,0.62,0.4478,173,405,578
11589,2012-05-03,2,1,5,1,0,4,1,2,0.46,0.4545,0.88,0.1045,9,15,24
3091,2011-05-13,2,0,5,16,0,5,1,2,0.52,0.5,0.88,0.1343,44,256,300
1809,2011-03-21,2,0,3,1,0,1,1,2,0.34,0.303,0.71,0.3881,1,6,7
2519,2011-04-19,2,0,4,20,0,2,1,2,0.5,0.4848,0.72,0.2239,20,148,168
16688,2012-12-03,4,1,12,2,0,1,1,1,0.42,0.4242,0.77,0.1642,1,9,10
15188,2012-09-30,4,1,9,0,0,0,0,1,0.5,0.4848,0.59,0,35,112,147
6614,2011-10-08,4,0,10,3,0,6,0,1,0.44,0.4394,0.88,0,4,16,20
264,2011-01-12,1,0,1,10,0,3,1,1,0.18,0.1818,0.55,0.2239,0,39,39
12854,2012-06-24,3,1,6,18,0,0,0,1,0.82,0.7273,0.34,0.2537,186,348,534
2677,2011-04-26,2,0,4,10,0,2,1,1,0.66,0.6212,0.69,0.3582,22,98,120
13788,2012-08-02,3,1,8,16,0,4,1,1,0.82,0.7576,0.46,0.194,71,335,406
2814,2011-05-02,2,0,5,3,0,1,1,1,0.44,0.4394,0.77,0.1343,9,7,16
345,2011-01-15,1,0,1,20,0,6,0,2,0.32,0.303,0.39,0.2537,6,35,41
11904,2012-05-16,2,1,5,4,0,3,1,1,0.54,0.5152,0.94,0.1343,1,3,4
7932,2011-12-02,4,0,12,3,0,5,1,1,0.22,0.2727,0.8,0,0,1,1
15542,2012-10-14,4,1,10,18,0,0,0,1,0.58,0.5455,0.6,0.2537,134,319,453
8819,2012-01-08,1,1,1,6,0,0,0,2,0.3,0.3333,0.52,0,0,2,2
2546,2011-04-20,2,0,4,23,0,3,1,1,0.6,0.6212,0.4,0.3284,14,79,93
11451,2012-04-27,2,1,4,7,0,5,1,1,0.38,0.3939,0.5,0.2836,10,305,315
15957,2012-11-02,4,1,11,13,0,5,1,1,0.4,0.4091,0.43,0.3582,64,230,294
2085,2011-04-01,2,0,4,17,0,5,1,1,0.34,0.303,0.46,0.3284,36,245,281
13073,2012-07-03,3,1,7,21,0,2,1,2,0.7,0.6515,0.7,0.2836,36,160,196
9333,2012-01-29,1,1,1,18,0,0,0,1,0.34,0.303,0.23,0.3582,17,151,168
1371,2011-03-02,1,0,3,9,0,3,1,1,0.28,0.2576,0.56,0.2985,7,141,148
5352,2011-08-15,3,0,8,21,0,1,1,1,0.66,0.6212,0.65,0.194,34,150,184
3951,2011-06-18,2,0,6,12,0,6,0,1,0.74,0.697,0.66,0.0896,162,258,420
8029,2011-12-06,4,0,12,4,0,2,1,3,0.46,0.4545,0.88,0.2239,0,7,7
7712,2011-11-22,4,0,11,22,0,2,1,2,0.5,0.4848,0.94,0.194,6,81,87
4059,2011-06-23,3,0,6,0,0,4,1,1,0.72,0.697,0.79,0.2239,5,44,49
16553,2012-11-27,4,1,11,10,0,2,1,3,0.32,0.3182,0.81,0.194,5,52,57
2440,2011-04-16,2,0,4,13,0,6,0,3,0.46,0.4545,0.94,0.5224,9,49,58
14014,2012-08-12,3,1,8,2,0,0,0,1,0.64,0.6061,0.69,0.1343,19,67,86
7753,2011-11-24,4,0,11,15,1,4,0,1,0.5,0.4848,0.31,0.2537,78,71,149
6910,2011-10-20,4,0,10,12,0,4,1,1,0.48,0.4697,0.48,0.5224,28,171,199
4487,2011-07-10,3,0,7,20,0,0,0,1,0.76,0.697,0.55,0.194,101,167,268
10543,2012-03-20,1,1,3,9,0,2,1,2,0.54,0.5152,0.88,0.1642,41,284,325
12042,2012-05-21,2,1,5,22,0,1,1,2,0.62,0.5909,0.73,0.1642,26,116,142
8333,2011-12-18,4,0,12,20,0,0,0,1,0.24,0.2576,0.6,0.1045,10,94,104
9893,2012-02-22,1,1,2,5,0,3,1,1,0.32,0.3333,0.7,0.1045,1,29,30
4140,2011-06-26,3,0,6,9,0,0,0,1,0.66,0.6212,0.54,0.0896,75,131,206
4062,2011-06-23,3,0,6,3,0,4,1,2,0.72,0.697,0.74,0.1642,1,4,5
1965,2011-03-27,2,0,3,16,0,0,0,1,0.34,0.3333,0.34,0,45,98,143
2792,2011-05-01,2,0,5,5,0,0,0,1,0.4,0.4091,0.82,0.0896,0,10,10
8930,2012-01-12,1,1,1,22,0,4,1,1,0.38,0.3939,0.76,0.2985,12,121,133
14078,2012-08-14,3,1,8,18,0,2,1,1,0.76,0.7121,0.62,0.2836,97,757,854
11428,2012-04-26,2,1,4,8,0,4,1,3,0.46,0.4545,0.82,0.194,4,358,362
1977,2011-03-28,2,0,3,5,0,1,1,1,0.18,0.1818,0.43,0.194,0,8,8
14625,2012-09-06,3,1,9,13,0,4,1,2,0.72,0.697,0.79,0.1045,39,152,191
17284,2012-12-28,1,1,12,0,0,5,1,2,0.24,0.2424,0.6,0.1642,3,22,25
9025,2012-01-16,1,1,1,21,1,1,0,1,0.28,0.2576,0.52,0.3284,3,46,49
13967,2012-08-10,3,1,8,3,0,5,1,2,0.72,0.697,0.79,0.194,3,6,9
1767,2011-03-19,1,0,3,7,0,6,0,1,0.4,0.4091,0.5,0.3284,4,9,13
4448,2011-07-09,3,0,7,5,0,6,0,2,0.62,0.5606,0.88,0.1642,4,11,15
8295,2011-12-17,4,0,12,6,0,6,0,2,0.26,0.2424,0.56,0.2836,0,17,17
2502,2011-04-19,2,0,4,3,0,2,1,1,0.48,0.4697,0.63,0.2239,0,3,3
1489,2011-03-07,1,0,3,9,0,1,1,1,0.22,0.1818,0.64,0.4627,5,129,134
12920,2012-06-27,3,1,6,12,0,3,1,1,0.76,0.6667,0.29,0.2985,77,245,322
4755,2011-07-22,3,0,7,0,0,5,1,1,0.82,0.8333,0.63,0.1343,9,51,60
11633,2012-05-04,2,1,5,21,0,5,1,1,0.64,0.6061,0.69,0.194,49,186,235
3234,2011-05-19,2,0,5,15,0,4,1,1,0.56,0.5303,0.78,0.1642,63,125,188
14262,2012-08-22,3,1,8,10,0,3,1,1,0.7,0.6515,0.61,0.0896,66,159,225
16799,2012-12-07,4,1,12,17,0,5,1,2,0.38,0.3939,0.66,0,29,539,568
11637,2012-05-05,2,1,5,1,0,6,0,1,0.6,0.5606,0.83,0,28,79,107
543,2011-01-24,1,0,1,18,0,1,1,1,0.14,0.1364,0.59,0.194,8,145,153
6333,2011-09-26,4,0,9,10,0,1,1,2,0.64,0.5758,0.89,0.194,37,117,154
13790,2012-08-02,3,1,8,18,0,4,1,1,0.8,0.7727,0.59,0.2239,86,681,767
1072,2011-02-17,1,0,2,9,0,4,1,1,0.36,0.3485,0.57,0.194,16,163,179
10946,2012-04-06,2,1,4,5,0,5,1,1,0.32,0.303,0.53,0.3284,0,23,23
16453,2012-11-23,4,1,11,6,0,5,1,1,0.24,0.2879,0.81,0,0,20,20
4772,2011-07-22,3,0,7,17,0,5,1,1,0.88,0.8485,0.47,0.1045,35,271,306
1656,2011-03-14,1,0,3,13,0,1,1,1,0.38,0.3939,0.36,0.3284,24,51,75
11520,2012-04-30,2,1,4,4,0,1,1,1,0.38,0.3939,0.62,0.2537,0,2,2
10468,2012-03-17,1,1,3,6,0,6,0,2,0.42,0.4242,0.94,0.194,1,29,30
9614,2012-02-10,1,1,2,12,0,5,1,2,0.3,0.303,0.42,0.1343,8,168,176
2184,2011-04-05,2,0,4,20,0,2,1,1,0.34,0.3182,0.46,0.2836,4,87,91
2700,2011-04-27,2,0,4,9,0,3,1,2,0.6,0.5455,0.88,0.4179,20,161,181
5814,2011-09-04,3,0,9,16,0,0,0,1,0.8,0.7727,0.59,0.2239,196,141,337
16214,2012-11-13,4,1,11,7,0,2,1,3,0.32,0.303,0.87,0.2537,1,106,107
6256,2011-09-23,4,0,9,5,0,5,1,2,0.62,0.5455,0.94,0,2,20,22
1808,2011-03-21,2,0,3,0,0,1,1,3,0.34,0.303,0.66,0.3881,2,11,13
11593,2012-05-03,2,1,5,5,0,4,1,2,0.46,0.4545,0.88,0.2537,1,20,21
2127,2011-04-03,2,0,4,11,0,0,0,1,0.42,0.4242,0.41,0.2537,139,104,243
1012,2011-02-14,1,0,2,19,0,1,1,1,0.38,0.3939,0.43,0.4925,12,86,98
15947,2012-11-02,4,1,11,3,0,5,1,1,0.3,0.303,0.7,0.1642,0,3,3
5275,2011-08-12,3,0,8,16,0,5,1,1,0.82,0.7121,0.28,0,68,266,334
8528,2011-12-27,1,0,12,1,0,2,1,1,0.26,0.2727,0.7,0.1343,0,6,6
5557,2011-08-24,3,0,8,10,0,3,1,1,0.7,0.6515,0.58,0.2836,51,95,146
17132,2012-12-21,1,1,12,14,0,5,1,2,0.32,0.2879,0.39,0.4478,20,199,219
3942,2011-06-18,2,0,6,3,0,6,0,1,0.6,0.5455,0.88,0.0896,4,16,20
14802,2012-09-13,3,1,9,22,0,4,1,1,0.6,0.5909,0.69,0.1343,28,223,251
13890,2012-08-06,3,1,8,22,0,1,1,1,0.74,0.697,0.7,0.0896,50,157,207
2075,2011-04-01,2,0,4,7,0,5,1,3,0.24,0.2424,0.93,0,4,91,95
4187,2011-06-28,3,0,6,8,0,2,1,1,0.7,0.6667,0.79,0.1642,39,417,456
10297,2012-03-10,1,1,3,2,0,6,0,1,0.26,0.2424,0.41,0.2537,12,30,42
10419,2012-03-15,1,1,3,5,0,4,1,1,0.46,0.4545,0.67,0,2,24,26
475,2011-01-21,1,0,1,19,0,5,1,1,0.12,0.1061,0.3,0.3284,3,93,96
1854,2011-03-22,2,0,3,23,0,2,1,2,0.4,0.4091,0.58,0.2537,4,28,32
915,2011-02-10,1,0,2,15,0,4,1,1,0.2,0.197,0.25,0.2537,0,50,50
8038,2011-12-06,4,0,12,13,0,2,1,3,0.46,0.4545,1,0.194,6,65,71
9672,2012-02-12,1,1,2,22,0,0,0,1,0.14,0.1515,0.43,0.1642,0,28,28
3261,2011-05-20,2,0,5,18,0,5,1,1,0.6,0.6212,0.56,0.1642,79,394,473
16343,2012-11-18,4,1,11,16,0,0,0,2,0.4,0.4091,0.62,0.3284,59,313,372
14161,2012-08-18,3,1,8,5,0,6,0,1,0.6,0.5758,0.78,0.2537,2,7,9
2895,2011-05-05,2,0,5,12,0,4,1,1,0.52,0.5,0.34,0.3582,27,169,196
17099,2012-12-20,4,1,12,5,0,4,1,2,0.3,0.3182,0.7,0.1045,0,35,35
10793,2012-03-30,2,1,3,19,0,5,1,1,0.4,0.4091,0.62,0.2239,42,353,395
11500,2012-04-29,2,1,4,8,0,0,0,1,0.38,0.3939,0.76,0.1343,26,81,107
8986,2012-01-15,1,1,1,6,0,0,0,2,0.14,0.1212,0.5,0.2836,1,7,8
10238,2012-03-07,1,1,3,15,0,3,1,1,0.54,0.5152,0.37,0.4478,44,165,209
12401,2012-06-05,2,1,6,21,0,2,1,1,0.54,0.5152,0.56,0.1642,30,253,283
13349,2012-07-15,3,1,7,9,0,0,0,2,0.72,0.697,0.79,0,58,163,221
15642,2012-10-18,4,1,10,22,0,4,1,2,0.54,0.5152,0.83,0.194,27,202,229
4668,2011-07-18,3,0,7,9,0,1,1,1,0.74,0.697,0.67,0.2239,33,170,203
3610,2011-06-04,2,0,6,7,0,6,0,1,0.56,0.5303,0.56,0,27,60,87
7697,2011-11-22,4,0,11,7,0,2,1,3,0.38,0.3939,0.94,0.2239,2,119,121
14891,2012-09-17,3,1,9,15,0,1,1,2,0.64,0.6061,0.65,0.2537,82,256,338
6216,2011-09-21,3,0,9,13,0,3,1,2,0.66,0.6212,0.74,0.1642,37,144,181
7251,2011-11-03,4,0,11,17,0,4,1,1,0.48,0.4697,0.55,0.0896,33,465,498
14703,2012-09-09,3,1,9,19,0,0,0,1,0.66,0.6212,0.36,0.2537,134,362,496
1384,2011-03-02,1,0,3,22,0,3,1,1,0.3,0.2576,0.26,0.5522,4,44,48
3595,2011-06-03,2,0,6,16,0,5,1,1,0.72,0.6364,0.26,0.3284,63,286,349
2910,2011-05-06,2,0,5,3,0,5,1,1,0.36,0.3636,0.71,0.1045,3,6,9
1749,2011-03-18,1,0,3,13,0,5,1,1,0.64,0.6212,0.41,0.2836,57,118,175
11371,2012-04-23,2,1,4,23,0,1,1,1,0.32,0.3182,0.76,0.1642,10,49,59
9379,2012-01-31,1,1,1,16,0,2,1,1,0.54,0.5152,0.26,0.4478,30,277,307
1214,2011-02-23,1,0,2,15,0,3,1,1,0.34,0.3485,0.25,0.0896,18,54,72
1123,2011-02-19,1,0,2,12,0,6,0,1,0.44,0.4394,0.18,0.4925,38,81,119
3012,2011-05-10,2,0,5,9,0,2,1,2,0.52,0.5,0.48,0.1045,29,176,205
85,2011-01-04,1,0,1,16,0,2,1,1,0.3,0.2879,0.49,0.2537,15,68,83
1227,2011-02-24,1,0,2,5,0,4,1,1,0.2,0.2121,0.69,0.1343,1,3,4
9645,2012-02-11,1,1,2,19,0,6,0,2,0.2,0.1515,0.4,0.5522,2,85,87
11563,2012-05-01,2,1,5,23,0,2,1,1,0.6,0.5758,0.78,0,16,79,95
6677,2011-10-10,4,0,10,18,1,1,0,2,0.64,0.6212,0.53,0,108,365,473
6499,2011-10-03,4,0,10,8,0,1,1,2,0.36,0.3636,0.71,0.1045,13,359,372
14670,2012-09-08,3,1,9,10,0,6,0,1,0.74,0.697,0.7,0.3881,100,322,422
8569,2011-12-28,1,0,12,19,0,3,1,1,0.24,0.2273,0.41,0.2537,16,135,151
2749,2011-04-29,2,0,4,10,0,5,1,1,0.56,0.5303,0.4,0.2836,57,99,156
3299,2011-05-22,2,0,5,8,0,0,0,1,0.6,0.5909,0.73,0.0896,29,65,94
1605,2011-03-12,1,0,3,8,0,6,0,1,0.26,0.2576,0.65,0.1642,9,44,53
9158,2012-01-22,1,1,1,11,0,0,0,3,0.16,0.1515,0.8,0.2537,18,115,133
12273,2012-05-31,2,1,5,13,0,4,1,1,0.74,0.6515,0.35,0.1343,77,216,293
3895,2011-06-16,2,0,6,4,0,4,1,2,0.56,0.5303,0.68,0.1045,0,6,6
177,2011-01-08,1,0,1,15,0,6,0,1,0.2,0.1667,0.32,0.4478,5,69,74
13431,2012-07-18,3,1,7,19,0,3,1,2,0.76,0.7121,0.62,0.1045,78,438,516
2359,2011-04-13,2,0,4,4,0,3,1,3,0.4,0.4091,0.94,0.3284,1,2,3
12024,2012-05-21,2,1,5,4,0,1,1,3,0.56,0.5303,0.88,0.2985,2,5,7
2232,2011-04-07,2,0,4,20,0,4,1,1,0.44,0.4394,0.62,0.1642,37,166,203
14098,2012-08-15,3,1,8,14,0,3,1,2,0.76,0.697,0.52,0.2985,94,161,255
10207,2012-03-06,1,1,3,8,0,2,1,1,0.16,0.1818,0.59,0.1045,14,487,501
16002,2012-11-04,4,1,11,10,0,0,0,1,0.34,0.3333,0.49,0.194,73,287,360
6014,2011-09-13,3,0,9,3,0,2,1,1,0.58,0.5455,0.83,0,2,2,4
2415,2011-04-15,2,0,4,12,1,5,0,1,0.52,0.5,0.55,0.2836,45,155,200
1431,2011-03-04,1,0,3,21,0,5,1,2,0.3,0.2879,0.7,0.2239,6,64,70
1513,2011-03-08,1,0,3,9,0,2,1,1,0.26,0.2576,0.41,0.1642,11,140,151
7376,2011-11-08,4,0,11,22,0,2,1,1,0.36,0.3788,0.87,0,13,95,108
14975,2012-09-21,3,1,9,3,0,5,1,1,0.5,0.4848,0.77,0.0896,1,11,12
4534,2011-07-12,3,0,7,19,0,2,1,1,0.84,0.7576,0.44,0.2836,42,295,337
5021,2011-08-02,3,0,8,2,0,2,1,1,0.68,0.6364,0.69,0,2,6,8
10620,2012-03-23,2,1,3,14,0,5,1,2,0.72,0.6515,0.42,0.1045,208,224,432
15758,2012-10-23,4,1,10,18,0,2,1,1,0.62,0.6212,0.53,0.0896,64,762,826
2585,2011-04-22,2,0,4,14,0,5,1,3,0.34,0.3182,0.87,0.2537,3,33,36
12948,2012-06-28,3,1,6,16,0,4,1,1,0.88,0.7424,0.23,0.194,56,331,387
13274,2012-07-12,3,1,7,6,0,4,1,1,0.64,0.6061,0.73,0.0896,7,171,178
13992,2012-08-11,3,1,8,4,0,6,0,1,0.62,0.5758,0.83,0.1045,3,7,10
16249,2012-11-14,4,1,11,18,0,3,1,1,0.32,0.3182,0.53,0.1642,24,543,567
2405,2011-04-15,2,0,4,2,1,5,0,1,0.4,0.4091,0.76,0,8,10,18
12060,2012-05-22,2,1,5,16,0,2,1,1,0.68,0.6364,0.61,0.1045,70,316,386
2617,2011-04-23,2,0,4,22,0,6,0,2,0.58,0.5455,0.78,0.2537,55,114,169
8132,2011-12-10,4,0,12,11,0,6,0,1,0.32,0.2879,0.53,0.4179,44,192,236
1298,2011-02-27,1,0,2,6,0,0,0,1,0.24,0.2879,0.87,0,2,1,3
11434,2012-04-26,2,1,4,14,0,4,1,2,0.54,0.5152,0.77,0.194,37,132,169
554,2011-01-25,1,0,1,6,0,2,1,1,0.16,0.1818,0.74,0.1045,1,35,36
9070,2012-01-18,1,1,1,19,0,3,1,1,0.22,0.197,0.37,0.3881,5,251,256
10867,2012-04-02,2,1,4,22,0,1,1,1,0.42,0.4242,0.44,0.194,17,106,123
16772,2012-12-06,4,1,12,14,0,4,1,1,0.3,0.3182,0.42,0.0896,37,175,212
16639,2012-12-01,4,1,12,1,0,6,0,1,0.26,0.303,0.81,0,5,64,69
5182,2011-08-08,3,0,8,19,0,1,1,1,0.82,0.7424,0.43,0.1045,64,352,416
11582,2012-05-02,2,1,5,18,0,3,1,1,0.56,0.5303,0.73,0.2239,43,770,813
12566,2012-06-12,2,1,6,18,0,2,1,1,0.68,0.6364,0.83,0.194,57,596,653
2996,2011-05-09,2,0,5,17,0,1,1,1,0.62,0.6212,0.38,0.2537,59,539,598
435,2011-01-20,1,0,1,3,0,4,1,1,0.26,0.2576,0.56,0.1642,0,1,1
6608,2011-10-07,4,0,10,21,0,5,1,1,0.5,0.4848,0.68,0,22,144,166
10971,2012-04-07,2,1,4,6,0,6,0,1,0.32,0.3182,0.36,0.194,1,18,19
5810,2011-09-04,3,0,9,12,0,0,0,1,0.76,0.7273,0.66,0.1642,214,221,435
6625,2011-10-08,4,0,10,14,0,6,0,1,0.62,0.6212,0.5,0.0896,251,214,465
14051,2012-08-13,3,1,8,15,0,1,1,1,0.82,0.7273,0.34,0.2239,80,194,274
14650,2012-09-07,3,1,9,14,0,5,1,1,0.8,0.7727,0.59,0.2537,66,187,253
15557,2012-10-15,4,1,10,9,0,1,1,3,0.6,0.5909,0.69,0.3881,31,328,359
2698,2011-04-27,2,0,4,7,0,3,1,2,0.58,0.5455,0.88,0.2836,17,229,246
1334,2011-02-28,1,0,2,20,0,1,1,3,0.44,0.4394,0.88,0.6119,0,45,45
510,2011-01-23,1,0,1,8,0,0,0,1,0.06,0.0758,0.62,0.1642,2,17,19
4450,2011-07-09,3,0,7,7,0,6,0,1,0.66,0.6061,0.78,0.194,21,50,71
4851,2011-07-26,3,0,7,0,0,2,1,1,0.7,0.6667,0.79,0.1045,8,20,28
11379,2012-04-24,2,1,4,7,0,2,1,1,0.32,0.303,0.66,0.2836,3,387,390
1534,2011-03-09,1,0,3,6,0,3,1,2,0.24,0.2576,0.85,0.1045,5,44,49
11454,2012-04-27,2,1,4,10,0,5,1,1,0.44,0.4394,0.38,0.4179,64,172,236
7566,2011-11-16,4,0,11,20,0,3,1,3,0.44,0.4394,0.88,0.3881,5,94,99
10258,2012-03-08,1,1,3,11,0,4,1,2,0.54,0.5152,0.6,0.4627,48,156,204
13651,2012-07-27,3,1,7,23,0,5,1,1,0.76,0.7273,0.66,0,34,155,189
14112,2012-08-16,3,1,8,4,0,4,1,1,0.62,0.5909,0.73,0.2239,2,3,5
8142,2011-12-10,4,0,12,21,0,6,0,1,0.22,0.2121,0.44,0.2239,4,79,83
10640,2012-03-24,2,1,3,10,0,6,0,2,0.52,0.5,0.88,0.194,148,197,345
6558,2011-10-05,4,0,10,19,0,3,1,1,0.58,0.5455,0.56,0.1343,40,334,374
11212,2012-04-17,2,1,4,8,0,2,1,1,0.6,0.6212,0.43,0.2239,42,631,673
16207,2012-11-13,4,1,11,0,0,2,1,2,0.52,0.5,0.83,0.2836,5,18,23
16463,2012-11-23,4,1,11,16,0,5,1,2,0.48,0.4697,0.41,0.1045,158,199,357
12524,2012-06-11,2,1,6,0,0,1,1,1,0.7,0.6515,0.65,0.1045,8,33,41
933,2011-02-11,1,0,2,11,0,5,1,1,0.22,0.2273,0.47,0.1343,12,52,64
14930,2012-09-19,3,1,9,6,0,3,1,1,0.52,0.5,0.63,0.2537,6,166,172
10469,2012-03-17,1,1,3,7,0,6,0,2,0.4,0.4091,1,0.1343,29,57,86
17260,2012-12-27,1,1,12,0,0,4,1,3,0.26,0.2273,0.87,0.2985,0,3,3
9361,2012-01-30,1,1,1,22,0,1,1,1,0.28,0.2727,0.48,0.2239,2,92,94
12126,2012-05-25,2,1,5,10,0,5,1,1,0.68,0.6364,0.79,0.1642,69,163,232
10494,2012-03-18,1,1,3,8,0,0,0,2,0.42,0.4242,0.88,0.1045,25,71,96
3616,2011-06-04,2,0,6,13,0,6,0,1,0.74,0.6515,0.28,0.1343,188,268,456
14774,2012-09-12,3,1,9,18,0,3,1,1,0.66,0.6212,0.44,0.2537,91,886,977
1369,2011-03-02,1,0,3,7,0,3,1,1,0.22,0.2121,0.64,0.2537,2,108,110
7291,2011-11-05,4,0,11,9,0,6,0,1,0.3,0.2727,0.56,0.2985,30,111,141
10286,2012-03-09,1,1,3,15,0,5,1,1,0.46,0.4545,0.24,0.2537,50,188,238
1548,2011-03-09,1,0,3,20,0,3,1,2,0.32,0.3182,0.87,0.194,4,87,91
7126,2011-10-29,4,0,10,12,0,6,0,3,0.24,0.197,0.87,0.4925,6,44,50
7342,2011-11-07,4,0,11,12,0,1,1,1,0.46,0.4545,0.67,0,21,158,179
6425,2011-09-30,4,0,9,6,0,5,1,1,0.52,0.5,0.83,0.2239,0,98,98
8064,2011-12-07,4,0,12,15,0,3,1,3,0.42,0.4242,0.94,0.2239,5,25,30
12636,2012-06-15,2,1,6,16,0,5,1,1,0.72,0.6515,0.37,0.194,132,426,558
3975,2011-06-19,2,0,6,12,0,0,0,2,0.74,0.6818,0.55,0.0896,141,255,396
6491,2011-10-03,4,0,10,0,0,1,1,1,0.34,0.3485,0.87,0.1045,3,13,16
354,2011-01-16,1,0,1,5,0,0,0,2,0.26,0.2576,0.56,0.1642,1,1,2
12123,2012-05-25,2,1,5,7,0,5,1,2,0.62,0.5606,0.88,0.1642,7,352,359
16465,2012-11-23,4,1,11,18,0,5,1,2,0.46,0.4545,0.44,0,50,158,208
14977,2012-09-21,3,1,9,5,0,5,1,1,0.5,0.4848,0.82,0,2,47,49
3014,2011-05-10,2,0,5,11,0,2,1,2,0.56,0.5303,0.43,0.1343,17,108,125
10456,2012-03-16,1,1,3,18,0,5,1,3,0.48,0.4697,0.82,0.0896,31,377,408
1936,2011-03-26,2,0,3,10,0,6,0,1,0.26,0.2576,0.41,0.1642,32,93,125
804,2011-02-05,1,0,2,22,0,6,0,1,0.26,0.2727,0.93,0.1343,2,43,45
9239,2012-01-25,1,1,1,20,0,3,1,1,0.32,0.3182,0.61,0.194,10,225,235
3669,2011-06-06,2,0,6,18,0,1,1,1,0.76,0.6667,0.31,0.1343,56,500,556
5355,2011-08-16,3,0,8,0,0,2,1,1,0.64,0.6061,0.69,0.1045,8,23,31
11020,2012-04-09,2,1,4,7,0,1,1,1,0.42,0.4242,0.28,0.194,11,320,331
16121,2012-11-09,4,1,11,10,0,5,1,1,0.36,0.3333,0.5,0.3284,34,163,197
9704,2012-02-14,1,1,2,6,0,2,1,2,0.26,0.303,0.56,0,1,89,90
14245,2012-08-21,3,1,8,17,0,2,1,1,0.74,0.6667,0.51,0.2836,92,786,878
8798,2012-01-07,1,1,1,9,0,6,0,1,0.22,0.2273,0.8,0.1343,14,116,130
13132,2012-07-06,3,1,7,8,0,5,1,1,0.8,0.7121,0.41,0.1642,28,557,585
2924,2011-05-06,2,0,5,17,0,5,1,1,0.58,0.5455,0.4,0.3582,83,470,553
16925,2012-12-12,4,1,12,23,0,3,1,2,0.28,0.2727,0.56,0.2239,3,76,79
8331,2011-12-18,4,0,12,18,0,0,0,1,0.28,0.2727,0.45,0.194,15,123,138
10394,2012-03-14,1,1,3,4,0,3,1,1,0.48,0.4697,0.67,0.0896,1,4,5
6498,2011-10-03,4,0,10,7,0,1,1,2,0.36,0.3485,0.71,0.1343,8,241,249
1723,2011-03-17,1,0,3,10,0,4,1,1,0.44,0.4394,0.54,0.3284,9,69,78
14360,2012-08-26,3,1,8,12,0,0,0,3,0.72,0.697,0.74,0.3582,225,401,626
1062,2011-02-16,1,0,2,23,0,3,1,1,0.38,0.3939,0.4,0.2239,2,31,33
1374,2011-03-02,1,0,3,12,0,3,1,1,0.4,0.4091,0.43,0.194,20,62,82
7713,2011-11-22,4,0,11,23,0,2,1,2,0.48,0.4697,0.94,0.2537,3,36,39
5427,2011-08-19,3,0,8,0,0,5,1,3,0.68,0.6364,0.69,0.194,9,53,62
15370,2012-10-07,4,1,10,14,0,0,0,2,0.44,0.4394,0.67,0,71,243,314
16280,2012-11-16,4,1,11,1,0,5,1,2,0.3,0.3182,0.65,0.0896,5,16,21
8763,2012-01-05,1,1,1,22,0,4,1,1,0.26,0.2576,0.6,0.1642,1,70,71
11296,2012-04-20,2,1,4,20,0,5,1,1,0.58,0.5455,0.56,0.1642,52,289,341
8577,2011-12-29,1,0,12,3,0,4,1,1,0.2,0.197,0.55,0.194,0,2,2
16853,2012-12-09,4,1,12,23,0,0,0,3,0.36,0.3636,1,0.0896,3,48,51
9595,2012-02-09,1,1,2,17,0,4,1,1,0.34,0.3333,0.34,0.1343,12,387,399
6089,2011-09-16,3,0,9,6,0,5,1,1,0.38,0.3939,0.71,0.2239,6,87,93
12785,2012-06-21,3,1,6,21,0,4,1,1,0.82,0.7727,0.52,0.194,55,256,311
8638,2011-12-31,1,0,12,16,0,6,0,1,0.44,0.4394,0.51,0.3881,52,143,195
6071,2011-09-15,3,0,9,12,0,4,1,2,0.66,0.6212,0.69,0.2985,31,148,179
16875,2012-12-10,4,1,12,21,0,1,1,2,0.46,0.4545,0.94,0.194,21,224,245
6178,2011-09-19,3,0,9,23,0,1,1,2,0.56,0.5303,0.73,0.194,13,55,68
6642,2011-10-09,4,0,10,7,0,0,0,1,0.44,0.4394,0.86,0,18,26,44
10193,2012-03-05,1,1,3,18,0,1,1,3,0.28,0.2273,0.55,0.6567,12,363,375
13042,2012-07-02,3,1,7,14,0,1,1,1,0.86,0.7576,0.34,0.2239,79,151,230
13667,2012-07-28,3,1,7,15,0,6,0,1,0.88,0.7727,0.32,0.2836,206,291,497
5423,2011-08-18,3,0,8,20,0,4,1,1,0.66,0.6061,0.83,0.1045,24,141,165
7274,2011-11-04,4,0,11,16,0,5,1,1,0.46,0.4545,0.36,0.3881,53,237,290
13072,2012-07-03,3,1,7,20,0,2,1,3,0.76,0.697,0.55,0.4925,80,296,376
8485,2011-12-25,1,0,12,5,0,0,0,1,0.2,0.2273,0.75,0.1045,0,1,1
11441,2012-04-26,2,1,4,21,0,4,1,1,0.52,0.5,0.83,0.2239,28,222,250
7751,2011-11-24,4,0,11,13,1,4,0,1,0.48,0.4697,0.33,0.2239,84,91,175
5036,2011-08-02,3,0,8,17,0,2,1,2,0.9,0.7879,0.27,0.1343,63,493,556
843,2011-02-07,1,0,2,13,0,1,1,2,0.36,0.3636,0.57,0.0896,10,54,64
10068,2012-02-29,1,1,2,13,0,3,1,2,0.36,0.3333,0.93,0.3582,4,72,76
2092,2011-04-02,2,0,4,0,0,6,0,2,0.3,0.3333,0.61,0,3,29,32
3647,2011-06-05,2,0,6,20,0,0,0,1,0.66,0.6212,0.69,0.194,84,195,279
504,2011-01-23,1,0,1,1,0,0,0,1,0.04,0.0758,0.57,0.1045,1,12,13
2272,2011-04-09,2,0,4,12,0,6,0,2,0.36,0.3485,0.81,0.1343,79,123,202
6384,2011-09-28,4,0,9,13,0,3,1,1,0.7,0.6667,0.74,0.2537,24,138,162
16973,2012-12-14,4,1,12,23,0,5,1,1,0.28,0.303,0.75,0.0896,11,123,134
15749,2012-10-23,4,1,10,9,0,2,1,2,0.5,0.4848,0.72,0.1045,29,305,334
169,2011-01-08,1,0,1,7,0,6,0,2,0.16,0.1818,0.74,0.1045,1,8,9
7734,2011-11-23,4,0,11,20,0,3,1,1,0.36,0.3333,0.62,0.3881,1,67,68
15257,2012-10-02,4,1,10,21,0,2,1,3,0.62,0.5455,0.94,0.1045,24,265,289
6827,2011-10-17,4,0,10,0,0,1,1,1,0.54,0.5152,0.56,0.3284,12,25,37
2865,2011-05-04,2,0,5,6,0,3,1,3,0.34,0.303,0.93,0.3881,0,21,21
5478,2011-08-21,3,0,8,3,0,0,0,1,0.66,0.6061,0.83,0.2239,25,26,51
15275,2012-10-03,4,1,10,15,0,3,1,2,0.72,0.6818,0.62,0.1642,59,260,319
1237,2011-02-24,1,0,2,15,0,4,1,3,0.4,0.4091,0.54,0.3881,5,58,63
16753,2012-12-05,4,1,12,19,0,3,1,1,0.38,0.3939,0.43,0.3582,14,400,414
15,2011-01-01,1,0,1,14,0,6,0,2,0.46,0.4545,0.72,0.2836,35,71,106
4886,2011-07-27,3,0,7,11,0,3,1,1,0.8,0.697,0.31,0,42,94,136
683,2011-01-31,1,0,1,18,0,1,1,2,0.16,0.1515,0.55,0.2239,3,153,156
9536,2012-02-07,1,1,2,6,0,2,1,1,0.32,0.303,0.45,0.2985,2,98,100
15073,2012-09-25,4,1,9,5,0,2,1,1,0.42,0.4242,0.77,0.0896,1,46,47
5401,2011-08-17,3,0,8,22,0,3,1,1,0.7,0.6515,0.65,0.194,29,142,171
4721,2011-07-20,3,0,7,14,0,3,1,1,0.86,0.8333,0.53,0.2239,44,83,127
14314,2012-08-24,3,1,8,14,0,5,1,1,0.78,0.697,0.43,0.1045,109,229,338
8199,2011-12-13,4,0,12,6,0,2,1,1,0.2,0.2576,0.8,0,0,92,92
3911,2011-06-16,2,0,6,20,0,4,1,1,0.62,0.5758,0.83,0.3284,25,176,201
9506,2012-02-05,1,1,2,23,0,0,0,1,0.24,0.2424,0.7,0.1343,4,38,42
15631,2012-10-18,4,1,10,11,0,4,1,2,0.56,0.5303,0.56,0.2239,79,189,268
17214,2012-12-25,1,1,12,1,1,2,0,2,0.26,0.2576,0.87,0.1642,0,13,13
12736,2012-06-19,2,1,6,20,0,2,1,1,0.8,0.7576,0.55,0.2537,59,399,458
4337,2011-07-04,3,0,7,14,1,1,0,1,0.8,0.7273,0.46,0,235,173,408
13160,2012-07-07,3,1,7,12,0,6,0,1,0.96,0.8636,0.31,0.3582,124,218,342
7121,2011-10-29,4,0,10,7,0,6,0,3,0.26,0.2273,0.87,0.3582,1,6,7
6,2011-01-01,1,0,1,5,0,6,0,2,0.24,0.2576,0.75,0.0896,0,1,1
7642,2011-11-20,4,0,11,0,0,0,0,1,0.38,0.3939,0.66,0.1642,14,79,93
12638,2012-06-15,2,1,6,18,0,5,1,1,0.72,0.6515,0.39,0.2239,121,572,693
1660,2011-03-14,1,0,3,17,0,1,1,1,0.38,0.3939,0.4,0.194,42,229,271
6620,2011-10-08,4,0,10,9,0,6,0,1,0.5,0.4848,0.77,0,54,163,217
6926,2011-10-21,4,0,10,4,0,5,1,1,0.36,0.3485,0.71,0.1642,0,6,6
10318,2012-03-10,1,1,3,23,0,6,0,1,0.26,0.2576,0.41,0.194,6,77,83
8574,2011-12-29,1,0,12,0,0,4,1,2,0.22,0.2273,0.47,0.194,4,24,28
6509,2011-10-03,4,0,10,18,0,1,1,2,0.4,0.4091,0.76,0.1642,28,384,412
488,2011-01-22,1,0,1,9,0,6,0,1,0.04,0.0303,0.41,0.2537,3,37,40
14414,2012-08-28,3,1,8,18,0,2,1,1,0.78,0.697,0.4,0.2537,82,736,818
120,2011-01-06,1,0,1,5,0,4,1,2,0.14,0.1818,0.69,0.0896,0,4,4
3001,2011-05-09,2,0,5,22,0,1,1,1,0.52,0.5,0.68,0.0896,21,95,116
12780,2012-06-21,3,1,6,16,0,4,1,1,0.9,0.8182,0.35,0.1343,37,283,320
6888,2011-10-19,4,0,10,14,0,3,1,3,0.54,0.5152,0.94,0.1642,17,80,97
9304,2012-01-28,1,1,1,13,0,6,0,1,0.34,0.3182,0.57,0.2537,80,293,373
6546,2011-10-05,4,0,10,7,0,3,1,1,0.46,0.4545,0.77,0.1045,9,292,301
15425,2012-10-09,4,1,10,21,0,2,1,2,0.48,0.4697,0.77,0.1343,16,209,225
9318,2012-01-29,1,1,1,3,0,0,0,1,0.26,0.2576,0.28,0.194,4,17,21
10934,2012-04-05,2,1,4,17,0,4,1,1,0.5,0.4848,0.31,0.1642,145,677,822
10225,2012-03-07,1,1,3,2,0,3,1,1,0.3,0.2879,0.56,0.2836,0,4,4
1403,2011-03-03,1,0,3,17,0,4,1,1,0.26,0.303,0.22,0,17,185,202
3878,2011-06-15,2,0,6,11,0,3,1,1,0.68,0.6364,0.36,0,49,115,164
10052,2012-02-28,1,1,2,20,0,2,1,1,0.4,0.4091,0.3,0.1343,2,202,204
16089,2012-11-08,4,1,11,1,0,4,1,3,0.3,0.2727,0.52,0.3582,1,11,12
17181,2012-12-23,1,1,12,15,0,0,0,1,0.34,0.3333,0.34,0.1343,39,98,137
287,2011-01-13,1,0,1,9,0,4,1,1,0.14,0.1212,0.5,0.3284,2,137,139
13813,2012-08-03,3,1,8,17,0,5,1,2,0.84,0.803,0.53,0.2836,95,646,741
13881,2012-08-06,3,1,8,13,0,1,1,1,0.8,0.7424,0.49,0.2239,85,204,289
5588,2011-08-25,3,0,8,17,0,4,1,1,0.72,0.7121,0.84,0,28,284,312
16268,2012-11-15,4,1,11,13,0,4,1,2,0.38,0.3939,0.54,0.1045,20,197,217
11125,2012-04-13,2,1,4,17,0,5,1,1,0.56,0.5303,0.24,0.1642,117,621,738
6754,2011-10-13,4,0,10,23,0,4,1,2,0.58,0.5455,0.88,0.194,2,45,47
15795,2012-10-25,4,1,10,7,0,4,1,2,0.52,0.5,0.88,0.194,18,477,495
11960,2012-05-18,2,1,5,12,0,5,1,1,0.62,0.6212,0.41,0.194,108,252,360
4795,2011-07-23,3,0,7,16,0,6,0,1,0.94,0.8788,0.38,0.1343,70,151,221
5909,2011-09-08,3,0,9,17,0,4,1,3,0.64,0.5606,0.94,0.2836,11,102,113
2808,2011-05-01,2,0,5,21,0,0,0,2,0.46,0.4545,0.82,0,23,82,105
14422,2012-08-29,3,1,8,2,0,3,1,1,0.62,0.5909,0.73,0.1343,2,4,6
3834,2011-06-13,2,0,6,15,0,1,1,1,0.7,0.6364,0.37,0.4478,58,127,185
2761,2011-04-29,2,0,4,22,0,5,1,1,0.42,0.4242,0.58,0.1642,36,110,146
14448,2012-08-30,3,1,8,4,0,4,1,1,0.62,0.5909,0.73,0,4,4,8
14212,2012-08-20,3,1,8,8,0,1,1,2,0.62,0.5909,0.73,0.1045,37,618,655
1158,2011-02-21,1,0,2,0,1,1,0,2,0.34,0.303,0.42,0.3284,7,30,37
14402,2012-08-28,3,1,8,6,0,2,1,2,0.66,0.5909,0.89,0.1045,3,144,147
7840,2011-11-28,4,0,11,7,0,1,1,1,0.42,0.4242,0.88,0,7,270,277
8822,2012-01-08,1,1,1,9,0,0,0,1,0.32,0.3333,0.53,0.1343,23,102,125
9670,2012-02-12,1,1,2,20,0,0,0,1,0.14,0.1212,0.42,0.3284,1,56,57
2806,2011-05-01,2,0,5,19,0,0,0,2,0.46,0.4545,0.84,0.1045,47,131,178
1922,2011-03-25,2,0,3,20,0,5,1,2,0.3,0.303,0.39,0.1343,6,75,81
16773,2012-12-06,4,1,12,15,0,4,1,1,0.32,0.3485,0.39,0,38,232,270
2456,2011-04-17,2,0,4,5,0,0,0,1,0.36,0.3485,0.71,0.1642,2,1,3
9074,2012-01-18,1,1,1,23,0,3,1,1,0.16,0.1364,0.47,0.2985,2,36,38
12796,2012-06-22,3,1,6,8,0,5,1,1,0.76,0.697,0.55,0.1343,49,564,613
13247,2012-07-11,3,1,7,3,0,3,1,1,0.64,0.5758,0.89,0.1343,0,5,5
2526,2011-04-20,2,0,4,3,0,3,1,1,0.42,0.4242,0.94,0,0,2,2
1685,2011-03-15,1,0,3,19,0,2,1,2,0.34,0.3182,0.71,0.2836,14,138,152
13091,2012-07-04,3,1,7,15,1,3,0,1,0.92,0.8485,0.35,0.2985,155,299,454
8218,2011-12-14,4,0,12,1,0,3,1,1,0.26,0.303,0.75,0,0,8,8
14631,2012-09-06,3,1,9,19,0,4,1,1,0.68,0.6364,0.74,0.2537,54,504,558
10316,2012-03-10,1,1,3,21,0,6,0,1,0.3,0.2879,0.39,0.2239,16,94,110
7364,2011-11-08,4,0,11,10,0,2,1,1,0.42,0.4242,0.71,0.0896,25,104,129
9864,2012-02-20,1,1,2,23,1,1,0,1,0.3,0.3333,0.39,0,0,26,26
16357,2012-11-19,4,1,11,6,0,1,1,2,0.36,0.3333,0.66,0.2537,3,128,131
14103,2012-08-15,3,1,8,19,0,3,1,1,0.7,0.6515,0.61,0.1343,124,525,649
16547,2012-11-27,4,1,11,4,0,2,1,3,0.3,0.2879,0.81,0.194,0,5,5
7229,2011-11-02,4,0,11,19,0,3,1,1,0.4,0.4091,0.76,0.1343,25,257,282
9069,2012-01-18,1,1,1,18,0,3,1,1,0.24,0.2121,0.32,0.3582,8,347,355
10453,2012-03-16,1,1,3,15,0,5,1,3,0.46,0.4545,0.82,0.1045,19,88,107
2614,2011-04-23,2,0,4,19,0,6,0,1,0.56,0.5303,0.83,0.2836,84,199,283
10386,2012-03-13,1,1,3,20,0,2,1,1,0.6,0.6212,0.49,0.1642,45,306,351
10896,2012-04-04,2,1,4,3,0,3,1,1,0.44,0.4394,0.58,0.0896,0,3,3
11113,2012-04-13,2,1,4,5,0,5,1,2,0.34,0.3333,0.53,0.1642,2,19,21
12894,2012-06-26,3,1,6,10,0,2,1,1,0.62,0.6212,0.41,0.3582,37,153,190
16706,2012-12-03,4,1,12,20,0,1,1,2,0.46,0.4545,0.77,0,16,284,300
1576,2011-03-11,1,0,3,2,0,5,1,3,0.34,0.3485,1,0.1045,2,3,5
5922,2011-09-09,3,0,9,6,0,5,1,2,0.62,0.5152,1,0.1343,3,54,57
2886,2011-05-05,2,0,5,3,0,4,1,1,0.34,0.3182,0.66,0.2537,0,4,4
12193,2012-05-28,2,1,5,5,1,1,0,1,0.6,0.5758,0.78,0.1343,4,5,9
1521,2011-03-08,1,0,3,17,0,2,1,1,0.36,0.3485,0.27,0.2239,39,209,248
4141,2011-06-26,3,0,6,10,0,0,0,1,0.72,0.6667,0.48,0.1045,136,196,332
1618,2011-03-12,1,0,3,21,0,6,0,1,0.38,0.3939,0.62,0,36,46,82
5702,2011-08-31,3,0,8,0,0,3,1,1,0.6,0.5909,0.69,0,8,24,32
492,2011-01-22,1,0,1,13,0,6,0,1,0.08,0.1667,0.35,0,12,72,84
10578,2012-03-21,2,1,3,20,0,3,1,1,0.56,0.5303,0.78,0.0896,76,298,374
13475,2012-07-20,3,1,7,15,0,5,1,2,0.7,0.6667,0.84,0.2985,47,169,216
9335,2012-01-29,1,1,1,20,0,0,0,1,0.3,0.2879,0.39,0.2239,13,98,111
7535,2011-11-15,4,0,11,13,0,2,1,3,0.54,0.5152,0.6,0.2239,21,132,153
14919,2012-09-18,3,1,9,19,0,2,1,2,0.6,0.5455,0.88,0.2985,22,302,324
1321,2011-02-28,1,0,2,7,0,1,1,2,0.36,0.3636,0.93,0.1045,2,90,92
317,2011-01-14,1,0,1,16,0,5,1,1,0.22,0.2424,0.41,0.1045,3,87,90
17005,2012-12-16,4,1,12,7,0,0,0,2,0.34,0.3485,0.87,0.0896,5,22,27
3949,2011-06-18,2,0,6,10,0,6,0,1,0.72,0.6818,0.62,0.194,68,176,244
4000,2011-06-20,2,0,6,13,0,1,1,1,0.64,0.6061,0.65,0.1045,50,129,179
10778,2012-03-30,2,1,3,4,0,5,1,1,0.34,0.3485,0.53,0.0896,1,1,2
9949,2012-02-24,1,1,2,13,0,5,1,2,0.42,0.4242,0.71,0.1045,30,153,183
9953,2012-02-24,1,1,2,17,0,5,1,3,0.42,0.4242,0.94,0.1045,14,242,256
5134,2011-08-06,3,0,8,19,0,6,0,3,0.72,0.7121,0.84,0.2537,57,114,171
9254,2012-01-26,1,1,1,11,0,4,1,2,0.3,0.3182,0.87,0.1045,11,100,111
14921,2012-09-18,3,1,9,21,0,2,1,2,0.6,0.5455,0.88,0.194,21,186,207
14011,2012-08-11,3,1,8,23,0,6,0,3,0.66,0.6061,0.78,0.1642,42,121,163
9532,2012-02-07,1,1,2,2,0,2,1,1,0.3,0.3333,0.61,0,0,4,4
2969,2011-05-08,2,0,5,14,0,0,0,1,0.6,0.6212,0.49,0,126,240,366
15352,2012-10-06,4,1,10,20,0,6,0,1,0.48,0.4697,0.55,0.2537,75,172,247
7822,2011-11-27,4,0,11,12,0,0,0,1,0.54,0.5152,0.56,0.2836,63,193,256
1271,2011-02-26,1,0,2,2,0,6,0,1,0.22,0.197,0.6,0.3582,3,9,12
15388,2012-10-08,4,1,10,8,1,1,0,2,0.36,0.3485,0.71,0.2239,23,374,397
5943,2011-09-10,3,0,9,3,0,6,0,1,0.58,0.5455,1,0.1343,8,29,37
15640,2012-10-18,4,1,10,20,0,4,1,2,0.56,0.5303,0.68,0.2537,39,348,387
1023,2011-02-15,1,0,2,7,0,2,1,1,0.2,0.1818,0.32,0.3582,2,103,105
14883,2012-09-17,3,1,9,7,0,1,1,1,0.52,0.5,0.77,0,18,474,492
10417,2012-03-15,1,1,3,3,0,4,1,1,0.5,0.4848,0.63,0,0,7,7
5887,2011-09-07,3,0,9,18,0,3,1,3,0.64,0.5758,0.89,0,18,219,237
267,2011-01-12,1,0,1,13,0,3,1,1,0.22,0.197,0.44,0.3582,0,49,49
12122,2012-05-25,2,1,5,6,0,5,1,2,0.62,0.5606,0.88,0.1045,5,108,113
11703,2012-05-07,2,1,5,19,0,1,1,1,0.58,0.5455,0.56,0.3284,83,463,546
15044,2012-09-24,4,1,9,0,0,1,1,1,0.46,0.4545,0.63,0.194,10,54,64
8067,2011-12-07,4,0,12,18,0,3,1,3,0.4,0.4091,0.94,0.2985,3,48,51
17077,2012-12-19,4,1,12,7,0,3,1,1,0.26,0.2727,0.75,0.1343,3,360,363
7145,2011-10-30,4,0,10,7,0,0,0,1,0.24,0.2879,0.75,0,7,15,22
1953,2011-03-27,2,0,3,3,0,0,0,3,0.2,0.197,0.69,0.2239,0,14,14
5170,2011-08-08,3,0,8,7,0,1,1,1,0.72,0.6818,0.62,0.2985,18,249,267
2743,2011-04-29,2,0,4,4,0,5,1,1,0.46,0.4545,0.51,0.1343,0,6,6
5565,2011-08-24,3,0,8,18,0,3,1,1,0.74,0.6818,0.55,0.2985,102,519,621
3888,2011-06-15,2,0,6,21,0,3,1,1,0.64,0.6212,0.47,0.2239,48,209,257
1264,2011-02-25,1,0,2,19,0,5,1,1,0.3,0.2727,0.52,0.4478,4,86,90
13706,2012-07-30,3,1,7,6,0,1,1,1,0.66,0.6061,0.83,0.1642,6,155,161
2550,2011-04-21,2,0,4,3,0,4,1,2,0.46,0.4545,0.51,0.4627,4,3,7
8901,2012-01-11,1,1,1,17,0,3,1,3,0.34,0.3182,0.87,0.2239,6,128,134
14193,2012-08-19,3,1,8,13,0,0,0,3,0.64,0.5758,0.83,0.1343,50,112,162
14162,2012-08-18,3,1,8,6,0,6,0,1,0.6,0.5606,0.83,0.2239,4,23,27
5273,2011-08-12,3,0,8,14,0,5,1,1,0.8,0.697,0.29,0.194,51,135,186
7908,2011-12-01,4,0,12,3,0,4,1,1,0.26,0.2424,0.56,0.2537,1,6,7
6706,2011-10-11,4,0,10,23,0,2,1,2,0.56,0.5303,0.83,0.2836,10,47,57
14832,2012-09-15,3,1,9,4,0,6,0,2,0.6,0.5909,0.69,0.3582,3,3,6
13591,2012-07-25,3,1,7,11,0,3,1,1,0.76,0.6667,0.33,0,79,202,281
12706,2012-06-18,2,1,6,14,0,1,1,2,0.58,0.5455,0.68,0.194,59,160,219
851,2011-02-07,1,0,2,21,0,1,1,1,0.32,0.3485,0.7,0,3,75,78
13395,2012-07-17,3,1,7,7,0,2,1,2,0.74,0.697,0.7,0,26,500,526
3866,2011-06-14,2,0,6,23,0,2,1,1,0.56,0.5303,0.68,0.2239,19,91,110
3388,2011-05-26,2,0,5,1,0,4,1,1,0.64,0.6061,0.73,0.1343,3,13,16
10471,2012-03-17,1,1,3,9,0,6,0,2,0.44,0.4394,0.88,0.0896,104,217,321
8141,2011-12-10,4,0,12,20,0,6,0,1,0.24,0.2273,0.35,0.2239,10,114,124
4537,2011-07-12,3,0,7,22,0,2,1,1,0.8,0.7273,0.46,0.1343,44,150,194
7302,2011-11-05,4,0,11,20,0,6,0,1,0.32,0.3485,0.66,0,29,136,165
14920,2012-09-18,3,1,9,20,0,2,1,2,0.6,0.5455,0.88,0.194,19,271,290
5844,2011-09-05,3,0,9,22,1,1,0,2,0.6,0.5455,0.88,0.5821,15,49,64
2699,2011-04-27,2,0,4,8,0,3,1,2,0.58,0.5455,0.88,0.3284,31,413,444
7954,2011-12-03,4,0,12,1,0,6,0,1,0.26,0.2576,0.65,0.194,9,62,71
7748,2011-11-24,4,0,11,10,1,4,0,1,0.36,0.3788,0.57,0,34,64,98
3059,2011-05-12,2,0,5,8,0,4,1,1,0.48,0.4697,0.82,0.194,27,394,421
4131,2011-06-26,3,0,6,0,0,0,0,1,0.64,0.6212,0.53,0,30,85,115
2919,2011-05-06,2,0,5,12,0,5,1,1,0.56,0.5303,0.49,0.3582,48,198,246
14093,2012-08-15,3,1,8,9,0,3,1,2,0.72,0.6818,0.62,0.194,57,310,367
5861,2011-09-06,3,0,9,16,0,2,1,3,0.54,0.5152,0.94,0.3881,11,95,106
759,2011-02-04,1,0,2,0,0,5,1,2,0.2,0.2576,0.44,0,3,10,13
8304,2011-12-17,4,0,12,15,0,6,0,1,0.28,0.2576,0.45,0.2836,33,195,228
3858,2011-06-14,2,0,6,15,0,2,1,1,0.64,0.6212,0.47,0.1642,42,136,178
5886,2011-09-07,3,0,9,17,0,3,1,3,0.64,0.5758,0.89,0,21,264,285
15072,2012-09-25,4,1,9,4,0,2,1,1,0.42,0.4242,0.71,0.1343,2,7,9
3252,2011-05-20,2,0,5,9,0,5,1,1,0.54,0.5152,0.68,0.2239,35,199,234
6391,2011-09-28,4,0,9,20,0,3,1,3,0.6,0.5606,0.83,0.2985,11,91,102
1324,2011-02-28,1,0,2,10,0,1,1,2,0.52,0.5,0.72,0.4925,13,79,92
3367,2011-05-25,2,0,5,4,0,3,1,1,0.54,0.5152,1,0.1045,0,3,3
5240,2011-08-11,3,0,8,5,0,4,1,1,0.64,0.6212,0.61,0.194,2,23,25
17334,2012-12-30,1,1,12,2,0,0,0,2,0.26,0.2424,0.56,0.2836,0,19,19
14291,2012-08-23,3,1,8,15,0,4,1,1,0.78,0.697,0.46,0.1343,104,201,305
896,2011-02-09,1,0,2,19,0,3,1,3,0.14,0.1212,0.86,0.2537,1,87,88
6158,2011-09-19,3,0,9,3,0,1,1,2,0.5,0.4848,0.77,0.1343,1,4,5
1226,2011-02-24,1,0,2,3,0,4,1,1,0.2,0.2121,0.64,0.1343,0,2,2
2313,2011-04-11,2,0,4,6,0,1,1,2,0.46,0.4545,1,0.2239,2,59,61
14893,2012-09-17,3,1,9,17,0,1,1,2,0.64,0.6061,0.65,0.2239,102,740,842
9582,2012-02-09,1,1,2,4,0,4,1,2,0.22,0.197,0.75,0.4478,0,1,1
13230,2012-07-10,3,1,7,10,0,2,1,1,0.76,0.7121,0.62,0.194,56,134,190
11138,2012-04-14,2,1,4,6,0,6,0,1,0.34,0.3333,0.76,0.1642,2,19,21
5613,2011-08-26,3,0,8,18,0,5,1,2,0.74,0.7121,0.74,0.1343,40,370,410
5759,2011-09-02,3,0,9,9,0,5,1,2,0.62,0.5758,0.83,0.1045,30,190,220
5269,2011-08-12,3,0,8,10,0,5,1,1,0.74,0.6515,0.33,0.1045,44,86,130
8787,2012-01-06,1,1,1,22,0,5,1,1,0.36,0.3485,0.5,0.194,12,123,135
9965,2012-02-25,1,1,2,5,0,6,0,2,0.3,0.2727,0.42,0.2985,0,3,3
8966,2012-01-14,1,1,1,10,0,6,0,1,0.16,0.2273,0.47,0,14,135,149
765,2011-02-04,1,0,2,7,0,5,1,1,0.14,0.2121,0.59,0,0,87,87
3935,2011-06-17,2,0,6,20,0,5,1,1,0.64,0.5909,0.78,0.1045,40,192,232
17080,2012-12-19,4,1,12,10,0,3,1,1,0.32,0.3333,0.7,0.1045,17,147,164
5858,2011-09-06,3,0,9,13,0,2,1,3,0.54,0.5152,0.88,0.2985,5,24,29
10093,2012-03-01,1,1,3,14,0,4,1,1,0.58,0.5455,0.35,0.2239,37,174,211
13255,2012-07-11,3,1,7,11,0,3,1,2,0.76,0.7121,0.58,0.1343,56,173,229
11219,2012-04-17,2,1,4,15,0,2,1,1,0.66,0.6212,0.24,0.3284,91,217,308
16196,2012-11-12,4,1,11,13,1,1,0,1,0.6,0.6061,0.6,0.2239,108,312,420
5024,2011-08-02,3,0,8,5,0,2,1,1,0.66,0.6212,0.74,0.1343,4,17,21
17093,2012-12-19,4,1,12,23,0,3,1,1,0.32,0.3333,0.66,0.1343,4,84,88
946,2011-02-12,1,0,2,0,0,6,0,1,0.16,0.197,0.69,0.0896,3,27,30
15552,2012-10-15,4,1,10,4,0,1,1,2,0.56,0.5303,0.68,0.2239,1,9,10
8514,2011-12-26,1,0,12,11,1,1,0,1,0.34,0.2879,0.46,0.5821,40,51,91
5863,2011-09-06,3,0,9,18,0,2,1,2,0.54,0.5152,0.88,0.3881,22,351,373
4047,2011-06-22,3,0,6,12,0,3,1,2,0.8,0.7727,0.59,0.2239,44,144,188
13751,2012-08-01,3,1,8,3,0,3,1,1,0.64,0.5758,0.83,0.1045,0,7,7
4149,2011-06-26,3,0,6,18,0,0,0,2,0.72,0.6515,0.45,0.2537,117,265,382
6633,2011-10-08,4,0,10,22,0,6,0,1,0.5,0.4848,0.77,0,45,104,149
7516,2011-11-14,4,0,11,18,0,1,1,1,0.56,0.5303,0.56,0.2836,29,460,489
9151,2012-01-22,1,1,1,4,0,0,0,3,0.16,0.1364,0.8,0.2836,1,1,2
16890,2012-12-11,4,1,12,12,0,2,1,2,0.36,0.3182,0.53,0.4478,13,213,226
10561,2012-03-21,2,1,3,3,0,3,1,2,0.5,0.4848,0.88,0.194,1,7,8
4863,2011-07-26,3,0,7,12,0,2,1,1,0.84,0.7273,0.28,0,25,122,147
13743,2012-07-31,3,1,7,19,0,2,1,3,0.74,0.6818,0.62,0.3582,90,524,614
14138,2012-08-17,3,1,8,6,0,5,1,1,0.62,0.2424,0.78,0.1343,6,151,157
2789,2011-05-01,2,0,5,2,0,0,0,1,0.42,0.4242,0.77,0.1045,7,43,50
13452,2012-07-19,3,1,7,16,0,4,1,1,0.84,0.7727,0.47,0.0896,70,288,358
2974,2011-05-08,2,0,5,19,0,0,0,1,0.56,0.5303,0.64,0,61,178,239
9576,2012-02-08,1,1,2,22,0,3,1,2,0.24,0.2424,0.87,0.1343,3,95,98
3311,2011-05-22,2,0,5,20,0,0,0,1,0.64,0.6061,0.65,0.1642,57,174,231
16013,2012-11-04,4,1,11,21,0,0,0,1,0.3,0.2727,0.52,0.2985,16,71,87
3380,2011-05-25,2,0,5,17,0,3,1,1,0.74,0.6667,0.51,0.2239,77,524,601
15545,2012-10-14,4,1,10,21,0,0,0,1,0.56,0.5303,0.73,0.4478,40,156,196
11736,2012-05-09,2,1,5,4,0,3,1,3,0.56,0.5303,0.88,0.2239,0,5,5
2120,2011-04-03,2,0,4,4,0,0,0,1,0.28,0.303,0.7,0.0896,3,0,3
1327,2011-02-28,1,0,2,13,0,1,1,3,0.46,0.4545,0.94,0.2239,1,31,32
14853,2012-09-16,3,1,9,1,0,0,0,1,0.54,0.5152,0.64,0,35,82,117
15917,2012-10-31,4,1,10,21,0,3,1,2,0.4,0.4091,0.5,0.194,12,180,192
1460,2011-03-06,1,0,3,2,0,0,0,2,0.4,0.4091,0.82,0.2836,5,27,32
3335,2011-05-23,2,0,5,20,0,1,1,1,0.64,0.5758,0.83,0.2239,39,271,310
5013,2011-08-01,3,0,8,18,0,1,1,1,0.78,0.697,0.43,0.194,68,475,543
4640,2011-07-17,3,0,7,5,0,0,0,1,0.64,0.6061,0.69,0.2239,4,8,12
5715,2011-08-31,3,0,8,13,0,3,1,1,0.74,0.6515,0.37,0.1045,39,182,221
8951,2012-01-13,1,1,1,19,0,5,1,1,0.26,0.2424,0.38,0.2836,7,199,206
11649,2012-05-05,2,1,5,13,0,6,0,1,0.74,0.6818,0.55,0.1343,217,307,524
7090,2011-10-28,4,0,10,0,0,5,1,1,0.34,0.3182,0.66,0.2537,4,40,44
8405,2011-12-21,1,0,12,20,0,3,1,2,0.5,0.4848,0.94,0.3582,5,162,167
13760,2012-08-01,3,1,8,12,0,3,1,1,0.8,0.7424,0.49,0.1045,75,209,284
9253,2012-01-26,1,1,1,10,0,4,1,2,0.3,0.303,0.81,0.1343,16,92,108
1587,2011-03-11,1,0,3,14,0,5,1,2,0.36,0.3333,0.5,0.3582,25,64,89
17004,2012-12-16,4,1,12,6,0,0,0,2,0.34,0.3636,0.87,0,0,6,6
8292,2011-12-17,4,0,12,3,0,6,0,1,0.26,0.2576,0.6,0.194,4,22,26
15401,2012-10-08,4,1,10,21,1,1,0,2,0.4,0.4091,0.76,0.2239,17,134,151
16584,2012-11-28,4,1,11,17,0,3,1,1,0.34,0.3333,0.31,0.1343,17,546,563
13665,2012-07-28,3,1,7,13,0,6,0,1,0.86,0.7879,0.41,0.2836,173,325,498
10380,2012-03-13,1,1,3,14,0,2,1,1,0.64,0.6212,0.53,0.3284,52,160,212
12006,2012-05-20,2,1,5,10,0,0,0,1,0.66,0.6212,0.34,0.2985,174,258,432
7919,2011-12-01,4,0,12,14,0,4,1,1,0.4,0.4091,0.4,0.2239,20,130,150
5933,2011-09-09,3,0,9,17,0,5,1,1,0.7,0.6667,0.79,0.2537,54,451,505
17376,2012-12-31,1,1,12,20,0,1,1,2,0.26,0.2576,0.6,0.1642,8,81,89
14498,2012-09-01,3,1,9,6,0,6,0,1,0.68,0.6364,0.79,0,13,23,36
16255,2012-11-15,4,1,11,0,0,4,1,2,0.26,0.303,0.65,0,1,33,34
11048,2012-04-10,2,1,4,11,0,2,1,1,0.5,0.4848,0.36,0,78,161,239
5503,2011-08-22,3,0,8,4,0,1,1,1,0.68,0.6364,0.65,0.194,2,10,12
10422,2012-03-15,1,1,3,8,0,4,1,1,0.44,0.4394,0.77,0.1045,21,602,623
13416,2012-07-18,3,1,7,4,0,3,1,1,0.72,0.6818,0.7,0.1343,0,6,6
6225,2011-09-21,3,0,9,22,0,3,1,2,0.62,0.5455,0.94,0,15,112,127
11538,2012-04-30,2,1,4,22,0,1,1,2,0.52,0.5,0.55,0.1642,11,123,134
3998,2011-06-20,2,0,6,11,0,1,1,2,0.6,0.5758,0.78,0.1045,27,67,94
11444,2012-04-27,2,1,4,0,0,5,1,1,0.54,0.5152,0.68,0.5522,12,61,73
7600,2011-11-18,4,0,11,6,0,5,1,1,0.22,0.2576,0.44,0.0896,1,70,71
5815,2011-09-04,3,0,9,17,0,0,0,1,0.76,0.7273,0.66,0.2239,204,172,376
8159,2011-12-11,4,0,12,14,0,0,0,1,0.3,0.3333,0.28,0,44,198,242
15536,2012-10-14,4,1,10,12,0,0,0,1,0.62,0.6212,0.46,0.3284,200,362,562
10937,2012-04-05,2,1,4,20,0,4,1,1,0.44,0.4394,0.41,0.194,33,279,312
14074,2012-08-14,3,1,8,14,0,2,1,1,0.82,0.7424,0.41,0.2239,80,175,255
2087,2011-04-01,2,0,4,19,0,5,1,1,0.34,0.303,0.49,0.3284,16,120,136
374,2011-01-17,1,0,1,1,1,1,0,2,0.2,0.197,0.44,0.194,1,15,16
2183,2011-04-05,2,0,4,19,0,2,1,1,0.36,0.3333,0.43,0.2985,12,148,160
9978,2012-02-25,1,1,2,18,0,6,0,1,0.3,0.2576,0.28,0.5821,7,126,133
15992,2012-11-04,4,1,11,0,0,0,0,1,0.3,0.3182,0.61,0.1045,5,97,102
17108,2012-12-20,4,1,12,14,0,4,1,2,0.36,0.3485,0.53,0.194,43,171,214
10691,2012-03-26,2,1,3,13,0,1,1,1,0.48,0.4697,0.29,0.6866,79,222,301
11429,2012-04-26,2,1,4,9,0,4,1,3,0.46,0.4545,0.88,0.1642,12,189,201
13767,2012-08-01,3,1,8,19,0,3,1,1,0.74,0.697,0.66,0.2537,88,564,652
7574,2011-11-17,4,0,11,4,0,4,1,2,0.4,0.4091,0.62,0.4179,1,3,4
15213,2012-10-01,4,1,10,1,0,1,1,1,0.44,0.4394,0.77,0.0896,5,13,18
3116,2011-05-14,2,0,5,17,0,6,0,2,0.56,0.5303,0.88,0.194,78,194,272
10401,2012-03-14,1,1,3,11,0,3,1,2,0.62,0.6212,0.41,0.1642,65,155,220
10098,2012-03-01,1,1,3,19,0,4,1,1,0.48,0.4697,0.41,0.3284,11,317,328
17081,2012-12-19,4,1,12,11,0,3,1,1,0.4,0.4091,0.54,0.2239,31,169,200
6696,2011-10-11,4,0,10,13,0,2,1,2,0.6,0.5909,0.73,0.194,42,138,180
13603,2012-07-25,3,1,7,23,0,3,1,1,0.68,0.6364,0.57,0.2985,52,187,239
12681,2012-06-17,2,1,6,13,0,0,0,1,0.64,0.6212,0.53,0.1642,267,347,614
16655,2012-12-01,4,1,12,17,0,6,0,2,0.34,0.3485,0.76,0.1045,50,270,320
6905,2011-10-20,4,0,10,7,0,4,1,1,0.42,0.4242,0.77,0.4478,15,303,318
15540,2012-10-14,4,1,10,16,0,0,0,1,0.64,0.6212,0.41,0.2985,203,378,581
14532,2012-09-02,3,1,9,16,0,0,0,1,0.74,0.697,0.7,0,222,252,474
11721,2012-05-08,2,1,5,13,0,2,1,3,0.64,0.6061,0.65,0.2537,53,166,219
12291,2012-06-01,2,1,6,7,0,5,1,2,0.64,0.5758,0.89,0.194,33,369,402
9277,2012-01-27,1,1,1,10,0,5,1,3,0.48,0.4697,1,0.1642,9,117,126
5628,2011-08-27,3,0,8,9,0,6,0,2,0.7,0.6667,0.84,0.4179,28,128,156
11709,2012-05-08,2,1,5,1,0,2,1,2,0.52,0.5,0.59,0.2239,6,3,9
9816,2012-02-18,1,1,2,22,0,6,0,1,0.4,0.4091,0.4,0.4478,17,101,118
8952,2012-01-13,1,1,1,20,0,5,1,1,0.24,0.2424,0.41,0.1642,6,130,136
12878,2012-06-25,3,1,6,18,0,1,1,1,0.76,0.6667,0.27,0.4478,100,691,791
10819,2012-03-31,2,1,3,21,0,6,0,2,0.4,0.4091,0.71,0.3284,36,107,143
12349,2012-06-03,2,1,6,17,0,0,0,1,0.7,0.6364,0.34,0.2537,192,386,578
8098,2011-12-09,4,0,12,1,0,5,1,1,0.24,0.2879,0.65,0,2,12,14
12960,2012-06-29,3,1,6,4,0,5,1,1,0.7,0.6515,0.65,0.1642,1,9,10
1490,2011-03-07,1,0,3,10,0,1,1,1,0.24,0.2121,0.6,0.2985,15,43,58
17187,2012-12-23,1,1,12,21,0,0,0,1,0.24,0.2879,0.7,0,4,38,42
16028,2012-11-05,4,1,11,12,0,1,1,1,0.36,0.3333,0.43,0.3284,38,206,244
14747,2012-09-11,3,1,9,15,0,2,1,1,0.7,0.6364,0.28,0.1045,73,253,326
13553,2012-07-23,3,1,7,21,0,1,1,1,0.76,0.7121,0.62,0.194,45,251,296
7823,2011-11-27,4,0,11,13,0,0,0,1,0.54,0.5152,0.6,0.194,97,216,313
7249,2011-11-03,4,0,11,15,0,4,1,1,0.52,0.5,0.52,0.1642,24,138,162
9316,2012-01-29,1,1,1,1,0,0,0,1,0.3,0.2727,0.28,0.3582,5,68,73
469,2011-01-21,1,0,1,13,0,5,1,1,0.2,0.1515,0.21,0.5821,8,65,73
28,2011-01-02,1,0,1,3,0,0,0,2,0.46,0.4545,0.94,0.194,2,4,6
3108,2011-05-14,2,0,5,9,0,6,0,2,0.52,0.5,0.94,0.0896,14,86,100
5598,2011-08-26,3,0,8,3,0,5,1,1,0.6,0.5455,0.88,0.1045,3,8,11
14481,2012-08-31,3,1,8,13,0,5,1,1,0.88,0.7576,0.27,0.3284,97,271,368
13964,2012-08-10,3,1,8,0,0,5,1,1,0.7,0.6515,0.65,0.0896,17,68,85
806,2011-02-06,1,0,2,0,0,0,0,1,0.26,0.2576,0.7,0.194,2,37,39
17137,2012-12-21,1,1,12,19,0,5,1,1,0.28,0.2576,0.45,0.2985,5,148,153
14548,2012-09-03,3,1,9,8,1,1,0,2,0.7,0.6667,0.84,0.1045,36,91,127
9523,2012-02-06,1,1,2,17,0,1,1,1,0.4,0.4091,0.43,0.2537,13,417,430
14171,2012-08-18,3,1,8,15,0,6,0,1,0.76,0.6667,0.37,0.2239,250,346,596
9417,2012-02-02,1,1,2,6,0,4,1,3,0.36,0.3788,0.9,0,1,73,74
3269,2011-05-21,2,0,5,2,0,6,0,1,0.52,0.5,0.72,0.1045,5,35,40
1144,2011-02-20,1,0,2,10,0,0,0,2,0.26,0.2576,0.41,0.194,34,70,104
6934,2011-10-21,4,0,10,12,0,5,1,1,0.5,0.4848,0.45,0.2985,47,193,240
2738,2011-04-28,2,0,4,23,0,4,1,1,0.54,0.5152,0.39,0.0896,29,81,110
15671,2012-10-20,4,1,10,3,0,6,0,1,0.42,0.4242,0.77,0.1343,2,27,29
8782,2012-01-06,1,1,1,17,0,5,1,1,0.46,0.4545,0.36,0.2239,20,456,476
7556,2011-11-16,4,0,11,10,0,3,1,3,0.46,0.4545,0.94,0,4,32,36
9786,2012-02-17,1,1,2,16,0,5,1,1,0.42,0.4242,0.32,0.2985,56,251,307
8427,2011-12-22,1,0,12,18,0,4,1,2,0.44,0.4394,0.62,0.0896,11,277,288
16649,2012-12-01,4,1,12,11,0,6,0,2,0.32,0.3333,0.76,0.1045,74,318,392
12716,2012-06-19,2,1,6,0,0,2,1,2,0.6,0.5758,0.78,0.1642,5,30,35
11479,2012-04-28,2,1,4,11,0,6,0,2,0.38,0.3939,0.4,0.1045,96,262,358
1207,2011-02-23,1,0,2,8,0,3,1,1,0.14,0.1515,0.54,0.1642,8,227,235
136,2011-01-06,1,0,1,21,0,4,1,2,0.22,0.2121,0.55,0.2239,0,48,48
9470,2012-02-04,1,1,2,11,0,6,0,1,0.3,0.3333,0.7,0,46,224,270
15852,2012-10-27,4,1,10,16,0,6,0,2,0.56,0.5303,0.64,0.2836,257,355,612
4090,2011-06-24,3,0,6,7,0,5,1,2,0.66,0.6061,0.83,0.2239,21,247,268
8426,2011-12-22,1,0,12,17,0,4,1,2,0.44,0.4394,0.67,0.1642,24,332,356
5529,2011-08-23,3,0,8,6,0,2,1,1,0.54,0.5152,0.6,0.194,3,111,114
84,2011-01-04,1,0,1,15,0,2,1,1,0.28,0.2727,0.52,0.2537,17,48,65
13936,2012-08-08,3,1,8,20,0,3,1,1,0.74,0.697,0.66,0.194,76,424,500
926,2011-02-11,1,0,2,2,0,5,1,1,0.1,0.1364,0.54,0.0896,0,3,3
9017,2012-01-16,1,1,1,13,1,1,0,2,0.24,0.197,0.41,0.4179,26,202,228
13439,2012-07-19,3,1,7,3,0,4,1,1,0.72,0.6818,0.7,0.1045,1,4,5
16022,2012-11-05,4,1,11,6,0,1,1,2,0.3,0.2879,0.49,0.2836,4,135,139
9196,2012-01-24,1,1,1,1,0,2,1,2,0.32,0.303,0.93,0.2537,2,7,9
2089,2011-04-01,2,0,4,21,0,5,1,1,0.32,0.3333,0.53,0.1343,9,84,93
1399,2011-03-03,1,0,3,13,0,4,1,1,0.22,0.2576,0.25,0.0896,13,67,80
12098,2012-05-24,2,1,5,6,0,4,1,2,0.6,0.5455,0.88,0.1642,10,146,156
12562,2012-06-12,2,1,6,14,0,2,1,3,0.64,0.5758,0.89,0.2537,12,48,60
1984,2011-03-28,2,0,3,12,0,1,1,2,0.26,0.2727,0.25,0,8,71,79
16468,2012-11-23,4,1,11,21,0,5,1,1,0.46,0.4545,0.47,0.2537,23,75,98
6761,2011-10-14,4,0,10,6,0,5,1,3,0.56,0.5303,0.88,0.194,4,90,94
16254,2012-11-14,4,1,11,23,0,3,1,1,0.24,0.2424,0.7,0.1343,9,78,87
7337,2011-11-07,4,0,11,7,0,1,1,2,0.28,0.3182,0.93,0,6,305,311
12188,2012-05-28,2,1,5,0,1,1,0,1,0.62,0.5758,0.83,0.2239,21,44,65
5218,2011-08-10,3,0,8,7,0,3,1,1,0.7,0.6515,0.58,0.0896,16,289,305
5733,2011-09-01,3,0,9,7,0,4,1,1,0.6,0.5758,0.78,0,7,335,342
3861,2011-06-14,2,0,6,18,0,2,1,1,0.62,0.6212,0.51,0.3284,65,473,538
2799,2011-05-01,2,0,5,12,0,0,0,2,0.48,0.4697,0.77,0.1045,109,172,281
16353,2012-11-19,4,1,11,2,0,1,1,2,0.36,0.3333,0.66,0.2537,0,5,5
16573,2012-11-28,4,1,11,6,0,3,1,2,0.26,0.2576,0.65,0.2239,4,132,136
3903,2011-06-16,2,0,6,12,0,4,1,1,0.72,0.6667,0.54,0.3881,41,165,206
6443,2011-10-01,4,0,10,0,0,6,0,1,0.5,0.4848,0.63,0.3881,24,106,130
9385,2012-01-31,1,1,1,22,0,2,1,1,0.44,0.4394,0.35,0.2985,11,118,129
16594,2012-11-29,4,1,11,4,0,4,1,1,0.2,0.2273,0.75,0.0896,0,7,7
12560,2012-06-12,2,1,6,12,0,2,1,3,0.66,0.6061,0.83,0.2537,19,76,95
5924,2011-09-09,3,0,9,8,0,5,1,3,0.62,0.5455,0.94,0.1642,12,276,288
13766,2012-08-01,3,1,8,18,0,3,1,3,0.76,0.7121,0.62,0.2239,105,786,891
6734,2011-10-13,4,0,10,3,0,4,1,2,0.54,0.5152,1,0.194,2,4,6
13448,2012-07-19,3,1,7,12,0,4,1,1,0.84,0.7879,0.49,0.2836,59,215,274
7294,2011-11-05,4,0,11,12,0,6,0,1,0.36,0.3485,0.46,0.1642,137,235,372
7637,2011-11-19,4,0,11,19,0,6,0,2,0.34,0.3333,0.71,0.1343,33,149,182
14549,2012-09-03,3,1,9,9,1,1,0,2,0.7,0.6667,0.84,0.1343,71,158,229
4101,2011-06-24,3,0,6,18,0,5,1,1,0.76,0.6667,0.37,0.2985,87,365,452
3844,2011-06-14,2,0,6,1,0,2,1,1,0.6,0.6212,0.49,0.2537,3,10,13
5768,2011-09-02,3,0,9,18,0,5,1,2,0.68,0.6364,0.65,0.194,50,305,355
17146,2012-12-22,1,1,12,4,0,6,0,1,0.26,0.2576,0.48,0.194,3,2,5
10719,2012-03-27,2,1,3,17,0,2,1,1,0.44,0.4394,0.16,0,72,542,614
17300,2012-12-28,1,1,12,16,0,5,1,1,0.3,0.303,0.49,0.1343,42,208,250
4867,2011-07-26,3,0,7,16,0,2,1,1,0.86,0.7576,0.36,0.2836,41,213,254
10087,2012-03-01,1,1,3,8,0,4,1,1,0.42,0.4242,0.94,0.1343,15,579,594
7863,2011-11-29,4,0,11,6,0,2,1,1,0.52,0.5,0.83,0.2836,1,88,89
4768,2011-07-22,3,0,7,13,0,5,1,1,0.94,0.9848,0.51,0.1642,25,98,123
1699,2011-03-16,1,0,3,10,0,3,1,2,0.36,0.3485,0.81,0.1642,19,49,68
10347,2012-03-12,1,1,3,5,0,1,1,1,0.34,0.3333,0.61,0.194,1,15,16
15234,2012-10-01,4,1,10,22,0,1,1,3,0.54,0.5152,0.77,0.0896,17,190,207
15635,2012-10-18,4,1,10,15,0,4,1,2,0.6,0.6061,0.6,0.194,69,284,353
3722,2011-06-08,2,0,6,23,0,3,1,1,0.76,0.7424,0.75,0.194,18,98,116
17133,2012-12-21,1,1,12,15,0,5,1,2,0.3,0.2727,0.42,0.3881,29,234,263
16256,2012-11-15,4,1,11,1,0,4,1,2,0.26,0.2727,0.65,0.1045,2,14,16
5095,2011-08-05,3,0,8,4,0,5,1,1,0.64,0.5909,0.78,0.1343,1,6,7
13056,2012-07-03,3,1,7,4,0,2,1,1,0.68,0.6364,0.65,0.1045,0,6,6
4908,2011-07-28,3,0,7,9,0,4,1,1,0.78,0.7424,0.59,0.194,21,189,210
8145,2011-12-11,4,0,12,0,0,0,0,1,0.2,0.197,0.51,0.2239,5,69,74
14059,2012-08-13,3,1,8,23,0,1,1,1,0.7,0.6515,0.7,0.2239,28,100,128
10958,2012-04-06,2,1,4,17,0,5,1,1,0.52,0.5,0.23,0.4179,172,483,655
9210,2012-01-24,1,1,1,15,0,2,1,2,0.4,0.4091,0.71,0.1642,52,156,208
2609,2011-04-23,2,0,4,14,0,6,0,1,0.58,0.5455,0.78,0.3582,182,209,391
4615,2011-07-16,3,0,7,4,0,6,0,1,0.6,0.5909,0.73,0.0896,9,7,16
4555,2011-07-13,3,0,7,16,0,3,1,2,0.66,0.5909,0.89,0,23,118,141
11929,2012-05-17,2,1,5,5,0,4,1,1,0.56,0.5303,0.68,0.3284,1,34,35
16602,2012-11-29,4,1,11,12,0,4,1,1,0.36,0.3485,0.4,0.1642,11,225,236
2228,2011-04-07,2,0,4,16,0,4,1,1,0.6,0.6212,0.35,0,52,161,213
6828,2011-10-17,4,0,10,1,0,1,1,1,0.56,0.5303,0.54,0.3881,2,15,17
7299,2011-11-05,4,0,11,17,0,6,0,1,0.38,0.3939,0.4,0.1642,100,234,334
876,2011-02-08,1,0,2,22,0,2,1,1,0.12,0.1061,0.33,0.3582,0,29,29
16546,2012-11-27,4,1,11,3,0,2,1,3,0.32,0.3333,0.7,0.1343,1,3,4
12073,2012-05-23,2,1,5,5,0,3,1,3,0.56,0.5303,0.88,0.2537,6,29,35
8116,2011-12-09,4,0,12,19,0,5,1,1,0.34,0.3636,0.61,0,10,189,199
10979,2012-04-07,2,1,4,14,0,6,0,1,0.5,0.4848,0.22,0.2985,326,252,578
2324,2011-04-11,2,0,4,17,0,1,1,1,0.74,0.6667,0.48,0.5224,100,352,452
274,2011-01-12,1,0,1,20,0,3,1,1,0.16,0.1364,0.5,0.3284,2,54,56
3022,2011-05-10,2,0,5,19,0,2,1,1,0.6,0.6212,0.43,0.2239,69,365,434
6276,2011-09-24,4,0,9,1,0,6,0,2,0.58,0.5455,0.94,0.0896,18,61,79
15422,2012-10-09,4,1,10,18,0,2,1,2,0.5,0.4848,0.72,0.2239,26,758,784
13458,2012-07-19,3,1,7,22,0,4,1,3,0.66,0.5909,0.89,0.2537,6,62,68
5894,2011-09-08,3,0,9,1,0,4,1,3,0.62,0.5455,0.94,0.1045,0,4,4
1048,2011-02-16,1,0,2,9,0,3,1,1,0.24,0.2121,0.52,0.2836,2,122,124
9246,2012-01-26,1,1,1,3,0,4,1,2,0.28,0.303,0.75,0.0896,1,5,6
8296,2011-12-17,4,0,12,7,0,6,0,2,0.26,0.2576,0.56,0.2239,0,20,20
9881,2012-02-21,1,1,2,17,0,2,1,1,0.38,0.3939,0.4,0.4478,21,411,432
16948,2012-12-13,4,1,12,22,0,4,1,1,0.26,0.2879,0.6,0.0896,7,141,148
258,2011-01-12,1,0,1,2,0,3,1,1,0.14,0.1515,0.86,0.1343,0,1,1
9377,2012-01-31,1,1,1,14,0,2,1,1,0.5,0.4848,0.29,0.3284,18,142,160
5744,2011-09-01,3,0,9,18,0,4,1,1,0.72,0.6667,0.54,0.2239,69,462,531
795,2011-02-05,1,0,2,13,0,6,0,3,0.22,0.2273,1,0.1642,10,62,72
10506,2012-03-18,1,1,3,20,0,0,0,1,0.52,0.5,0.77,0.1343,59,139,198
9353,2012-01-30,1,1,1,14,0,1,1,1,0.32,0.3333,0.24,0.1343,15,100,115
9320,2012-01-29,1,1,1,5,0,0,0,1,0.2,0.2121,0.51,0.1343,1,6,7
2803,2011-05-01,2,0,5,16,0,0,0,2,0.5,0.4848,0.72,0.194,75,139,214
15409,2012-10-09,4,1,10,5,0,2,1,2,0.38,0.3939,0.82,0.194,0,19,19
9657,2012-02-12,1,1,2,7,0,0,0,1,0.08,0.0909,0.53,0.194,0,18,18
12132,2012-05-25,2,1,5,16,0,5,1,1,0.78,0.7121,0.52,0.2239,137,447,584
10185,2012-03-05,1,1,3,10,0,1,1,2,0.24,0.2576,0.6,0,12,74,86
14828,2012-09-15,3,1,9,0,0,6,0,1,0.6,0.5606,0.83,0.1045,38,169,207
2938,2011-05-07,2,0,5,7,0,6,0,1,0.48,0.4697,0.59,0,8,32,40
7807,2011-11-26,4,0,11,21,0,6,0,2,0.38,0.3939,0.82,0,20,72,92
3482,2011-05-29,2,0,5,23,0,0,0,1,0.66,0.5909,0.89,0.1642,48,87,135
14928,2012-09-19,3,1,9,4,0,3,1,2,0.52,0.5,0.68,0.3582,0,10,10
7835,2011-11-28,4,0,11,1,0,1,1,1,0.46,0.4545,0.77,0.2985,1,12,13
13318,2012-07-14,3,1,7,2,0,6,0,2,0.7,0.6515,0.54,0.1045,10,91,101
1044,2011-02-16,1,0,2,5,0,3,1,1,0.2,0.197,0.47,0.194,0,5,5
3746,2011-06-09,2,0,6,23,0,4,1,2,0.74,0.697,0.57,0.1642,15,82,97
8884,2012-01-11,1,1,1,0,0,3,1,1,0.26,0.303,0.81,0,2,26,28
15342,2012-10-06,4,1,10,10,0,6,0,1,0.62,0.6061,0.69,0.2836,198,341,539
13053,2012-07-03,3,1,7,1,0,2,1,1,0.72,0.6667,0.58,0,5,9,14
12036,2012-05-21,2,1,5,16,0,1,1,2,0.64,0.6061,0.73,0.2537,46,269,315
14988,2012-09-21,3,1,9,16,0,5,1,1,0.7,0.6515,0.54,0.194,103,464,567
15287,2012-10-04,4,1,10,3,0,4,1,2,0.62,0.5606,0.88,0,5,6,11
16837,2012-12-09,4,1,12,7,0,0,0,3,0.4,0.4091,0.87,0.2239,1,22,23
1881,2011-03-24,2,0,3,3,0,4,1,2,0.28,0.2727,1,0.194,1,0,1
6649,2011-10-09,4,0,10,14,0,0,0,1,0.68,0.6364,0.47,0.1642,272,228,500
14835,2012-09-15,3,1,9,7,0,6,0,1,0.54,0.5152,0.52,0.2836,10,63,73
10770,2012-03-29,2,1,3,20,0,4,1,1,0.46,0.4545,0.38,0.2985,34,301,335
7878,2011-11-29,4,0,11,21,0,2,1,2,0.38,0.3939,0.87,0.2537,9,116,125
15278,2012-10-03,4,1,10,18,0,3,1,1,0.7,0.6515,0.65,0,54,756,810
1176,2011-02-21,1,0,2,18,1,1,0,2,0.24,0.2121,0.87,0.3582,2,64,66
6254,2011-09-23,4,0,9,3,0,5,1,2,0.6,0.5,1,0,3,5,8
3658,2011-06-06,2,0,6,7,0,1,1,1,0.62,0.5909,0.78,0.1045,18,281,299
11276,2012-04-20,2,1,4,0,0,5,1,1,0.48,0.4697,0.67,0.1045,5,59,64
5117,2011-08-06,3,0,8,2,0,6,0,1,0.66,0.6061,0.78,0.2239,14,39,53
9946,2012-02-24,1,1,2,10,0,5,1,3,0.36,0.3485,0.81,0.1642,22,119,141
9802,2012-02-18,1,1,2,8,0,6,0,1,0.22,0.2727,0.87,0,10,92,102
16226,2012-11-13,4,1,11,19,0,2,1,1,0.32,0.2879,0.49,0.3582,12,344,356
7304,2011-11-05,4,0,11,22,0,6,0,1,0.3,0.3333,0.65,0,10,72,82
11456,2012-04-27,2,1,4,12,0,5,1,1,0.46,0.4545,0.36,0.3582,63,244,307
3987,2011-06-20,2,0,6,0,0,1,1,1,0.66,0.6061,0.83,0.1642,7,19,26
3785,2011-06-11,2,0,6,14,0,6,0,1,0.82,0.7727,0.49,0.1045,148,232,380
6919,2011-10-20,4,0,10,21,0,4,1,1,0.44,0.4394,0.51,0.2985,16,149,165
200,2011-01-09,1,0,1,14,0,0,0,1,0.22,0.1818,0.32,0.4627,8,64,72
6193,2011-09-20,3,0,9,14,0,2,1,2,0.58,0.5455,0.88,0.194,27,85,112
555,2011-01-25,1,0,1,7,0,2,1,1,0.16,0.1515,0.74,0.2239,5,103,108
12754,2012-06-20,2,1,6,14,0,3,1,1,0.88,0.803,0.39,0.194,56,134,190
10600,2012-03-22,2,1,3,18,0,4,1,1,0.66,0.6212,0.65,0.1642,147,654,801
346,2011-01-15,1,0,1,21,0,6,0,2,0.32,0.303,0.39,0.2239,6,51,57
17199,2012-12-24,1,1,12,10,0,1,1,2,0.26,0.303,0.65,0,21,82,103
6162,2011-09-19,3,0,9,7,0,1,1,2,0.5,0.4848,0.82,0.2239,20,312,332
7370,2011-11-08,4,0,11,16,0,2,1,1,0.56,0.5303,0.46,0.1343,39,250,289
11873,2012-05-14,2,1,5,21,0,1,1,2,0.58,0.5455,0.83,0.0896,7,145,152
8139,2011-12-10,4,0,12,18,0,6,0,1,0.26,0.2576,0.38,0.2239,28,144,172
2237,2011-04-08,2,0,4,1,0,5,1,2,0.34,0.3333,0.76,0.1343,3,6,9
6887,2011-10-19,4,0,10,13,0,3,1,2,0.54,0.5152,0.94,0.2836,20,86,106
3170,2011-05-16,2,0,5,23,0,1,1,1,0.56,0.5303,0.88,0.0896,18,39,57
1748,2011-03-18,1,0,3,12,0,5,1,2,0.56,0.5303,0.49,0.3582,72,123,195
2657,2011-04-25,2,0,4,14,0,1,1,1,0.72,0.6667,0.54,0.2239,47,99,146
12946,2012-06-28,3,1,6,14,0,4,1,1,0.86,0.7273,0.25,0.3284,66,188,254
2155,2011-04-04,2,0,4,15,0,1,1,1,0.76,0.6667,0.23,0.5522,47,96,143
3316,2011-05-23,2,0,5,1,0,1,1,1,0.56,0.5303,0.88,0.1045,4,5,9
11022,2012-04-09,2,1,4,9,0,1,1,1,0.46,0.4545,0.31,0.3582,50,236,286
12468,2012-06-08,2,1,6,16,0,5,1,1,0.76,0.6667,0.29,0.2985,111,412,523
15261,2012-10-03,4,1,10,1,0,3,1,2,0.62,0.5455,0.94,0,3,16,19
15302,2012-10-04,4,1,10,18,0,4,1,1,0.66,0.6212,0.57,0.1045,75,812,887
16476,2012-11-24,4,1,11,5,0,6,0,1,0.26,0.2273,0.41,0.3284,1,2,3
13476,2012-07-20,3,1,7,16,0,5,1,2,0.68,0.6364,0.83,0.3284,70,366,436
17143,2012-12-22,1,1,12,1,0,6,0,1,0.26,0.2121,0.44,0.4478,1,34,35
9544,2012-02-07,1,1,2,14,0,2,1,1,0.44,0.4394,0.38,0.2537,11,127,138
6058,2011-09-14,3,0,9,23,0,3,1,2,0.64,0.6061,0.69,0.1045,10,62,72
6138,2011-09-18,3,0,9,7,0,0,0,1,0.46,0.4545,0.72,0.2239,15,29,44
2454,2011-04-17,2,0,4,3,0,0,0,1,0.4,0.4091,0.66,0.1343,12,13,25
219,2011-01-10,1,0,1,9,0,1,1,2,0.14,0.1212,0.5,0.2537,2,92,94
8041,2011-12-06,4,0,12,16,0,2,1,3,0.46,0.4545,1,0.2537,4,84,88
5291,2011-08-13,3,0,8,8,0,6,0,2,0.7,0.6515,0.65,0.1642,28,90,118
361,2011-01-16,1,0,1,12,0,0,0,1,0.24,0.2121,0.41,0.2836,29,75,104
11226,2012-04-17,2,1,4,22,0,2,1,1,0.54,0.5152,0.3,0.2537,18,144,162
12171,2012-05-27,2,1,5,7,0,0,0,1,0.62,0.5606,0.88,0.1642,22,30,52
4725,2011-07-20,3,0,7,18,0,3,1,1,0.84,0.8333,0.59,0.2239,68,429,497
12955,2012-06-28,3,1,6,23,0,4,1,1,0.74,0.6667,0.48,0.1343,26,145,171
15614,2012-10-17,4,1,10,18,0,3,1,1,0.52,0.5,0.59,0.1642,90,794,884
5077,2011-08-04,3,0,8,10,0,4,1,1,0.72,0.6667,0.71,0.2985,24,89,113
9706,2012-02-14,1,1,2,8,0,2,1,2,0.24,0.2879,0.7,0,3,510,513
13820,2012-08-04,3,1,8,0,0,6,0,1,0.74,0.7121,0.79,0.1642,24,137,161
7113,2011-10-28,4,0,10,23,0,5,1,3,0.3,0.2727,0.81,0.3284,8,31,39
3283,2011-05-21,2,0,5,16,0,6,0,2,0.72,0.6515,0.39,0.2537,204,267,471
9273,2012-01-27,1,1,1,6,0,5,1,2,0.42,0.4242,1,0.3284,0,72,72
4771,2011-07-22,3,0,7,16,0,5,1,3,0.9,0.8333,0.39,0.2985,29,153,182
11302,2012-04-21,2,1,4,2,0,6,0,1,0.52,0.5,0.77,0.1343,12,69,81
13677,2012-07-29,3,1,7,1,0,0,0,1,0.66,0.6061,0.83,0.1045,49,109,158
4873,2011-07-26,3,0,7,22,0,2,1,1,0.76,0.697,0.55,0.1343,27,131,158
15395,2012-10-08,4,1,10,15,1,1,0,3,0.42,0.4242,0.58,0.194,76,294,370
10666,2012-03-25,2,1,3,12,0,0,0,2,0.4,0.4091,0.94,0.2239,122,238,360
12012,2012-05-20,2,1,5,16,0,0,0,1,0.72,0.6515,0.42,0.3582,238,339,577
13442,2012-07-19,3,1,7,6,0,4,1,1,0.72,0.6818,0.66,0.1343,8,144,152
4897,2011-07-27,3,0,7,22,0,3,1,1,0.72,0.6667,0.48,0,37,143,180
16118,2012-11-09,4,1,11,7,0,5,1,1,0.26,0.2727,0.65,0.1343,9,332,341
2978,2011-05-08,2,0,5,23,0,0,0,1,0.46,0.4545,0.88,0.0896,9,41,50
8441,2011-12-23,1,0,12,8,0,5,1,1,0.4,0.4091,0.76,0.2537,9,173,182
1480,2011-03-06,1,0,3,23,0,0,0,2,0.22,0.197,1,0.4179,0,9,9
8699,2012-01-03,1,1,1,6,0,2,1,1,0.14,0.1212,0.59,0.2836,4,81,85
9214,2012-01-24,1,1,1,19,0,2,1,1,0.44,0.4394,0.51,0.0896,20,311,331
4680,2011-07-18,3,0,7,21,0,1,1,1,0.74,0.697,0.66,0.194,48,154,202
4044,2011-06-22,3,0,6,9,0,3,1,1,0.72,0.697,0.79,0.1642,14,205,219
1584,2011-03-11,1,0,3,11,0,5,1,2,0.32,0.303,0.57,0.2985,14,67,81
7035,2011-10-25,4,0,10,17,0,2,1,1,0.56,0.5303,0.37,0.1045,68,517,585
16828,2012-12-08,4,1,12,22,0,6,0,2,0.38,0.3939,0.94,0.1045,23,137,160
4985,2011-07-31,3,0,7,14,0,0,0,1,0.9,0.7727,0.24,0.1642,130,196,326
11064,2012-04-11,2,1,4,3,0,3,1,1,0.3,0.2879,0.49,0.2239,0,2,2
1353,2011-03-01,1,0,3,15,0,2,1,1,0.34,0.3636,0.34,0,7,57,64
5360,2011-08-16,3,0,8,5,0,2,1,1,0.62,0.5909,0.73,0.2836,1,29,30
1183,2011-02-22,1,0,2,7,0,2,1,2,0.12,0.1212,0.8,0.2836,0,40,40
4915,2011-07-28,3,0,7,16,0,4,1,1,0.86,0.803,0.47,0.1642,42,214,256
10968,2012-04-07,2,1,4,3,0,6,0,1,0.36,0.3333,0.32,0.2537,7,21,28
14639,2012-09-07,3,1,9,3,0,5,1,1,0.62,0.5758,0.83,0.0896,0,9,9
4171,2011-06-27,3,0,6,16,0,1,1,1,0.74,0.6818,0.55,0.1045,53,222,275
3109,2011-05-14,2,0,5,10,0,6,0,2,0.52,0.5,0.94,0.1642,34,133,167
15198,2012-09-30,4,1,9,10,0,0,0,1,0.58,0.5455,0.46,0.1642,160,319,479
4853,2011-07-26,3,0,7,2,0,2,1,1,0.68,0.6364,0.89,0.1045,1,6,7
8697,2012-01-03,1,1,1,4,0,2,1,1,0.16,0.1515,0.55,0.2537,0,5,5
12285,2012-06-01,2,1,6,1,0,5,1,1,0.64,0.6212,0.53,0.2239,0,34,34
6253,2011-09-23,4,0,9,2,0,5,1,2,0.6,0.5,1,0.1045,6,14,20
3653,2011-06-06,2,0,6,2,0,1,1,1,0.58,0.5455,0.88,0.1045,4,4,8
8311,2011-12-17,4,0,12,22,0,6,0,1,0.2,0.2121,0.75,0.1642,7,73,80
818,2011-02-06,1,0,2,12,0,0,0,1,0.34,0.3333,0.46,0,48,126,174
9546,2012-02-07,1,1,2,16,0,2,1,1,0.44,0.4394,0.35,0.2537,19,257,276
11376,2012-04-24,2,1,4,4,0,2,1,1,0.3,0.2879,0.7,0.194,0,3,3
9578,2012-02-09,1,1,2,0,0,4,1,2,0.24,0.2424,0.87,0.1642,3,23,26
12879,2012-06-25,3,1,6,19,0,1,1,1,0.74,0.6515,0.27,0.4627,74,508,582
10112,2012-03-02,1,1,3,9,0,5,1,1,0.3,0.3333,0.81,0,15,299,314
9618,2012-02-10,1,1,2,16,0,5,1,2,0.34,0.3182,0.42,0.2537,28,240,268
12142,2012-05-26,2,1,5,2,0,6,0,1,0.64,0.5758,0.89,0.1343,9,55,64
42,2011-01-02,1,0,1,18,0,0,0,2,0.36,0.3333,0.46,0.3284,10,43,53
12224,2012-05-29,2,1,5,12,0,2,1,1,0.8,0.7576,0.55,0.3284,56,181,237
11519,2012-04-30,2,1,4,3,0,1,1,1,0.4,0.4091,0.76,0.1642,0,4,4
5546,2011-08-23,3,0,8,23,0,2,1,1,0.62,0.6061,0.61,0.1343,19,61,80
7509,2011-11-14,4,0,11,11,0,1,1,2,0.54,0.5152,0.6,0.2836,22,106,128
15182,2012-09-29,4,1,9,18,0,6,0,1,0.56,0.5303,0.46,0.194,174,420,594
16575,2012-11-28,4,1,11,8,0,3,1,1,0.24,0.2121,0.6,0.2836,9,683,692
15208,2012-09-30,4,1,9,20,0,0,0,3,0.5,0.4848,0.72,0.1343,31,163,194
15918,2012-10-31,4,1,10,22,0,3,1,1,0.36,0.3485,0.57,0.1343,18,147,165
15565,2012-10-15,4,1,10,17,0,1,1,1,0.56,0.5303,0.64,0.2537,96,670,766
8077,2011-12-08,4,0,12,4,0,4,1,2,0.24,0.197,0.6,0.4627,0,2,2
17038,2012-12-17,4,1,12,16,0,1,1,3,0.4,0.4091,0.94,0.2537,15,287,302
14874,2012-09-16,3,1,9,22,0,0,0,1,0.56,0.5303,0.68,0.0896,18,109,127
7408,2011-11-10,4,0,11,6,0,4,1,2,0.36,0.3485,1,0.1343,4,110,114
3699,2011-06-08,2,0,6,0,0,3,1,1,0.66,0.5909,0.89,0.1343,12,29,41
7426,2011-11-11,4,0,11,0,1,5,0,1,0.34,0.3182,0.53,0.2537,10,56,66
15967,2012-11-02,4,1,11,23,0,5,1,1,0.34,0.303,0.53,0.2985,11,108,119
5419,2011-08-18,3,0,8,16,0,4,1,1,0.8,0.7273,0.46,0.3582,49,196,245
7924,2011-12-01,4,0,12,19,0,4,1,1,0.34,0.3485,0.46,0.1045,9,219,228
5839,2011-09-05,3,0,9,17,1,1,0,2,0.66,0.5909,0.89,0.1045,37,77,114
14951,2012-09-20,3,1,9,3,0,4,1,1,0.44,0.4394,0.77,0,0,6,6
2579,2011-04-22,2,0,4,8,0,5,1,2,0.34,0.3182,0.53,0.2537,15,331,346
9061,2012-01-18,1,1,1,10,0,3,1,1,0.3,0.2727,0.42,0.4627,5,88,93
4177,2011-06-27,3,0,6,22,0,1,1,1,0.68,0.6364,0.69,0,33,112,145
12316,2012-06-02,2,1,6,8,0,6,0,1,0.54,0.5152,0.64,0.1642,30,180,210
3853,2011-06-14,2,0,6,10,0,2,1,1,0.62,0.6212,0.46,0.2239,33,97,130
14588,2012-09-05,3,1,9,0,0,3,1,1,0.72,0.697,0.74,0.2537,10,27,37
15770,2012-10-24,4,1,10,6,0,3,1,1,0.48,0.4697,0.82,0.1045,11,162,173
13564,2012-07-24,3,1,7,8,0,2,1,1,0.74,0.697,0.7,0.194,49,694,743
2247,2011-04-08,2,0,4,11,0,5,1,2,0.4,0.4091,0.62,0.3881,19,79,98
1255,2011-02-25,1,0,2,10,0,5,1,3,0.42,0.4242,0.94,0.3284,7,42,49
10491,2012-03-18,1,1,3,5,0,0,0,2,0.4,0.4091,0.94,0.1045,0,6,6
8188,2011-12-12,4,0,12,19,0,1,1,1,0.28,0.303,0.61,0.0896,9,232,241
6955,2011-10-22,4,0,10,9,0,6,0,1,0.42,0.4242,0.67,0.0896,47,122,169
11357,2012-04-23,2,1,4,9,0,1,1,2,0.3,0.2727,0.75,0.3881,17,255,272
2123,2011-04-03,2,0,4,7,0,0,0,1,0.32,0.303,0.57,0.2239,13,20,33
2674,2011-04-26,2,0,4,7,0,2,1,1,0.58,0.5455,0.83,0.2985,16,254,270
7555,2011-11-16,4,0,11,9,0,3,1,3,0.46,0.4545,0.94,0,5,77,82
11104,2012-04-12,2,1,4,20,0,4,1,1,0.44,0.4394,0.33,0.2537,26,254,280
11217,2012-04-17,2,1,4,13,0,2,1,1,0.62,0.6212,0.29,0.2537,52,187,239
14181,2012-08-19,3,1,8,1,0,0,0,1,0.64,0.6061,0.65,0,29,102,131
1517,2011-03-08,1,0,3,13,0,2,1,2,0.38,0.3939,0.25,0.1045,25,73,98
3996,2011-06-20,2,0,6,9,0,1,1,2,0.6,0.5758,0.78,0.2537,19,200,219
16326,2012-11-17,4,1,11,23,0,6,0,2,0.3,0.3182,0.7,0.1045,19,114,133
5654,2011-08-29,3,0,8,0,0,1,1,1,0.62,0.5909,0.73,0.1045,13,21,34
6063,2011-09-15,3,0,9,4,0,4,1,1,0.6,0.5758,0.78,0.1045,2,5,7
16596,2012-11-29,4,1,11,6,0,4,1,1,0.22,0.2727,0.69,0,1,120,121
7508,2011-11-14,4,0,11,10,0,1,1,2,0.5,0.4848,0.63,0.2836,26,85,111
15120,2012-09-27,4,1,9,4,0,4,1,1,0.56,0.5303,0.94,0.1343,2,6,8
6180,2011-09-20,3,0,9,1,0,2,1,2,0.54,0.5152,0.88,0.1642,3,11,14
2345,2011-04-12,2,0,4,14,0,2,1,2,0.5,0.4848,0.82,0.2836,16,28,44
10325,2012-03-11,1,1,3,7,0,0,0,1,0.22,0.2273,0.69,0.1343,2,15,17
7783,2011-11-25,4,0,11,21,0,5,1,1,0.36,0.3788,0.71,0,24,61,85
12712,2012-06-18,2,1,6,20,0,1,1,2,0.62,0.5909,0.73,0.1343,45,317,362
13010,2012-07-01,3,1,7,6,0,0,0,1,0.7,0.6667,0.79,0.0896,8,19,27
8128,2011-12-10,4,0,12,7,0,6,0,1,0.24,0.2273,0.65,0.194,0,11,11
13397,2012-07-17,3,1,7,9,0,2,1,2,0.82,0.7727,0.49,0.2239,32,288,320
7898,2011-11-30,4,0,11,17,0,3,1,2,0.34,0.303,0.49,0.3284,15,365,380
3510,2011-05-31,2,0,5,3,0,2,1,2,0.64,0.5606,0.94,0,1,3,4
17015,2012-12-16,4,1,12,17,0,0,0,2,0.38,0.3939,0.82,0.1045,29,214,243
3770,2011-06-10,2,0,6,23,0,5,1,1,0.72,0.697,0.74,0.1642,36,110,146
11035,2012-04-09,2,1,4,22,0,1,1,2,0.46,0.4545,0.41,0.4925,6,102,108
4677,2011-07-18,3,0,7,18,0,1,1,1,0.82,0.7727,0.49,0.3582,80,478,558
13656,2012-07-28,3,1,7,4,0,6,0,1,0.7,0.6667,0.79,0.194,1,10,11
3166,2011-05-16,2,0,5,19,0,1,1,1,0.58,0.5455,0.83,0.2537,36,272,308
11829,2012-05-13,2,1,5,1,0,0,0,2,0.54,0.5152,0.68,0.1343,22,72,94
4281,2011-07-02,3,0,7,6,0,6,0,1,0.62,0.6061,0.69,0.1045,11,21,32
386,2011-01-17,1,0,1,13,1,1,0,2,0.18,0.197,0.47,0.1343,13,80,93
11561,2012-05-01,2,1,5,21,0,2,1,1,0.64,0.6061,0.65,0.1343,31,251,282
34,2011-01-02,1,0,1,10,0,0,0,2,0.36,0.3485,0.81,0.2239,7,46,53
10337,2012-03-11,1,1,3,19,0,0,0,1,0.5,0.4848,0.31,0.2836,55,203,258
17254,2012-12-26,1,1,12,18,0,3,1,3,0.28,0.2576,0.93,0.2985,1,42,43
15999,2012-11-04,4,1,11,7,0,0,0,1,0.26,0.2727,0.65,0.1045,11,39,50
312,2011-01-14,1,0,1,11,0,5,1,1,0.18,0.1667,0.51,0.2836,6,47,53
335,2011-01-15,1,0,1,10,0,6,0,1,0.18,0.197,0.59,0.1642,2,57,59
13382,2012-07-16,3,1,7,18,0,1,1,1,0.84,0.803,0.53,0,97,697,794
5897,2011-09-08,3,0,9,5,0,4,1,3,0.62,0.5455,0.94,0.0896,1,13,14
1140,2011-02-20,1,0,2,6,0,0,0,1,0.2,0.1818,0.47,0.2985,1,1,2
1304,2011-02-27,1,0,2,12,0,0,0,1,0.4,0.4091,0.54,0.0896,61,132,193
6978,2011-10-23,4,0,10,8,0,0,0,1,0.36,0.3485,0.87,0.1343,32,56,88
6021,2011-09-13,3,0,9,10,0,2,1,1,0.68,0.6364,0.69,0.1343,42,93,135
8632,2011-12-31,1,0,12,10,0,6,0,1,0.4,0.4091,0.76,0.1642,20,108,128
4029,2011-06-21,3,0,6,18,0,2,1,2,0.76,0.7273,0.7,0.2537,67,469,536
12724,2012-06-19,2,1,6,8,0,2,1,2,0.6,0.5758,0.78,0.1642,40,633,673
7050,2011-10-26,4,0,10,8,0,3,1,2,0.44,0.4394,0.67,0.194,26,438,464
16729,2012-12-04,4,1,12,19,0,2,1,1,0.48,0.4697,0.67,0.2239,46,414,460
9860,2012-02-20,1,1,2,19,1,1,0,1,0.34,0.3182,0.34,0.2239,8,164,172
9362,2012-01-30,1,1,1,23,0,1,1,1,0.26,0.2576,0.6,0.194,0,52,52
7616,2011-11-18,4,0,11,22,0,5,1,1,0.26,0.2727,0.52,0.1045,9,88,97
3102,2011-05-14,2,0,5,3,0,6,0,2,0.5,0.4848,0.88,0.1343,5,30,35
8472,2011-12-24,1,0,12,15,0,6,0,1,0.32,0.303,0.39,0.2239,15,82,97
5982,2011-09-11,3,0,9,18,0,0,0,1,0.68,0.6364,0.65,0.2985,110,229,339
5762,2011-09-02,3,0,9,12,0,5,1,2,0.66,0.6212,0.69,0.2239,82,178,260
9162,2012-01-22,1,1,1,15,0,0,0,2,0.16,0.1515,0.8,0.194,27,149,176
8688,2012-01-02,1,1,1,19,1,1,0,1,0.24,0.2273,0.38,0.2239,4,89,93
4014,2011-06-21,3,0,6,3,0,2,1,3,0.62,0.5758,0.83,0.1642,0,2,2
5484,2011-08-21,3,0,8,9,0,0,0,1,0.72,0.697,0.74,0.2239,80,151,231
7158,2011-10-30,4,0,10,20,0,0,0,1,0.34,0.3636,0.57,0,18,74,92
12204,2012-05-28,2,1,5,16,1,1,0,1,0.82,0.7879,0.56,0.3284,223,278,501
10366,2012-03-13,1,1,3,0,0,2,1,2,0.56,0.5303,0.52,0.194,5,21,26
1644,2011-03-14,1,0,3,0,0,1,1,1,0.26,0.2727,0.65,0.1045,4,7,11
2975,2011-05-08,2,0,5,20,0,0,0,1,0.52,0.5,0.77,0.1343,42,132,174
1577,2011-03-11,1,0,3,3,0,5,1,2,0.32,0.3333,0.93,0.0896,0,2,2
1025,2011-02-15,1,0,2,9,0,2,1,1,0.22,0.197,0.29,0.4478,2,108,110
11387,2012-04-24,2,1,4,15,0,2,1,1,0.5,0.4848,0.23,0.4179,60,176,236
10365,2012-03-12,1,1,3,23,0,1,1,1,0.56,0.5303,0.56,0.2239,10,53,63
5716,2011-08-31,3,0,8,14,0,3,1,1,0.74,0.6515,0.4,0.1343,48,148,196
11915,2012-05-16,2,1,5,15,0,3,1,2,0.72,0.6667,0.48,0.1045,52,222,274
2907,2011-05-06,2,0,5,0,0,5,1,1,0.44,0.4394,0.44,0.1642,13,43,56
8967,2012-01-14,1,1,1,11,0,6,0,1,0.2,0.197,0.4,0.194,28,150,178
11318,2012-04-21,2,1,4,18,0,6,0,2,0.68,0.6364,0.47,0.4925,133,283,416
5609,2011-08-26,3,0,8,14,0,5,1,1,0.8,0.7727,0.59,0,55,164,219
12559,2012-06-12,2,1,6,11,0,2,1,3,0.66,0.6061,0.83,0.3582,8,57,65
10416,2012-03-15,1,1,3,2,0,4,1,1,0.5,0.4848,0.59,0,14,5,19
3185,2011-05-17,2,0,5,14,0,2,1,1,0.62,0.5909,0.73,0.4627,61,123,184
17179,2012-12-23,1,1,12,13,0,0,0,1,0.32,0.303,0.39,0.2239,63,123,186
2253,2011-04-08,2,0,4,17,0,5,1,3,0.32,0.303,0.93,0.2537,10,138,148
10927,2012-04-05,2,1,4,10,0,4,1,1,0.42,0.4242,0.35,0.2836,88,158,246
10805,2012-03-31,2,1,3,7,0,6,0,2,0.36,0.3485,0.87,0.1642,5,39,44
15835,2012-10-26,4,1,10,23,0,5,1,1,0.52,0.5,0.83,0.1642,19,159,178
4439,2011-07-08,3,0,7,20,0,5,1,1,0.66,0.6061,0.83,0.1642,30,220,250
4955,2011-07-30,3,0,7,8,0,6,0,1,0.78,0.7424,0.59,0.2239,27,87,114
12767,2012-06-21,3,1,6,3,0,4,1,1,0.72,0.697,0.74,0,3,8,11
4722,2011-07-20,3,0,7,15,0,3,1,1,0.86,0.8182,0.5,0.1642,36,102,138
11475,2012-04-28,2,1,4,7,0,6,0,1,0.34,0.3333,0.49,0.1642,10,45,55
7514,2011-11-14,4,0,11,16,0,1,1,1,0.62,0.6212,0.46,0.4179,51,264,315
9240,2012-01-25,1,1,1,21,0,3,1,1,0.3,0.3333,0.65,0,19,166,185
16499,2012-11-25,4,1,11,4,0,0,0,1,0.22,0.2727,0.44,0,1,1,2
10280,2012-03-09,1,1,3,9,0,5,1,2,0.34,0.2879,0.42,0.5224,17,267,284
5041,2011-08-02,3,0,8,22,0,2,1,2,0.78,0.7424,0.59,0.1642,22,169,191
5406,2011-08-18,3,0,8,3,0,4,1,1,0.66,0.6212,0.69,0.2836,0,6,6
15496,2012-10-12,4,1,10,20,0,5,1,1,0.42,0.4242,0.47,0.1343,28,280,308
17347,2012-12-30,1,1,12,15,0,0,0,1,0.28,0.2576,0.38,0.3284,37,101,138
14889,2012-09-17,3,1,9,13,0,1,1,1,0.64,0.6061,0.65,0.2537,112,231,343
15243,2012-10-02,4,1,10,7,0,2,1,3,0.58,0.5455,0.83,0.1045,4,256,260
14479,2012-08-31,3,1,8,11,0,5,1,1,0.86,0.7424,0.28,0.2985,88,221,309
12856,2012-06-24,3,1,6,20,0,0,0,1,0.78,0.697,0.46,0.2537,108,224,332
15135,2012-09-27,4,1,9,19,0,4,1,1,0.66,0.6212,0.65,0.1343,48,511,559
16638,2012-12-01,4,1,12,0,0,6,0,1,0.26,0.303,0.81,0,9,99,108
2358,2011-04-13,2,0,4,3,0,3,1,3,0.4,0.4091,0.94,0.3284,0,2,2
569,2011-01-25,1,0,1,21,0,2,1,1,0.24,0.2273,0.65,0.194,5,40,45
15861,2012-10-28,4,1,10,1,0,0,0,2,0.5,0.4848,0.72,0.2836,22,111,133
4085,2011-06-24,3,0,6,2,0,5,1,1,0.66,0.6061,0.83,0.3284,4,10,14
9602,2012-02-10,1,1,2,0,0,5,1,2,0.28,0.303,0.65,0.0896,4,39,43
32,2011-01-02,1,0,1,8,0,0,0,3,0.4,0.4091,0.71,0.2239,0,8,8
4845,2011-07-25,3,0,7,18,0,1,1,1,0.74,0.7121,0.74,0.0896,60,473,533
122,2011-01-06,1,0,1,7,0,4,1,2,0.16,0.2273,0.59,0,0,95,95
14257,2012-08-22,3,1,8,5,0,3,1,1,0.6,0.5758,0.78,0,2,38,40
1612,2011-03-12,1,0,3,15,0,6,0,1,0.42,0.4242,0.44,0.4925,81,101,182
9101,2012-01-20,1,1,1,2,0,5,1,1,0.26,0.2727,0.48,0.1343,0,11,11
15272,2012-10-03,4,1,10,12,0,3,1,2,0.7,0.6515,0.7,0.1045,69,289,358
13726,2012-07-31,3,1,7,2,0,2,1,1,0.66,0.6061,0.83,0.1343,0,8,8
5917,2011-09-09,3,0,9,1,0,5,1,2,0.62,0.5152,1,0.1642,0,8,8
15575,2012-10-16,4,1,10,3,0,2,1,1,0.42,0.4242,0.67,0.1045,0,2,2
2125,2011-04-03,2,0,4,9,0,0,0,1,0.36,0.3182,0.5,0.4925,68,74,142
5842,2011-09-05,3,0,9,20,1,1,0,3,0.66,0.5909,0.94,0.2537,26,56,82
12310,2012-06-02,2,1,6,2,0,6,0,2,0.54,0.5152,0.88,0,3,38,41
11787,2012-05-11,2,1,5,7,0,5,1,1,0.42,0.4242,0.5,0.2537,6,345,351
733,2011-02-02,1,0,2,21,0,3,1,1,0.22,0.197,0.47,0.3284,1,62,63
3411,2011-05-27,2,0,5,0,0,5,1,1,0.68,0.6364,0.69,0.2537,14,55,69
16512,2012-11-25,4,1,11,17,0,0,0,1,0.28,0.2727,0.41,0.1642,11,170,181
11910,2012-05-16,2,1,5,10,0,3,1,1,0.66,0.6212,0.61,0,43,149,192
80,2011-01-04,1,0,1,11,0,2,1,1,0.22,0.2121,0.51,0.2985,7,50,57
16039,2012-11-05,4,1,11,23,0,1,1,1,0.26,0.2727,0.6,0.1343,0,53,53
4895,2011-07-27,3,0,7,20,0,3,1,1,0.76,0.6818,0.45,0.2239,55,239,294
411,2011-01-19,1,0,1,2,0,3,1,3,0.22,0.2273,0.93,0.1343,0,3,3
3920,2011-06-17,2,0,6,5,0,5,1,1,0.54,0.5152,1,0,1,12,13
3636,2011-06-05,2,0,6,9,0,0,0,2,0.6,0.5758,0.78,0.194,53,111,164
16781,2012-12-06,4,1,12,23,0,4,1,1,0.24,0.2424,0.65,0.1642,0,93,93
1085,2011-02-17,1,0,2,22,0,4,1,1,0.5,0.4848,0.59,0.2836,8,68,76
9807,2012-02-18,1,1,2,13,0,6,0,1,0.4,0.4091,0.43,0.2836,165,219,384
11711,2012-05-08,2,1,5,3,0,2,1,2,0.52,0.5,0.68,0.2836,2,4,6
5606,2011-08-26,3,0,8,11,0,5,1,2,0.76,0.7121,0.62,0,63,151,214
8353,2011-12-19,4,0,12,16,0,1,1,1,0.4,0.4091,0.4,0.2537,19,189,208
6545,2011-10-05,4,0,10,6,0,3,1,1,0.44,0.4394,0.82,0.1045,5,112,117
3435,2011-05-28,2,0,5,0,0,6,0,1,0.58,0.5455,0.88,0.1343,15,79,94
2189,2011-04-06,2,0,4,1,0,3,1,1,0.26,0.2727,0.6,0.1343,0,2,2
5378,2011-08-16,3,0,8,23,0,2,1,1,0.66,0.6212,0.65,0.1343,20,57,77
6485,2011-10-02,4,0,10,18,0,0,0,2,0.36,0.3485,0.81,0.194,16,158,174
17062,2012-12-18,4,1,12,16,0,2,1,1,0.44,0.4394,0.41,0.4627,40,323,363
7663,2011-11-20,4,0,11,21,0,0,0,2,0.48,0.4697,0.77,0.0896,11,94,105
13186,2012-07-08,3,1,7,14,0,0,0,1,0.96,0.9091,0.36,0.1642,77,235,312
13689,2012-07-29,3,1,7,13,0,0,0,1,0.8,0.7424,0.49,0.2239,181,302,483
2082,2011-04-01,2,0,4,14,0,5,1,2,0.36,0.3333,0.46,0.3582,26,61,87
13669,2012-07-28,3,1,7,17,0,6,0,1,0.82,0.7576,0.46,0.194,199,280,479
5713,2011-08-31,3,0,8,11,0,3,1,1,0.72,0.6515,0.42,0.1343,28,143,171
158,2011-01-07,1,0,1,20,0,5,1,1,0.18,0.2121,0.47,0.1045,1,50,51
9870,2012-02-21,1,1,2,6,0,2,1,1,0.2,0.2576,0.75,0,3,83,86
9552,2012-02-07,1,1,2,22,0,2,1,1,0.32,0.3182,0.57,0.194,11,107,118
8526,2011-12-26,1,0,12,23,1,1,0,1,0.26,0.2727,0.7,0.1045,4,25,29
4258,2011-07-01,3,0,7,7,0,5,1,1,0.66,0.6212,0.54,0.1045,25,218,243
4744,2011-07-21,3,0,7,13,0,4,1,1,0.88,0.8939,0.56,0.2985,21,81,102
9911,2012-02-22,1,1,2,23,0,3,1,2,0.46,0.4545,0.41,0.2836,5,57,62
7959,2011-12-03,4,0,12,6,0,6,0,1,0.24,0.2576,0.65,0.1045,1,10,11
8742,2012-01-05,1,1,1,1,0,4,1,1,0.2,0.2273,0.51,0.0896,0,5,5
1485,2011-03-07,1,0,3,5,0,1,1,1,0.2,0.1818,0.75,0.3582,0,1,1
15817,2012-10-26,4,1,10,5,0,5,1,2,0.52,0.5,0.88,0.1045,3,47,50
706,2011-02-01,1,0,2,18,0,2,1,2,0.24,0.2576,0.81,0.1045,3,165,168
11264,2012-04-19,2,1,4,12,0,4,1,1,0.54,0.5152,0.49,0,51,213,264
14082,2012-08-14,3,1,8,22,0,2,1,1,0.72,0.6818,0.66,0.0896,28,161,189
3155,2011-05-16,2,0,5,8,0,1,1,1,0.56,0.5303,0.73,0.2985,28,366,394
3670,2011-06-06,2,0,6,19,0,1,1,1,0.72,0.6667,0.54,0.194,64,343,407
5501,2011-08-22,3,0,8,2,0,1,1,2,0.7,0.6515,0.65,0.1045,2,6,8
954,2011-02-12,1,0,2,8,0,6,0,1,0.14,0.1515,0.86,0.1343,2,28,30
8727,2012-01-04,1,1,1,10,0,3,1,1,0.06,0.1061,0.45,0,7,57,64
7586,2011-11-17,4,0,11,16,0,4,1,1,0.32,0.2879,0.39,0.4179,8,187,195
5140,2011-08-07,3,0,8,1,0,0,0,2,0.7,0.6667,0.84,0.2537,10,63,73
397,2011-01-18,1,0,1,12,0,2,1,2,0.2,0.1818,0.86,0.3284,0,3,3
11588,2012-05-03,2,1,5,0,0,4,1,2,0.48,0.4697,0.82,0.2239,15,75,90
16421,2012-11-21,4,1,11,22,0,3,1,1,0.34,0.3636,0.49,0,6,82,88
5268,2011-08-12,3,0,8,9,0,5,1,1,0.72,0.6515,0.34,0.1343,27,178,205
17131,2012-12-21,1,1,12,13,0,5,1,2,0.32,0.2879,0.39,0.4179,26,214,240
2537,2011-04-20,2,0,4,14,0,3,1,1,0.74,0.6515,0.4,0.4627,33,115,148
15909,2012-10-31,4,1,10,13,0,3,1,1,0.42,0.4242,0.5,0.2239,22,191,213
4157,2011-06-27,3,0,6,2,0,1,1,3,0.62,0.5909,0.78,0.1343,3,3,6
8963,2012-01-14,1,1,1,7,0,6,0,1,0.14,0.1515,0.5,0.1343,0,24,24
11225,2012-04-17,2,1,4,21,0,2,1,1,0.56,0.5303,0.26,0.2985,37,260,297
8456,2011-12-23,1,0,12,23,0,5,1,1,0.32,0.3333,0.66,0.1343,4,21,25
15426,2012-10-09,4,1,10,22,0,2,1,2,0.48,0.4697,0.77,0.0896,7,155,162
16204,2012-11-12,4,1,11,21,1,1,0,3,0.54,0.5152,0.73,0.2239,10,145,155
14867,2012-09-16,3,1,9,15,0,0,0,1,0.64,0.6212,0.41,0.1642,215,342,557
1529,2011-03-09,1,0,3,1,0,3,1,1,0.26,0.2727,0.52,0.1343,0,4,4
3693,2011-06-07,2,0,6,18,0,2,1,1,0.78,0.697,0.46,0.2836,72,479,551
16525,2012-11-26,4,1,11,6,0,1,1,1,0.22,0.2727,0.69,0,1,123,124
5972,2011-09-11,3,0,9,8,0,0,0,1,0.64,0.5909,0.78,0,25,69,94
5338,2011-08-15,3,0,8,7,0,1,1,1,0.6,0.5455,0.88,0.2537,10,248,258
1663,2011-03-14,1,0,3,20,0,1,1,1,0.34,0.3182,0.46,0.2239,23,106,129
456,2011-01-21,1,0,1,0,0,5,1,2,0.24,0.2273,0.7,0.2537,1,20,21
13708,2012-07-30,3,1,7,8,0,1,1,2,0.72,0.697,0.74,0.1045,31,720,751
10837,2012-04-01,2,1,4,15,0,0,0,1,0.5,0.4848,0.55,0.2537,295,278,573
5019,2011-08-02,3,0,8,0,0,2,1,1,0.66,0.6212,0.74,0,11,18,29
11888,2012-05-15,2,1,5,12,0,2,1,1,0.64,0.6061,0.73,0.194,44,220,264
6680,2011-10-10,4,0,10,21,1,1,0,1,0.56,0.5303,0.88,0.0896,27,148,175
7088,2011-10-27,4,0,10,22,0,4,1,1,0.36,0.3182,0.66,0.4925,14,97,111
7839,2011-11-28,4,0,11,6,0,1,1,1,0.42,0.4242,0.82,0.0896,6,98,104
652,2011-01-30,1,0,1,11,0,0,0,1,0.22,0.2727,0.75,0,9,50,59
10063,2012-02-29,1,1,2,8,0,3,1,2,0.28,0.2879,0.75,0.1045,2,114,116
7636,2011-11-19,4,0,11,18,0,6,0,1,0.38,0.3939,0.46,0.1343,36,172,208
3017,2011-05-10,2,0,5,14,0,2,1,2,0.62,0.6212,0.33,0,42,134,176
6224,2011-09-21,3,0,9,21,0,3,1,2,0.6,0.5,1,0.0896,25,175,200
10953,2012-04-06,2,1,4,12,0,5,1,1,0.42,0.4242,0.35,0.2985,113,224,337
9755,2012-02-16,1,1,2,9,0,4,1,2,0.3,0.303,0.7,0.1642,3,199,202
13002,2012-06-30,3,1,6,22,0,6,0,1,0.78,0.7424,0.62,0.1642,38,134,172
14632,2012-09-06,3,1,9,20,0,4,1,1,0.66,0.6061,0.78,0.2239,50,356,406
6830,2011-10-17,4,0,10,3,0,1,1,1,0.56,0.5303,0.49,0.194,0,2,2
11550,2012-05-01,2,1,5,10,0,2,1,1,0.62,0.5909,0.78,0.2537,30,144,174
5225,2011-08-10,3,0,8,14,0,3,1,1,0.84,0.7273,0.34,0.3284,62,116,178
17336,2012-12-30,1,1,12,4,0,0,0,2,0.26,0.2576,0.56,0.2239,0,7,7
17251,2012-12-26,1,1,12,15,0,3,1,3,0.26,0.2273,0.87,0.3582,0,13,13
5639,2011-08-28,3,0,8,9,0,0,0,1,0.66,0.6212,0.74,0.4179,7,46,53
13180,2012-07-08,3,1,7,8,0,0,0,1,0.84,0.803,0.53,0.1343,35,95,130
12020,2012-05-21,2,1,5,0,0,1,1,3,0.58,0.5455,0.88,0.2985,12,28,40
6760,2011-10-14,4,0,10,5,0,5,1,2,0.56,0.5303,0.94,0.1642,0,17,17
13990,2012-08-11,3,1,8,2,0,6,0,3,0.64,0.5909,0.78,0.194,19,66,85
174,2011-01-08,1,0,1,12,0,6,0,2,0.2,0.1818,0.59,0.3582,8,90,98
16193,2012-11-12,4,1,11,10,1,1,0,1,0.48,0.4697,0.77,0.1642,82,184,266
8212,2011-12-13,4,0,12,19,0,2,1,1,0.32,0.3182,0.49,0.1642,5,262,267
336,2011-01-15,1,0,1,11,0,6,0,1,0.2,0.197,0.55,0.2239,18,54,72
7036,2011-10-25,4,0,10,18,0,2,1,1,0.52,0.5,0.42,0.1045,65,453,518
8052,2011-12-07,4,0,12,3,0,3,1,3,0.46,0.4545,1,0.2239,0,3,3
2134,2011-04-03,2,0,4,18,0,0,0,2,0.46,0.4545,0.31,0,71,101,172
8486,2011-12-25,1,0,12,6,0,0,0,1,0.2,0.2273,0.75,0.1045,0,1,1
12588,2012-06-13,2,1,6,16,0,3,1,1,0.72,0.6515,0.3,0.4925,72,320,392
400,2011-01-18,1,0,1,15,0,2,1,2,0.22,0.2273,0.87,0.1642,3,32,35
15528,2012-10-14,4,1,10,4,0,0,0,1,0.42,0.4242,0.77,0.2836,2,10,12
10547,2012-03-20,1,1,3,13,0,2,1,1,0.6,0.5758,0.78,0.194,77,207,284
750,2011-02-03,1,0,2,15,0,4,1,1,0.22,0.197,0.37,0.3284,4,56,60
612,2011-01-28,1,0,1,17,0,5,1,1,0.24,0.2424,0.75,0.1343,2,147,149
14352,2012-08-26,3,1,8,4,0,0,0,2,0.64,0.5758,0.89,0.194,5,11,16
6195,2011-09-20,3,0,9,16,0,2,1,2,0.6,0.5606,0.83,0.1642,23,241,264
9567,2012-02-08,1,1,2,13,0,3,1,2,0.28,0.2879,0.61,0.1045,15,111,126
11460,2012-04-27,2,1,4,16,0,5,1,1,0.52,0.5,0.29,0.2537,105,335,440
8305,2011-12-17,4,0,12,16,0,6,0,1,0.28,0.2727,0.45,0.2239,30,192,222
10912,2012-04-04,2,1,4,19,0,3,1,1,0.66,0.6212,0.39,0.2239,75,419,494
10232,2012-03-07,1,1,3,9,0,3,1,1,0.3,0.2727,0.61,0.3284,12,252,264
14174,2012-08-18,3,1,8,18,0,6,0,1,0.74,0.6515,0.37,0.1642,225,329,554
9055,2012-01-18,1,1,1,4,0,3,1,1,0.34,0.2879,0.46,0.5224,0,1,1
3088,2011-05-13,2,0,5,13,0,5,1,2,0.52,0.5,0.88,0.3881,69,157,226
3644,2011-06-05,2,0,6,17,0,0,0,1,0.74,0.6667,0.51,0,126,264,390
7624,2011-11-19,4,0,11,6,0,6,0,1,0.24,0.2121,0.6,0.3284,2,10,12
3188,2011-05-17,2,0,5,17,0,2,1,1,0.62,0.6061,0.65,0.4179,83,521,604
5707,2011-08-31,3,0,8,5,0,3,1,1,0.54,0.5152,0.83,0.0896,2,25,27
15820,2012-10-26,4,1,10,8,0,5,1,2,0.54,0.5152,0.88,0.1343,20,714,734
16038,2012-11-05,4,1,11,22,0,1,1,1,0.28,0.2727,0.56,0.194,4,111,115
12499,2012-06-09,2,1,6,23,0,6,0,1,0.68,0.6364,0.61,0.1642,69,161,230
16817,2012-12-08,4,1,12,11,0,6,0,2,0.4,0.4091,0.87,0.1045,63,341,404
13083,2012-07-04,3,1,7,7,1,3,0,1,0.68,0.6364,0.65,0,10,62,72
5550,2011-08-24,3,0,8,3,0,3,1,1,0.58,0.5455,0.68,0.1343,0,1,1
8249,2011-12-15,4,0,12,8,0,4,1,2,0.34,0.3182,0.66,0.2239,8,449,457
5283,2011-08-13,3,0,8,0,0,6,0,1,0.68,0.6364,0.51,0.1045,15,69,84
15809,2012-10-25,4,1,10,21,0,4,1,2,0.52,0.5,0.88,0.1343,24,247,271
1796,2011-03-20,1,0,3,12,0,0,0,1,0.36,0.3636,0.4,0.1045,120,108,228
5031,2011-08-02,3,0,8,12,0,2,1,1,0.86,0.7424,0.3,0.2836,45,112,157
13895,2012-08-07,3,1,8,3,0,2,1,1,0.7,0.6667,0.84,0,0,6,6
215,2011-01-10,1,0,1,5,0,1,1,1,0.1,0.1061,0.54,0.2537,0,3,3
9677,2012-02-13,1,1,2,3,0,1,1,1,0.12,0.1515,0.54,0.1045,0,1,1
11934,2012-05-17,2,1,5,10,0,4,1,1,0.56,0.5303,0.52,0.2537,43,162,205
11301,2012-04-21,2,1,4,1,0,6,0,1,0.52,0.5,0.77,0.2239,24,64,88
1563,2011-03-10,1,0,3,13,0,4,1,3,0.42,0.4242,0,0.2239,1,11,12
16504,2012-11-25,4,1,11,9,0,0,0,2,0.24,0.2273,0.48,0.2239,13,83,96
4129,2011-06-25,3,0,6,22,0,6,0,1,0.68,0.6364,0.47,0.194,61,126,187
11817,2012-05-12,2,1,5,13,0,6,0,1,0.64,0.6212,0.36,0.194,293,366,659
3214,2011-05-18,2,0,5,19,0,3,1,3,0.56,0.5303,0.88,0.1343,43,288,331
14505,2012-09-01,3,1,9,13,0,6,0,2,0.82,0.7727,0.52,0.0896,237,267,504
14605,2012-09-05,3,1,9,17,0,3,1,1,0.76,0.7273,0.66,0.2537,83,780,863
16583,2012-11-28,4,1,11,16,0,3,1,1,0.36,0.3333,0.29,0.2537,9,316,325
3596,2011-06-03,2,0,6,17,0,5,1,1,0.72,0.6364,0.25,0.2836,73,485,558
7781,2011-11-25,4,0,11,19,0,5,1,1,0.42,0.4242,0.67,0,38,96,134
13095,2012-07-04,3,1,7,19,1,3,0,1,0.86,0.803,0.47,0.2239,177,255,432
6441,2011-09-30,4,0,9,22,0,5,1,1,0.52,0.5,0.55,0.3284,30,129,159
2695,2011-04-27,2,0,4,4,0,3,1,1,0.56,0.5303,0.94,0.2239,0,6,6
10599,2012-03-22,2,1,3,17,0,4,1,1,0.66,0.6212,0.65,0.1642,154,656,810
16293,2012-11-16,4,1,11,14,0,5,1,1,0.42,0.4242,0.35,0.1045,47,204,251
8247,2011-12-15,4,0,12,6,0,4,1,1,0.32,0.3182,0.66,0.194,2,90,92
16194,2012-11-12,4,1,11,11,1,1,0,1,0.52,0.5,0.72,0.1642,112,255,367
6881,2011-10-19,4,0,10,7,0,3,1,3,0.52,0.5,0.77,0.2537,1,67,68
16562,2012-11-27,4,1,11,19,0,2,1,1,0.26,0.2576,0.73,0.2985,12,338,350
5480,2011-08-21,3,0,8,5,0,0,0,1,0.66,0.5909,0.89,0.2985,0,8,8
10950,2012-04-06,2,1,4,9,0,5,1,1,0.34,0.303,0.42,0.3284,58,318,376
14661,2012-09-08,3,1,9,1,0,6,0,2,0.66,0.5909,0.89,0.2836,10,107,117
16527,2012-11-26,4,1,11,8,0,1,1,1,0.24,0.2879,0.65,0,9,629,638
7791,2011-11-26,4,0,11,5,0,6,0,1,0.3,0.3182,0.75,0.1045,0,3,3
1870,2011-03-23,2,0,3,16,0,3,1,2,0.4,0.4091,0.76,0.2239,13,123,136
9539,2012-02-07,1,1,2,9,0,2,1,1,0.32,0.3333,0.49,0,11,278,289
15036,2012-09-23,4,1,9,16,0,0,0,1,0.6,0.6212,0.33,0.3284,254,437,691
16312,2012-11-17,4,1,11,9,0,6,0,1,0.34,0.3182,0.49,0.2239,48,200,248
14815,2012-09-14,3,1,9,11,0,5,1,2,0.68,0.6364,0.61,0.1045,84,196,280
10724,2012-03-27,2,1,3,22,0,2,1,1,0.36,0.3485,0.37,0.1343,7,127,134
1,2011-01-01,1,0,1,0,0,6,0,1,0.24,0.2879,0.81,0,3,13,16
11257,2012-04-19,2,1,4,5,0,4,1,1,0.4,0.4091,0.82,0,0,30,30
2214,2011-04-07,2,0,4,2,0,4,1,1,0.42,0.4242,0.54,0,0,7,7
9876,2012-02-21,1,1,2,12,0,2,1,2,0.3,0.2727,0.56,0.3881,16,147,163
10110,2012-03-02,1,1,3,7,0,5,1,1,0.3,0.3333,0.7,0,4,258,262
8560,2011-12-28,1,0,12,10,0,3,1,1,0.34,0.3182,0.57,0.2239,12,84,96
2349,2011-04-12,2,0,4,18,0,2,1,3,0.44,0.4394,0.77,0.2239,21,203,224
8255,2011-12-15,4,0,12,14,0,4,1,2,0.52,0.5,0.52,0.3284,8,124,132
16300,2012-11-16,4,1,11,21,0,5,1,1,0.34,0.3333,0.49,0.194,21,157,178
8171,2011-12-12,4,0,12,2,0,1,1,1,0.2,0.2576,0.69,0,0,4,4
4449,2011-07-09,3,0,7,6,0,6,0,2,0.64,0.5758,0.83,0.194,11,27,38
7821,2011-11-27,4,0,11,11,0,0,0,1,0.5,0.4848,0.63,0.3582,83,157,240
12979,2012-06-29,3,1,6,23,0,5,1,3,0.82,0.8333,0.63,0.194,6,42,48
3016,2011-05-10,2,0,5,13,0,2,1,2,0.62,0.6212,0.38,0.2537,50,152,202
14499,2012-09-01,3,1,9,7,0,6,0,2,0.74,0.6818,0.58,0.1343,8,58,66
1397,2011-03-03,1,0,3,11,0,4,1,1,0.2,0.2273,0.29,0.0896,10,40,50
8808,2012-01-07,1,1,1,19,0,6,0,1,0.52,0.5,0.42,0.1045,44,171,215
9841,2012-02-19,1,1,2,23,0,0,0,2,0.22,0.2273,0.93,0.1642,5,30,35
3571,2011-06-02,2,0,6,16,0,4,1,1,0.8,0.6818,0.22,0.4925,63,255,318
12745,2012-06-20,2,1,6,5,0,3,1,1,0.66,0.6061,0.83,0.0896,2,37,39
10831,2012-04-01,2,1,4,9,0,0,0,2,0.36,0.3485,0.81,0.1343,102,173,275
5911,2011-09-08,3,0,9,19,0,4,1,3,0.62,0.5152,1,0.3284,1,51,52
16660,2012-12-01,4,1,12,22,0,6,0,2,0.3,0.3333,0.87,0,17,130,147
5504,2011-08-22,3,0,8,5,0,1,1,1,0.66,0.6212,0.65,0.3582,1,23,24
14731,2012-09-10,3,1,9,23,0,1,1,1,0.54,0.5152,0.52,0,7,86,93
3609,2011-06-04,2,0,6,6,0,6,0,1,0.54,0.5152,0.6,0,11,17,28
15185,2012-09-29,4,1,9,21,0,6,0,1,0.52,0.5,0.55,0.1343,73,219,292
11620,2012-05-04,2,1,5,8,0,5,1,1,0.56,0.5303,0.88,0,34,584,618
7415,2011-11-10,4,0,11,13,0,4,1,3,0.36,0.3333,0.81,0.3582,9,87,96
16105,2012-11-08,4,1,11,18,0,4,1,1,0.4,0.4091,0.24,0.4179,16,491,507
14924,2012-09-19,3,1,9,0,0,3,1,2,0.56,0.5303,0.68,0.2836,3,23,26
8440,2011-12-23,1,0,12,7,0,5,1,1,0.38,0.3939,0.82,0.2239,4,88,92
12052,2012-05-22,2,1,5,8,0,2,1,2,0.56,0.5303,0.88,0.1343,20,570,590
2684,2011-04-26,2,0,4,17,0,2,1,1,0.68,0.6364,0.61,0.3582,66,455,521
12532,2012-06-11,2,1,6,8,0,1,1,1,0.66,0.6212,0.74,0.1343,38,613,651
8060,2011-12-07,4,0,12,11,0,3,1,3,0.44,0.4394,1,0.0896,3,47,50
6065,2011-09-15,3,0,9,6,0,4,1,2,0.6,0.5606,0.83,0.2537,5,119,124
13338,2012-07-14,3,1,7,22,0,6,0,1,0.7,0.6667,0.79,0.194,65,160,225
8665,2012-01-01,1,1,1,19,0,0,0,3,0.42,0.4242,0.67,0.3881,20,85,105
327,2011-01-15,1,0,1,2,0,6,0,2,0.16,0.197,0.59,0.0896,0,12,12
11273,2012-04-19,2,1,4,21,0,4,1,1,0.52,0.5,0.55,0.1045,27,240,267
12376,2012-06-04,2,1,6,20,0,1,1,1,0.6,0.6212,0.4,0.3582,71,390,461
4623,2011-07-16,3,0,7,12,0,6,0,1,0.76,0.6818,0.43,0.2836,187,276,463
13034,2012-07-02,3,1,7,6,0,1,1,1,0.7,0.6515,0.58,0.1045,4,132,136
2873,2011-05-04,2,0,5,14,0,3,1,1,0.5,0.4848,0.51,0.3881,13,94,107
4549,2011-07-13,3,0,7,10,0,3,1,1,0.82,0.7576,0.46,0.194,33,80,113
15316,2012-10-05,4,1,10,8,0,5,1,1,0.58,0.5455,0.64,0,36,749,785
11645,2012-05-05,2,1,5,9,0,6,0,1,0.62,0.5909,0.78,0.1045,61,223,284
16302,2012-11-16,4,1,11,23,0,5,1,1,0.32,0.303,0.53,0.2239,14,114,128
6933,2011-10-21,4,0,10,11,0,5,1,1,0.5,0.4848,0.45,0.2239,39,135,174
4394,2011-07-06,3,0,7,23,0,3,1,1,0.68,0.6364,0.83,0.2239,20,78,98
935,2011-02-11,1,0,2,13,0,5,1,1,0.24,0.2273,0.35,0.194,21,89,110
5149,2011-08-07,3,0,8,10,0,0,0,1,0.8,0.803,0.66,0.1343,88,178,266
6818,2011-10-16,4,0,10,15,0,0,0,1,0.62,0.6212,0.35,0.3881,182,230,412
11908,2012-05-16,2,1,5,8,0,3,1,1,0.58,0.5455,0.83,0,33,617,650
15638,2012-10-18,4,1,10,18,0,4,1,2,0.56,0.5303,0.64,0.3284,68,720,788
15912,2012-10-31,4,1,10,16,0,3,1,2,0.42,0.4242,0.54,0.2239,51,373,424
12182,2012-05-27,2,1,5,18,0,0,0,1,0.76,0.7121,0.58,0.2985,266,252,518
10221,2012-03-06,1,1,3,22,0,2,1,1,0.28,0.2727,0.56,0.1642,5,101,106
13550,2012-07-23,3,1,7,18,0,1,1,1,0.82,0.7576,0.46,0.1045,69,672,741
1676,2011-03-15,1,0,3,10,0,2,1,2,0.32,0.3182,0.66,0.194,22,56,78
15394,2012-10-08,4,1,10,14,1,1,0,2,0.42,0.4242,0.58,0.1045,121,299,420
8813,2012-01-08,1,1,1,0,0,0,0,1,0.38,0.3939,0.4,0.2836,14,77,91
16411,2012-11-21,4,1,11,12,0,3,1,1,0.44,0.4394,0.41,0.194,74,270,344
7986,2011-12-04,4,0,12,9,0,0,0,1,0.3,0.3333,0.81,0,12,114,126
14646,2012-09-07,3,1,9,10,0,5,1,1,0.72,0.697,0.74,0.1343,53,171,224
5039,2011-08-02,3,0,8,20,0,2,1,2,0.82,0.7576,0.46,0.2537,40,248,288
15763,2012-10-23,4,1,10,23,0,2,1,1,0.54,0.5152,0.73,0.1045,9,102,111
11821,2012-05-12,2,1,5,17,0,6,0,2,0.66,0.6212,0.36,0.194,233,343,576
16526,2012-11-26,4,1,11,7,0,1,1,1,0.24,0.2879,0.65,0,2,363,365
15168,2012-09-29,4,1,9,4,0,6,0,1,0.52,0.5,0.59,0.2537,6,8,14
830,2011-02-07,1,0,2,0,0,1,1,1,0.24,0.2879,0.65,0,1,14,15
10036,2012-02-28,1,1,2,4,0,2,1,1,0.32,0.2879,0.42,0.3582,0,2,2
4050,2011-06-22,3,0,6,15,0,3,1,2,0.82,0.7879,0.56,0.2836,32,114,146
9322,2012-01-29,1,1,1,7,0,0,0,1,0.2,0.2121,0.37,0.1343,0,12,12
12508,2012-06-10,2,1,6,8,0,0,0,1,0.64,0.6061,0.73,0.0896,59,122,181
2499,2011-04-19,2,0,4,0,0,2,1,1,0.5,0.4848,0.55,0.2239,2,23,25
3890,2011-06-15,2,0,6,23,0,3,1,1,0.62,0.6212,0.53,0,17,90,107
5536,2011-08-23,3,0,8,13,0,2,1,1,0.72,0.6515,0.3,0.1045,70,164,234
13062,2012-07-03,3,1,7,10,0,2,1,1,0.82,0.7424,0.43,0.2239,56,153,209
16187,2012-11-12,4,1,11,4,1,1,0,1,0.4,0.4091,0.76,0.0896,1,3,4
7005,2011-10-24,4,0,10,11,0,1,1,2,0.5,0.4848,0.72,0.1642,59,109,168
13436,2012-07-19,3,1,7,0,0,4,1,1,0.74,0.697,0.66,0.0896,16,50,66
10567,2012-03-21,2,1,3,9,0,3,1,2,0.5,0.4848,0.88,0.1642,38,255,293
11541,2012-05-01,2,1,5,1,0,2,1,2,0.5,0.4848,0.63,0.1343,0,21,21
11880,2012-05-15,2,1,5,4,0,2,1,3,0.56,0.5303,0.94,0,1,4,5
13666,2012-07-28,3,1,7,14,0,6,0,1,0.86,0.7727,0.39,0.2537,186,308,494
8630,2011-12-31,1,0,12,8,0,6,0,1,0.34,0.3333,0.81,0.1343,7,42,49
334,2011-01-15,1,0,1,9,0,6,0,1,0.16,0.1818,0.64,0.1343,2,31,33
182,2011-01-08,1,0,1,20,0,6,0,1,0.12,0.1212,0.36,0.2537,0,28,28
832,2011-02-07,1,0,2,2,0,1,1,1,0.2,0.2576,0.8,0,0,3,3
1322,2011-02-28,1,0,2,8,0,1,1,2,0.34,0.303,0.93,0.2985,13,242,255
5426,2011-08-18,3,0,8,23,0,4,1,2,0.7,0.6667,0.74,0.1343,20,94,114
3317,2011-05-23,2,0,5,2,0,1,1,3,0.56,0.5303,0.88,0.1642,2,3,5
6452,2011-10-01,4,0,10,9,0,6,0,3,0.4,0.4091,0.82,0.3582,17,112,129
10019,2012-02-27,1,1,2,11,0,1,1,1,0.36,0.3333,0.43,0.2537,11,92,103
15193,2012-09-30,4,1,9,5,0,0,0,1,0.44,0.4394,0.72,0,1,9,10
17042,2012-12-17,4,1,12,20,0,1,1,2,0.42,0.4242,0.94,0.2537,8,192,200
13197,2012-07-09,3,1,7,1,0,1,1,3,0.7,0.6667,0.89,0.1045,5,13,18
7403,2011-11-10,4,0,11,1,0,4,1,2,0.4,0.4091,0.87,0,1,10,11
8273,2011-12-16,4,0,12,8,0,5,1,1,0.36,0.3333,0.46,0.4179,10,449,459
15522,2012-10-13,4,1,10,22,0,6,0,1,0.4,0.4091,0.62,0,33,156,189
10242,2012-03-07,1,1,3,19,0,3,1,1,0.54,0.5152,0.42,0.3582,16,345,361
16689,2012-12-03,4,1,12,3,0,1,1,1,0.38,0.3939,0.87,0,2,6,8
4030,2011-06-21,3,0,6,19,0,2,1,2,0.74,0.7121,0.74,0.2239,67,358,425
1509,2011-03-08,1,0,3,5,0,2,1,1,0.2,0.2273,0.69,0.1045,2,8,10
8883,2012-01-10,1,1,1,23,0,2,1,1,0.26,0.2727,0.81,0.1045,3,38,41
1616,2011-03-12,1,0,3,19,0,6,0,1,0.42,0.4242,0.54,0.0896,26,86,112
4694,2011-07-19,3,0,7,11,0,2,1,1,0.82,0.803,0.59,0,29,98,127
10503,2012-03-18,1,1,3,17,0,0,0,1,0.56,0.5303,0.64,0.0896,233,308,541
12893,2012-06-26,3,1,6,9,0,2,1,1,0.58,0.5455,0.46,0.4179,30,298,328
11697,2012-05-07,2,1,5,13,0,1,1,2,0.6,0.6212,0.53,0.3284,75,197,272
16091,2012-11-08,4,1,11,4,0,4,1,2,0.3,0.2879,0.45,0.2836,1,9,10
1599,2011-03-12,1,0,3,2,0,6,0,1,0.24,0.2273,0.65,0.194,0,14,14
16216,2012-11-13,4,1,11,9,0,2,1,3,0.32,0.303,0.81,0.3284,1,109,110
7763,2011-11-25,4,0,11,1,0,5,1,1,0.34,0.3636,0.76,0,2,12,14
1804,2011-03-20,1,0,3,20,0,0,0,1,0.36,0.3333,0.46,0.2836,21,46,67
14861,2012-09-16,3,1,9,9,0,0,0,1,0.58,0.5455,0.6,0.1343,70,226,296
7776,2011-11-25,4,0,11,14,0,5,1,1,0.52,0.5,0.39,0.2239,122,150,272
15052,2012-09-24,4,1,9,8,0,1,1,1,0.5,0.4848,0.55,0.194,31,719,750
11867,2012-05-14,2,1,5,15,0,1,1,2,0.62,0.5909,0.73,0.1642,40,156,196
10088,2012-03-01,1,1,3,9,0,4,1,1,0.46,0.4545,0.77,0.2537,5,281,286
8646,2012-01-01,1,1,1,0,0,0,0,1,0.36,0.3788,0.66,0,5,43,48
14804,2012-09-14,3,1,9,0,0,5,1,1,0.56,0.5303,0.73,0.0896,24,63,87
6422,2011-09-30,4,0,9,3,0,5,1,1,0.52,0.5,0.83,0.1045,0,3,3
5467,2011-08-20,3,0,8,16,0,6,0,1,0.8,0.7273,0.46,0.194,151,222,373
378,2011-01-17,1,0,1,5,1,1,0,2,0.18,0.197,0.43,0.1642,0,1,1
1733,2011-03-17,1,0,3,20,0,4,1,1,0.42,0.4242,0.67,0.2239,25,112,137
14866,2012-09-16,3,1,9,14,0,0,0,1,0.66,0.6212,0.39,0.1343,225,410,635
773,2011-02-04,1,0,2,15,0,5,1,2,0.28,0.2727,0.48,0.2537,9,81,90
10764,2012-03-29,2,1,3,14,0,4,1,1,0.5,0.4848,0.42,0.3582,63,175,238
14525,2012-09-02,3,1,9,9,0,0,0,2,0.7,0.6667,0.84,0,88,144,232
12104,2012-05-24,2,1,5,12,0,4,1,1,0.7,0.6515,0.58,0.1045,76,213,289
15156,2012-09-28,4,1,9,16,0,5,1,2,0.66,0.6212,0.5,0.2239,83,419,502
12613,2012-06-14,2,1,6,17,0,4,1,1,0.72,0.6667,0.48,0.2239,117,750,867
9854,2012-02-20,1,1,2,13,1,1,0,1,0.3,0.2879,0.42,0.2836,66,246,312
15482,2012-10-12,4,1,10,6,0,5,1,1,0.34,0.3485,0.81,0.0896,3,140,143
395,2011-01-17,1,0,1,22,1,1,0,3,0.14,0.1212,0.93,0.2537,0,13,13
8224,2011-12-14,4,0,12,7,0,3,1,1,0.28,0.3182,0.75,0,4,243,247
4790,2011-07-23,3,0,7,11,0,6,0,1,0.9,0.8182,0.37,0.194,62,154,216
8341,2011-12-19,4,0,12,4,0,1,1,1,0.16,0.1818,0.86,0.1343,0,4,4
2596,2011-04-23,2,0,4,1,0,6,0,2,0.32,0.3182,1,0.194,5,11,16
16758,2012-12-06,4,1,12,0,0,4,1,1,0.26,0.2424,0.48,0.2836,1,43,44
6736,2011-10-13,4,0,10,5,0,4,1,2,0.54,0.5152,1,0.1045,1,16,17
12483,2012-06-09,2,1,6,7,0,6,0,1,0.58,0.5455,0.64,0.1045,26,61,87
7560,2011-11-16,4,0,11,14,0,3,1,2,0.46,0.4545,1,0.1343,12,49,61
14091,2012-08-15,3,1,8,7,0,3,1,2,0.66,0.6212,0.69,0.194,25,467,492
11367,2012-04-23,2,1,4,19,0,1,1,2,0.34,0.3182,0.76,0.2239,11,287,298
13260,2012-07-11,3,1,7,16,0,3,1,1,0.8,0.7121,0.38,0.194,53,358,411
15560,2012-10-15,4,1,10,12,0,1,1,3,0.6,0.5758,0.78,0.3284,73,211,284
16183,2012-11-12,4,1,11,0,1,1,0,1,0.42,0.4242,0.71,0.1045,6,43,49
6278,2011-09-24,4,0,9,3,0,6,0,1,0.58,0.5455,0.94,0,4,27,31
12604,2012-06-14,2,1,6,8,0,4,1,1,0.6,0.6061,0.64,0.3284,37,682,719
5636,2011-08-27,3,0,8,17,0,6,0,3,0.64,0.5758,0.89,0.8358,2,14,16
6707,2011-10-12,4,0,10,0,0,3,1,2,0.56,0.5303,0.83,0.1343,2,23,25
2030,2011-03-30,2,0,3,10,0,3,1,2,0.34,0.3182,0.46,0.2239,13,51,64
10512,2012-03-19,1,1,3,2,0,1,1,1,0.46,0.4545,0.88,0.1642,1,7,8
15514,2012-10-13,4,1,10,14,0,6,0,1,0.48,0.4697,0.33,0.194,243,354,597
2058,2011-03-31,2,0,3,14,0,4,1,3,0.3,0.303,0.87,0.1343,27,49,76
13549,2012-07-23,3,1,7,17,0,1,1,1,0.82,0.7727,0.52,0.1343,87,760,847
3979,2011-06-19,2,0,6,16,0,0,0,2,0.76,0.6818,0.48,0,121,257,378
4630,2011-07-16,3,0,7,19,0,6,0,1,0.74,0.6818,0.48,0.194,164,242,406
6960,2011-10-22,4,0,10,14,0,6,0,2,0.48,0.4697,0.48,0.2239,133,177,310
8994,2012-01-15,1,1,1,14,0,0,0,1,0.2,0.1818,0.32,0.3582,25,163,188
6114,2011-09-17,3,0,9,7,0,6,0,2,0.46,0.4545,0.77,0.194,4,33,37
7614,2011-11-18,4,0,11,20,0,5,1,1,0.28,0.2727,0.48,0.194,8,129,137
6836,2011-10-17,4,0,10,9,0,1,1,2,0.5,0.4848,0.45,0.2836,26,180,206
14508,2012-09-01,3,1,9,16,0,6,0,2,0.84,0.7879,0.49,0.1642,209,253,462
3448,2011-05-28,2,0,5,13,0,6,0,1,0.72,0.6818,0.62,0.2239,168,217,385
9850,2012-02-20,1,1,2,9,1,1,0,1,0.2,0.1818,0.59,0.3582,12,98,110
11662,2012-05-06,2,1,5,2,0,0,0,2,0.54,0.5152,0.83,0.2836,29,64,93
14744,2012-09-11,3,1,9,12,0,2,1,1,0.64,0.6212,0.33,0,62,254,316
10885,2012-04-03,2,1,4,16,0,2,1,1,0.62,0.6061,0.21,0.1642,145,340,485
6740,2011-10-13,4,0,10,9,0,4,1,3,0.56,0.5303,1,0.1045,3,106,109
11185,2012-04-16,2,1,4,5,1,1,0,1,0.54,0.5152,0.77,0.2239,4,34,38
872,2011-02-08,1,0,2,18,0,2,1,1,0.2,0.1818,0.32,0.3881,1,151,152
2817,2011-05-02,2,0,5,6,0,1,1,1,0.44,0.4394,0.88,0.1045,3,59,62
10987,2012-04-07,2,1,4,22,0,6,0,1,0.48,0.4697,0.2,0.194,76,106,182
13867,2012-08-05,3,1,8,23,0,0,0,2,0.72,0.697,0.79,0.1642,29,58,87
6324,2011-09-26,4,0,9,1,0,1,1,2,0.62,0.5606,0.88,0.1045,3,14,17
16150,2012-11-10,4,1,11,15,0,6,0,1,0.52,0.5,0.45,0,216,351,567
8388,2011-12-21,1,0,12,3,0,3,1,2,0.36,0.3788,0.71,0,0,2,2
4437,2011-07-08,3,0,7,18,0,5,1,1,0.66,0.6061,0.83,0.0896,35,281,316
1434,2011-03-05,1,0,3,0,0,6,0,2,0.28,0.2879,0.81,0.1045,4,15,19
9538,2012-02-07,1,1,2,8,0,2,1,1,0.3,0.3182,0.49,0,7,522,529
5497,2011-08-21,3,0,8,22,0,0,0,2,0.7,0.6667,0.79,0.194,37,97,134
9648,2012-02-11,1,1,2,22,0,6,0,2,0.14,0.1061,0.39,0.3881,0,46,46
14236,2012-08-21,3,1,8,8,0,2,1,1,0.6,0.5758,0.78,0.1343,27,696,723
3756,2011-06-10,2,0,6,9,0,5,1,1,0.76,0.697,0.55,0,37,176,213
16110,2012-11-08,4,1,11,23,0,4,1,1,0.34,0.303,0.46,0.3582,5,82,87
5349,2011-08-15,3,0,8,18,0,1,1,1,0.7,0.6515,0.65,0.194,70,413,483
12215,2012-05-29,2,1,5,3,0,2,1,1,0.68,0.6364,0.79,0.2836,1,2,3
2289,2011-04-10,2,0,4,5,0,0,0,2,0.36,0.3636,0.93,0.0896,0,4,4
5150,2011-08-07,3,0,8,11,0,0,0,1,0.82,0.8333,0.63,0,113,156,269
11603,2012-05-03,2,1,5,15,0,4,1,1,0.66,0.6212,0.61,0.194,63,220,283
17288,2012-12-28,1,1,12,4,0,5,1,2,0.24,0.2576,0.6,0.1045,0,4,4
4991,2011-07-31,3,0,7,20,0,0,0,1,0.8,0.7576,0.55,0.3284,70,205,275
11081,2012-04-11,2,1,4,21,0,3,1,1,0.34,0.303,0.57,0.3881,11,154,165
3296,2011-05-22,2,0,5,5,0,0,0,1,0.5,0.4848,1,0.1045,1,5,6
3026,2011-05-10,2,0,5,23,0,2,1,2,0.52,0.5,0.59,0.1343,9,72,81
1027,2011-02-15,1,0,2,11,0,2,1,1,0.26,0.2424,0.25,0.2537,11,46,57
13190,2012-07-08,3,1,7,18,0,0,0,1,0.78,0.7424,0.62,0.1045,54,199,253
15880,2012-10-28,4,1,10,20,0,0,0,3,0.42,0.4242,0.94,0.4627,4,51,55
276,2011-01-12,1,0,1,22,0,3,1,1,0.16,0.1212,0.55,0.4478,1,32,33
15021,2012-09-23,4,1,9,1,0,0,0,1,0.54,0.5152,0.52,0.3582,23,119,142
3577,2011-06-02,2,0,6,22,0,4,1,1,0.64,0.6212,0.33,0.2537,14,141,155
7999,2011-12-04,4,0,12,22,0,0,0,1,0.34,0.3485,0.87,0.1045,5,59,64
14419,2012-08-28,3,1,8,23,0,2,1,1,0.68,0.6364,0.57,0,17,92,109
16894,2012-12-11,4,1,12,16,0,2,1,2,0.38,0.3939,0.5,0.2239,24,334,358
7568,2011-11-16,4,0,11,22,0,3,1,3,0.42,0.4242,0.88,0.2239,1,45,46
3679,2011-06-07,2,0,6,4,0,2,1,1,0.58,0.5455,0.83,0.1343,2,3,5
10995,2012-04-08,2,1,4,6,0,0,0,1,0.36,0.3788,0.37,0,7,21,28
1428,2011-03-04,1,0,3,18,0,5,1,2,0.34,0.303,0.53,0.2985,15,172,187
11332,2012-04-22,2,1,4,8,0,0,0,3,0.4,0.4091,0.82,0.2537,8,43,51
12659,2012-06-16,2,1,6,15,0,6,0,1,0.74,0.6515,0.35,0.2537,295,288,583
13963,2012-08-09,3,1,8,23,0,4,1,1,0.66,0.6212,0.74,0,19,137,156
7665,2011-11-20,4,0,11,23,0,0,0,3,0.46,0.4545,0.88,0.0896,3,25,28
7827,2011-11-27,4,0,11,17,0,0,0,1,0.54,0.5152,0.56,0.194,37,167,204
7754,2011-11-24,4,0,11,16,1,4,0,1,0.5,0.4848,0.34,0.2836,48,66,114
3300,2011-05-22,2,0,5,9,0,0,0,1,0.62,0.6061,0.69,0.1045,59,130,189
21,2011-01-01,1,0,1,20,0,6,0,2,0.4,0.4091,0.87,0.2537,11,25,36
3777,2011-06-11,2,0,6,6,0,6,0,1,0.7,0.6515,0.61,0.1343,9,31,40
15406,2012-10-09,4,1,10,2,0,2,1,3,0.36,0.3333,0.87,0.2537,2,5,7
10970,2012-04-07,2,1,4,5,0,6,0,1,0.32,0.3182,0.33,0.1642,0,2,2
8467,2011-12-24,1,0,12,10,0,6,0,1,0.3,0.2576,0.42,0.4925,4,52,56
12703,2012-06-18,2,1,6,11,0,1,1,2,0.54,0.5152,0.88,0.1642,25,96,121
16615,2012-11-30,4,1,11,1,0,5,1,1,0.24,0.2576,0.7,0.0896,2,17,19
13178,2012-07-08,3,1,7,6,0,0,0,1,0.78,0.7727,0.7,0.1343,5,16,21
9851,2012-02-20,1,1,2,10,1,1,0,1,0.22,0.197,0.55,0.4478,30,113,143
7925,2011-12-01,4,0,12,20,0,4,1,1,0.34,0.3485,0.46,0.1045,12,178,190
1852,2011-03-22,2,0,3,21,0,2,1,2,0.42,0.4242,0.54,0.2836,24,63,87
4295,2011-07-02,3,0,7,20,0,6,0,1,0.76,0.6818,0.45,0.2836,136,148,284
14754,2012-09-11,3,1,9,22,0,2,1,1,0.56,0.5303,0.64,0.1045,27,189,216
3990,2011-06-20,2,0,6,3,0,1,1,3,0.64,0.5758,0.89,0,1,0,1
12054,2012-05-22,2,1,5,10,0,2,1,2,0.6,0.5758,0.78,0.0896,52,148,200
8992,2012-01-15,1,1,1,12,0,0,0,1,0.18,0.1667,0.4,0.2985,42,192,234
13329,2012-07-14,3,1,7,13,0,6,0,2,0.76,0.7121,0.62,0.0896,219,372,591
17245,2012-12-26,1,1,12,9,0,3,1,3,0.2,0.1818,0.86,0.3284,1,22,23
1923,2011-03-25,2,0,3,21,0,5,1,2,0.3,0.303,0.39,0.1642,11,64,75
3579,2011-06-03,2,0,6,0,0,5,1,1,0.62,0.6212,0.38,0.2836,15,53,68
17271,2012-12-27,1,1,12,11,0,4,1,2,0.28,0.2424,0.56,0.4478,23,80,103
7795,2011-11-26,4,0,11,9,0,6,0,1,0.34,0.3485,0.76,0.0896,16,67,83
15874,2012-10-28,4,1,10,14,0,0,0,2,0.5,0.4848,0.59,0.4478,98,304,402
11914,2012-05-16,2,1,5,14,0,3,1,1,0.72,0.6515,0.42,0.0896,42,221,263
8679,2012-01-02,1,1,1,10,1,1,0,1,0.26,0.2424,0.35,0.2836,20,89,109
8674,2012-01-02,1,1,1,5,1,1,0,1,0.28,0.2576,0.45,0.3284,1,3,4
14985,2012-09-21,3,1,9,13,0,5,1,1,0.7,0.6515,0.54,0.1642,105,316,421
13279,2012-07-12,3,1,7,11,0,4,1,1,0.76,0.6818,0.45,0.1045,49,166,215
2343,2011-04-12,2,0,4,12,0,2,1,2,0.56,0.5303,0.64,0.4627,9,83,92
17215,2012-12-25,1,1,12,2,1,2,0,2,0.26,0.2576,0.87,0.1642,0,7,7
2997,2011-05-09,2,0,5,18,0,1,1,1,0.62,0.6212,0.38,0.2985,66,458,524
14475,2012-08-31,3,1,8,7,0,5,1,2,0.64,0.5758,0.89,0.0896,21,400,421
11409,2012-04-25,2,1,4,13,0,3,1,1,0.56,0.5303,0.26,0.2239,35,193,228
3827,2011-06-13,2,0,6,8,0,1,1,1,0.58,0.5455,0.49,0.4478,44,432,476
9403,2012-02-01,1,1,2,16,0,3,1,1,0.6,0.6212,0.4,0.2239,22,261,283
9057,2012-01-18,1,1,1,6,0,3,1,1,0.34,0.2879,0.36,0.5224,0,88,88
10195,2012-03-05,1,1,3,20,0,1,1,1,0.26,0.2273,0.37,0.4627,8,171,179
7632,2011-11-19,4,0,11,14,0,6,0,1,0.42,0.4242,0.32,0.2985,121,228,349
16082,2012-11-07,4,1,11,18,0,3,1,2,0.32,0.2879,0.53,0.3582,17,448,465
13474,2012-07-20,3,1,7,14,0,5,1,3,0.7,0.6667,0.84,0.1642,53,176,229
12178,2012-05-27,2,1,5,14,0,0,0,1,0.76,0.7121,0.58,0.2537,317,230,547
8547,2011-12-27,1,0,12,20,0,2,1,1,0.32,0.3333,0.93,0.0896,3,66,69
17034,2012-12-17,4,1,12,12,0,1,1,2,0.4,0.4091,0.87,0,21,211,232
9702,2012-02-14,1,1,2,4,0,2,1,2,0.26,0.2727,0.65,0.1045,0,2,2
15574,2012-10-16,4,1,10,2,0,2,1,1,0.44,0.4394,0.67,0.1343,2,1,3
13081,2012-07-04,3,1,7,5,1,3,0,1,0.66,0.6212,0.69,0,5,14,19
6308,2011-09-25,4,0,9,9,0,0,0,2,0.64,0.5758,0.83,0,55,100,155
35,2011-01-02,1,0,1,11,0,0,0,2,0.36,0.3333,0.71,0.2537,16,54,70
1912,2011-03-25,2,0,3,10,0,5,1,1,0.26,0.2576,0.48,0,15,53,68
15628,2012-10-18,4,1,10,8,0,4,1,1,0.46,0.4545,0.82,0.2537,31,803,834
13314,2012-07-13,3,1,7,22,0,5,1,1,0.74,0.6667,0.45,0,59,204,263
1218,2011-02-23,1,0,2,19,0,3,1,1,0.3,0.3333,0.33,0,6,135,141
15458,2012-10-11,4,1,10,6,0,4,1,1,0.36,0.3485,0.5,0.1642,1,158,159
9168,2012-01-22,1,1,1,21,0,0,0,3,0.16,0.1818,0.86,0.1045,8,36,44
11485,2012-04-28,2,1,4,17,0,6,0,2,0.42,0.4242,0.41,0.1343,98,224,322
8898,2012-01-11,1,1,1,14,0,3,1,3,0.32,0.3333,0.81,0.1045,3,70,73
12630,2012-06-15,2,1,6,10,0,5,1,1,0.64,0.6212,0.57,0.1642,56,160,216
9877,2012-02-21,1,1,2,13,0,2,1,1,0.34,0.303,0.49,0.4179,8,123,131
5459,2011-08-20,3,0,8,8,0,6,0,1,0.66,0.6212,0.69,0,27,106,133
7325,2011-11-06,4,0,11,19,0,0,0,1,0.38,0.3939,0.76,0.194,21,130,151
1955,2011-03-27,2,0,3,6,0,0,0,3,0.16,0.1818,0.86,0.1343,0,2,2
2226,2011-04-07,2,0,4,14,0,4,1,1,0.56,0.5303,0.43,0.0896,46,111,157
1960,2011-03-27,2,0,3,11,0,0,0,2,0.24,0.2424,0.48,0.1642,23,85,108
6099,2011-09-16,3,0,9,16,0,5,1,2,0.52,0.5,0.48,0.1642,67,291,358
10371,2012-03-13,1,1,3,5,0,2,1,2,0.46,0.4545,0.82,0.194,0,24,24
1741,2011-03-18,1,0,3,5,0,5,1,1,0.38,0.3939,0.66,0.1642,2,8,10
1958,2011-03-27,2,0,3,9,0,0,0,1,0.22,0.2273,0.55,0.1343,17,37,54
16889,2012-12-11,4,1,12,11,0,2,1,2,0.36,0.3333,0.53,0.3582,28,145,173
16979,2012-12-15,4,1,12,5,0,6,0,2,0.26,0.303,0.75,0,0,3,3
1603,2011-03-12,1,0,3,6,0,6,0,1,0.22,0.2121,0.75,0.2537,2,2,4
458,2011-01-21,1,0,1,2,0,5,1,3,0.24,0.2424,0.75,0.1642,0,2,2
8411,2011-12-22,1,0,12,2,0,4,1,1,0.48,0.4697,0.82,0.1045,1,10,11
17087,2012-12-19,4,1,12,17,0,3,1,1,0.4,0.4091,0.5,0.3881,26,536,562
7768,2011-11-25,4,0,11,6,0,5,1,1,0.26,0.2727,0.81,0.1045,4,9,13
15207,2012-09-30,4,1,9,19,0,0,0,3,0.5,0.4848,0.72,0.1343,34,223,257
8474,2011-12-24,1,0,12,17,0,6,0,1,0.28,0.2879,0.45,0.1343,15,53,68
5533,2011-08-23,3,0,8,10,0,2,1,1,0.7,0.6364,0.37,0,56,92,148
5029,2011-08-02,3,0,8,10,0,2,1,1,0.82,0.7273,0.36,0.2985,50,90,140
64,2011-01-03,1,0,1,18,0,1,1,1,0.24,0.2576,0.32,0.1045,9,148,157
5457,2011-08-20,3,0,8,6,0,6,0,2,0.6,0.5606,0.83,0.1343,6,18,24
12794,2012-06-22,3,1,6,6,0,5,1,2,0.74,0.697,0.66,0,4,118,122
9410,2012-02-01,1,1,2,23,0,3,1,1,0.46,0.4545,0.63,0.0896,22,75,97
13399,2012-07-17,3,1,7,11,0,2,1,2,0.86,0.803,0.47,0,60,146,206
12627,2012-06-15,2,1,6,7,0,5,1,1,0.56,0.5303,0.83,0.1642,17,413,430
5590,2011-08-25,3,0,8,19,0,4,1,2,0.66,0.6061,0.78,0.3284,31,241,272
15000,2012-09-22,3,1,9,4,0,6,0,1,0.56,0.5303,0.83,0.2836,5,10,15
16088,2012-11-08,4,1,11,0,0,4,1,3,0.28,0.2727,0.61,0.2239,1,14,15
11707,2012-05-07,2,1,5,23,0,1,1,2,0.54,0.5152,0.45,0.194,21,92,113
4398,2011-07-07,3,0,7,3,0,4,1,1,0.64,0.5606,0.94,0.1045,2,2,4
10496,2012-03-18,1,1,3,10,0,0,0,2,0.42,0.4242,0.88,0.1045,139,212,351
10400,2012-03-14,1,1,3,10,0,3,1,1,0.56,0.5303,0.56,0.1045,38,150,188
11043,2012-04-10,2,1,4,6,0,2,1,1,0.34,0.3485,0.71,0.1045,3,100,103
2021,2011-03-30,2,0,3,1,0,3,1,1,0.32,0.3485,0.39,0,1,9,10
15697,2012-10-21,4,1,10,5,0,0,0,1,0.38,0.3939,0.66,0.0896,6,4,10
11331,2012-04-22,2,1,4,7,0,0,0,3,0.42,0.4242,0.77,0.3881,2,22,24
1712,2011-03-16,1,0,3,23,0,3,1,1,0.4,0.4091,0.65,0.194,9,18,27
15225,2012-10-01,4,1,10,13,0,1,1,2,0.6,0.6212,0.43,0.1642,80,225,305
1455,2011-03-05,1,0,3,21,0,6,0,2,0.44,0.4394,0.72,0.3284,12,60,72
9419,2012-02-02,1,1,2,8,0,4,1,3,0.4,0.4091,0.87,0,9,436,445
15286,2012-10-04,4,1,10,2,0,4,1,1,0.64,0.5758,0.89,0,3,10,13
13975,2012-08-10,3,1,8,11,0,5,1,3,0.68,0.6364,0.79,0.1343,73,178,251
15364,2012-10-07,4,1,10,8,0,0,0,3,0.42,0.4242,0.67,0.1343,11,51,62
6951,2011-10-22,4,0,10,5,0,6,0,1,0.38,0.3939,0.66,0,1,7,8
15154,2012-09-28,4,1,9,14,0,5,1,2,0.7,0.6515,0.54,0.2537,105,294,399
1818,2011-03-21,2,0,3,11,0,1,1,2,0.42,0.4242,0.71,0.2985,32,47,79
16041,2012-11-06,4,1,11,1,0,2,1,1,0.24,0.2424,0.6,0.1642,0,8,8
1086,2011-02-17,1,0,2,23,0,4,1,1,0.46,0.4545,0.67,0.2985,4,40,44
62,2011-01-03,1,0,1,16,0,1,1,1,0.26,0.2424,0.3,0.2537,9,67,76
4046,2011-06-22,3,0,6,11,0,3,1,1,0.74,0.697,0.7,0.1642,37,108,145
10219,2012-03-06,1,1,3,20,0,2,1,1,0.32,0.3182,0.49,0.194,3,184,187
16933,2012-12-13,4,1,12,7,0,4,1,1,0.24,0.2273,0.6,0.2239,5,380,385
3099,2011-05-14,2,0,5,0,0,6,0,2,0.5,0.4848,0.88,0.1343,24,78,102
10424,2012-03-15,1,1,3,10,0,4,1,1,0.52,0.5,0.68,0.1045,34,130,164
7114,2011-10-29,4,0,10,0,0,6,0,3,0.28,0.2576,0.87,0.2985,0,19,19
11338,2012-04-22,2,1,4,14,0,0,0,3,0.38,0.3939,0.87,0.3284,3,50,53
5278,2011-08-12,3,0,8,19,0,5,1,1,0.74,0.6667,0.42,0.2239,101,284,385
15933,2012-11-01,4,1,11,13,0,4,1,2,0.4,0.4091,0.58,0.1642,49,199,248
15007,2012-09-22,3,1,9,11,0,6,0,1,0.7,0.6515,0.58,0.2836,189,437,626
14396,2012-08-28,3,1,8,0,0,2,1,1,0.7,0.6667,0.84,0.2537,9,29,38
6267,2011-09-23,4,0,9,16,0,5,1,3,0.62,0.5455,0.94,0,5,51,56
9329,2012-01-29,1,1,1,14,0,0,0,1,0.32,0.303,0.26,0.2537,51,229,280
2727,2011-04-28,2,0,4,12,0,4,1,2,0.62,0.5909,0.78,0.2537,23,84,107
634,2011-01-29,1,0,1,16,0,6,0,1,0.24,0.2424,0.6,0.1642,19,88,107
5051,2011-08-03,3,0,8,8,0,3,1,2,0.74,0.6667,0.51,0.1642,29,408,437
13814,2012-08-03,3,1,8,18,0,5,1,2,0.82,0.803,0.59,0.2537,98,573,671
1924,2011-03-25,2,0,3,22,0,5,1,2,0.28,0.2576,0.38,0.3284,3,40,43
14060,2012-08-14,3,1,8,0,0,2,1,1,0.7,0.6667,0.74,0.2239,12,48,60
16680,2012-12-02,4,1,12,18,0,0,0,2,0.44,0.4394,0.72,0.1045,25,178,203
4011,2011-06-21,3,0,6,0,0,2,1,1,0.62,0.5909,0.78,0.1642,10,23,33
16670,2012-12-02,4,1,12,8,0,0,0,2,0.26,0.2879,0.93,0.0896,12,81,93
15069,2012-09-25,4,1,9,1,0,2,1,1,0.44,0.4394,0.72,0.1343,2,11,13
8658,2012-01-01,1,1,1,12,0,0,0,1,0.4,0.4091,0.62,0.2836,58,143,201
10081,2012-03-01,1,1,3,2,0,4,1,2,0.46,0.4545,0.94,0.2836,0,6,6
9983,2012-02-25,1,1,2,23,0,6,0,1,0.24,0.197,0.41,0.4179,7,84,91
7076,2011-10-27,4,0,10,10,0,4,1,3,0.5,0.4848,0.88,0.194,10,52,62
12292,2012-06-01,2,1,6,8,0,5,1,2,0.64,0.5758,0.89,0.194,19,675,694
5864,2011-09-06,3,0,9,19,0,2,1,2,0.54,0.5152,0.88,0.4179,12,269,281
13526,2012-07-22,3,1,7,18,0,0,0,1,0.74,0.697,0.66,0.1642,173,342,515
3148,2011-05-16,2,0,5,1,0,1,1,1,0.52,0.5,0.94,0.1343,6,8,14
10303,2012-03-10,1,1,3,8,0,6,0,1,0.22,0.2121,0.44,0.2985,15,96,111
10597,2012-03-22,2,1,3,15,0,4,1,1,0.62,0.6061,0.69,0.194,102,202,304
13114,2012-07-05,3,1,7,14,0,4,1,1,0.92,0.8333,0.33,0.3284,87,154,241
14462,2012-08-30,3,1,8,18,0,4,1,1,0.8,0.7121,0.38,0.1343,109,744,853
4672,2011-07-18,3,0,7,13,0,1,1,1,0.82,0.7879,0.56,0.2537,27,125,152
3976,2011-06-19,2,0,6,13,0,0,0,2,0.74,0.6667,0.51,0,149,214,363
2426,2011-04-15,2,0,4,23,1,5,0,2,0.36,0.3485,0.81,0.194,8,56,64
11814,2012-05-12,2,1,5,10,0,6,0,1,0.56,0.5303,0.49,0.0896,132,279,411
5955,2011-09-10,3,0,9,15,0,6,0,1,0.74,0.6818,0.55,0.2239,217,263,480
10843,2012-04-01,2,1,4,21,0,0,0,2,0.5,0.4848,0.59,0.1642,33,101,134
15134,2012-09-27,4,1,9,18,0,4,1,2,0.66,0.6212,0.69,0.2239,77,822,899
4565,2011-07-14,3,0,7,2,0,4,1,1,0.64,0.6212,0.57,0.2985,3,7,10
11205,2012-04-17,2,1,4,1,0,2,1,1,0.64,0.6212,0.57,0.1642,6,5,11
10101,2012-03-01,1,1,3,22,0,4,1,1,0.38,0.3939,0.5,0.2537,3,123,126
6085,2011-09-16,3,0,9,2,0,5,1,1,0.4,0.4091,0.71,0.2836,3,7,10
6670,2011-10-10,4,0,10,11,1,1,0,1,0.62,0.6061,0.69,0.0896,139,183,322
15224,2012-10-01,4,1,10,12,0,1,1,2,0.6,0.6212,0.43,0.1642,61,262,323
10844,2012-04-01,2,1,4,22,0,0,0,3,0.5,0.4848,0.63,0.1045,7,61,68
8999,2012-01-15,1,1,1,19,0,0,0,1,0.16,0.1667,0.37,0.1642,9,101,110
15391,2012-10-08,4,1,10,11,1,1,0,2,0.4,0.4091,0.62,0.0896,72,236,308
3624,2011-06-04,2,0,6,21,0,6,0,2,0.66,0.6212,0.47,0.1045,46,139,185
408,2011-01-18,1,0,1,23,0,2,1,2,0.22,0.2727,0.93,0,1,19,20
11987,2012-05-19,2,1,5,15,0,6,0,1,0.72,0.6515,0.3,0.1045,356,316,672
4460,2011-07-09,3,0,7,17,0,6,0,1,0.84,0.7273,0.32,0,160,241,401
8917,2012-01-12,1,1,1,9,0,4,1,1,0.32,0.3333,0.81,0.1045,10,220,230
6287,2011-09-24,4,0,9,12,0,6,0,2,0.62,0.5758,0.83,0.0896,141,266,407
1624,2011-03-13,1,0,3,4,0,0,0,1,0.34,0.3333,0.66,0.1642,4,9,13
1596,2011-03-11,1,0,3,23,0,5,1,1,0.3,0.2879,0.52,0.2537,3,34,37
8914,2012-01-12,1,1,1,6,0,4,1,3,0.36,0.3485,0.93,0.1343,1,88,89
5450,2011-08-19,3,0,8,23,0,5,1,2,0.6,0.5455,0.88,0.0896,18,88,106
15313,2012-10-05,4,1,10,5,0,5,1,1,0.52,0.5,0.77,0,0,41,41
5376,2011-08-16,3,0,8,21,0,2,1,1,0.72,0.6667,0.54,0,38,177,215
171,2011-01-08,1,0,1,9,0,6,0,3,0.16,0.1818,0.93,0.1045,0,20,20
9732,2012-02-15,1,1,2,10,0,3,1,1,0.34,0.303,0.57,0.2985,12,108,120
2883,2011-05-05,2,0,5,0,0,4,1,1,0.36,0.3485,0.66,0.194,4,23,27
3206,2011-05-18,2,0,5,11,0,3,1,2,0.54,0.5152,0.94,0.0896,6,17,23
6473,2011-10-02,4,0,10,6,0,0,0,1,0.32,0.3182,0.81,0.1642,2,13,15
4878,2011-07-27,3,0,7,3,0,3,1,1,0.72,0.6667,0.58,0.1642,0,4,4
9640,2012-02-11,1,1,2,14,0,6,0,2,0.26,0.2424,0.81,0.2537,38,205,243
6759,2011-10-14,4,0,10,4,0,5,1,1,0.56,0.5303,0.94,0.194,0,8,8
8863,2012-01-10,1,1,1,2,0,2,1,2,0.22,0.2273,0.87,0.1642,2,2,4
16481,2012-11-24,4,1,11,10,0,6,0,2,0.26,0.2273,0.44,0.2985,46,96,142
8281,2011-12-16,4,0,12,16,0,5,1,2,0.32,0.303,0.45,0.2239,12,212,224
7309,2011-11-06,4,0,11,3,0,0,0,1,0.24,0.2879,0.87,0,5,4,9
14825,2012-09-14,3,1,9,21,0,5,1,1,0.64,0.6061,0.73,0.2239,42,270,312
16859,2012-12-10,4,1,12,5,0,1,1,2,0.38,0.3939,0.94,0.1045,0,27,27
1386,2011-03-03,1,0,3,0,0,4,1,1,0.24,0.197,0.3,0.4627,3,10,13
15146,2012-09-28,4,1,9,6,0,5,1,2,0.56,0.5303,0.94,0.0896,2,136,138
6046,2011-09-14,3,0,9,11,0,3,1,1,0.72,0.6818,0.66,0.1642,43,121,164
13604,2012-07-26,3,1,7,0,0,4,1,1,0.66,0.6212,0.65,0.194,27,65,92
684,2011-01-31,1,0,1,19,0,1,1,1,0.3,0.3182,0.61,0.1045,3,108,111
2113,2011-04-02,2,0,4,21,0,6,0,1,0.32,0.303,0.61,0.2537,24,53,77
14164,2012-08-18,3,1,8,8,0,6,0,1,0.64,0.6061,0.69,0.2537,28,161,189
7529,2011-11-15,4,0,11,7,0,2,1,2,0.54,0.5152,0.68,0.1642,21,298,319
12011,2012-05-20,2,1,5,15,0,0,0,2,0.7,0.6364,0.39,0.4179,246,256,502
11587,2012-05-02,2,1,5,23,0,3,1,2,0.5,0.4848,0.77,0.2537,21,77,98
9071,2012-01-18,1,1,1,20,0,3,1,1,0.22,0.2121,0.37,0.2537,1,164,165
8750,2012-01-05,1,1,1,9,0,4,1,2,0.22,0.2727,0.69,0,7,220,227
6683,2011-10-11,4,0,10,0,0,2,1,2,0.54,0.5152,0.88,0,14,16,30
8210,2011-12-13,4,0,12,17,0,2,1,1,0.36,0.3485,0.4,0.194,17,381,398
12546,2012-06-11,2,1,6,22,0,1,1,2,0.72,0.6667,0.58,0.194,22,142,164
7444,2011-11-11,4,0,11,18,1,5,0,1,0.34,0.3182,0.39,0.2537,23,185,208
3972,2011-06-19,2,0,6,9,0,0,0,2,0.68,0.6364,0.74,0.1045,58,111,169
6963,2011-10-22,4,0,10,17,0,6,0,1,0.46,0.4545,0.55,0.1343,143,217,360
801,2011-02-05,1,0,2,19,0,6,0,2,0.28,0.2424,0.93,0.4478,6,78,84
13486,2012-07-21,3,1,7,2,0,6,0,3,0.6,0.5455,0.88,0.2836,5,55,60
748,2011-02-03,1,0,2,13,0,4,1,1,0.2,0.1667,0.4,0.4179,4,47,51
5381,2011-08-17,3,0,8,2,0,3,1,1,0.66,0.6212,0.69,0,0,6,6
5465,2011-08-20,3,0,8,14,0,6,0,1,0.8,0.7424,0.49,0.194,147,228,375
13239,2012-07-10,3,1,7,19,0,2,1,3,0.7,0.6667,0.74,0.2239,55,359,414
9828,2012-02-19,1,1,2,10,0,0,0,2,0.26,0.2424,0.52,0.2537,49,142,191
2207,2011-04-06,2,0,4,19,0,3,1,1,0.5,0.4848,0.31,0.2985,36,196,232
7278,2011-11-04,4,0,11,20,0,5,1,1,0.36,0.3333,0.43,0.2836,15,171,186
7151,2011-10-30,4,0,10,13,0,0,0,1,0.4,0.4091,0.43,0.2239,113,232,345
13171,2012-07-07,3,1,7,23,0,6,0,1,0.84,0.8182,0.56,0.1642,34,114,148
591,2011-01-27,1,0,1,19,0,4,1,1,0.2,0.2273,0.69,0.0896,3,76,79
314,2011-01-14,1,0,1,13,0,5,1,1,0.22,0.197,0.37,0.3881,4,73,77
12819,2012-06-23,3,1,6,7,0,6,0,1,0.64,0.5758,0.83,0.1642,19,59,78
7331,2011-11-07,4,0,11,1,0,1,1,1,0.34,0.3636,0.87,0,2,6,8
16349,2012-11-18,4,1,11,22,0,0,0,2,0.36,0.3333,0.66,0.2537,8,66,74
8206,2011-12-13,4,0,12,13,0,2,1,1,0.4,0.4091,0.37,0.3284,7,120,127
15365,2012-10-07,4,1,10,9,0,0,0,3,0.4,0.4091,0.71,0.1343,16,70,86
1492,2011-03-07,1,0,3,12,0,1,1,1,0.3,0.2727,0.42,0.4179,28,68,96
2474,2011-04-17,2,0,4,23,0,0,0,1,0.44,0.4394,0.67,0.1642,19,37,56
8566,2011-12-28,1,0,12,16,0,3,1,1,0.3,0.2727,0.36,0.4179,23,144,167
15291,2012-10-04,4,1,10,7,0,4,1,2,0.64,0.5758,0.89,0.0896,12,379,391
6330,2011-09-26,4,0,9,7,0,1,1,2,0.62,0.5455,0.94,0,17,315,332
7540,2011-11-15,4,0,11,18,0,2,1,2,0.5,0.4848,0.72,0.2836,27,414,441
13055,2012-07-03,3,1,7,3,0,2,1,1,0.7,0.6515,0.65,0.1343,0,2,2
12639,2012-06-15,2,1,6,19,0,5,1,1,0.7,0.6364,0.42,0.1642,98,369,467
2994,2011-05-09,2,0,5,15,0,1,1,1,0.62,0.6212,0.41,0.2239,51,148,199
10426,2012-03-15,1,1,3,12,0,4,1,2,0.62,0.6212,0.5,0.1343,59,206,265
2523,2011-04-20,2,0,4,0,0,3,1,1,0.44,0.4394,0.88,0.1343,4,29,33
963,2011-02-12,1,0,2,17,0,6,0,1,0.32,0.2879,0.31,0.5224,24,113,137
11953,2012-05-18,2,1,5,5,0,5,1,1,0.46,0.4545,0.77,0.1045,1,33,34
8656,2012-01-01,1,1,1,10,0,0,0,1,0.3,0.3182,0.81,0.1045,18,52,70
13170,2012-07-07,3,1,7,22,0,6,0,1,0.84,0.8333,0.59,0.194,56,164,220
5310,2011-08-14,3,0,8,3,0,0,0,2,0.64,0.5606,0.94,0.2537,5,22,27
14990,2012-09-21,3,1,9,18,0,5,1,1,0.66,0.6212,0.61,0.2537,106,699,805
3690,2011-06-07,2,0,6,15,0,2,1,2,0.82,0.7424,0.41,0.3284,56,127,183
5008,2011-08-01,3,0,8,13,0,1,1,1,0.9,0.803,0.31,0.2985,38,112,150
14477,2012-08-31,3,1,8,9,0,5,1,1,0.74,0.697,0.7,0,61,337,398
9354,2012-01-30,1,1,1,15,0,1,1,1,0.32,0.3182,0.24,0.194,7,131,138
7964,2011-12-03,4,0,12,11,0,6,0,1,0.32,0.3333,0.57,0.0896,48,227,275
13619,2012-07-26,3,1,7,15,0,4,1,1,0.92,0.8939,0.42,0.2985,65,173,238
14976,2012-09-21,3,1,9,4,0,5,1,1,0.5,0.4848,0.77,0,1,9,10
13111,2012-07-05,3,1,7,11,0,4,1,1,0.9,0.8182,0.35,0.2985,107,137,244
7900,2011-11-30,4,0,11,19,0,3,1,2,0.32,0.303,0.57,0.2836,6,273,279
17197,2012-12-24,1,1,12,8,0,1,1,1,0.22,0.2727,0.69,0,4,62,66
1708,2011-03-16,1,0,3,19,0,3,1,2,0.44,0.4394,0.51,0.3284,18,150,168
4106,2011-06-24,3,0,6,23,0,5,1,1,0.68,0.6364,0.51,0.1343,33,139,172
11327,2012-04-22,2,1,4,3,0,0,0,2,0.44,0.4394,0.82,0.1642,7,33,40
14397,2012-08-28,3,1,8,1,0,2,1,1,0.68,0.6364,0.89,0.194,4,17,21
6413,2011-09-29,4,0,9,18,0,4,1,1,0.64,0.6212,0.41,0.2239,84,500,584
6805,2011-10-16,4,0,10,2,0,0,0,1,0.42,0.4242,0.54,0.1343,13,52,65
6845,2011-10-17,4,0,10,18,0,1,1,1,0.56,0.5303,0.6,0,49,469,518
7104,2011-10-28,4,0,10,14,0,5,1,2,0.36,0.3485,0.46,0.194,33,152,185
579,2011-01-26,1,0,1,9,0,3,1,3,0.22,0.2121,0.87,0.2985,3,55,58
2352,2011-04-12,2,0,4,21,0,2,1,2,0.42,0.4242,0.82,0.194,10,74,84
15125,2012-09-27,4,1,9,9,0,4,1,1,0.66,0.6212,0.65,0,30,305,335
11943,2012-05-17,2,1,5,19,0,4,1,1,0.64,0.6212,0.31,0.194,86,451,537
11078,2012-04-11,2,1,4,18,0,3,1,3,0.4,0.4091,0.43,0.4179,39,546,585
16554,2012-11-27,4,1,11,11,0,2,1,3,0.3,0.2727,0.87,0.2985,6,59,65
15910,2012-10-31,4,1,10,14,0,3,1,2,0.42,0.4242,0.5,0.2239,45,179,224
587,2011-01-26,1,0,1,17,0,3,1,3,0.2,0.1818,0.93,0.3582,0,26,26
5333,2011-08-15,3,0,8,2,0,1,1,2,0.6,0.5606,0.83,0,0,3,3
4973,2011-07-31,3,0,7,2,0,0,0,1,0.74,0.697,0.66,0.0896,19,48,67
4982,2011-07-31,3,0,7,11,0,0,0,1,0.86,0.7424,0.28,0.1642,112,163,275
9091,2012-01-19,1,1,1,16,0,4,1,1,0.26,0.2273,0.41,0.3284,8,185,193
3107,2011-05-14,2,0,5,8,0,6,0,3,0.5,0.4848,0.94,0,16,72,88
5854,2011-09-06,3,0,9,9,0,2,1,2,0.54,0.5152,0.81,0.4179,18,167,185
13137,2012-07-06,3,1,7,13,0,5,1,1,0.9,0.7879,0.27,0.1045,99,194,293
9932,2012-02-23,1,1,2,20,0,4,1,1,0.46,0.4545,0.44,0.1343,23,246,269
3326,2011-05-23,2,0,5,11,0,1,1,1,0.68,0.6364,0.69,0.3881,73,107,180
4626,2011-07-16,3,0,7,15,0,6,0,1,0.76,0.6818,0.45,0.3284,205,223,428
6025,2011-09-13,3,0,9,14,0,2,1,1,0.74,0.6667,0.51,0.3284,51,139,190
12101,2012-05-24,2,1,5,9,0,4,1,1,0.62,0.5909,0.73,0.1642,34,267,301
15450,2012-10-10,4,1,10,22,0,3,1,1,0.46,0.4545,0.55,0.2985,27,170,197
12940,2012-06-28,3,1,6,8,0,4,1,1,0.66,0.6212,0.5,0.1343,40,577,617
13531,2012-07-22,3,1,7,23,0,0,0,1,0.68,0.6364,0.79,0.1642,33,90,123
17190,2012-12-24,1,1,12,0,0,1,1,1,0.22,0.2727,0.69,0,0,12,12
15751,2012-10-23,4,1,10,11,0,2,1,1,0.6,0.6212,0.53,0,52,201,253
8651,2012-01-01,1,1,1,5,0,0,0,1,0.28,0.2879,0.81,0.1045,0,5,5
7411,2011-11-10,4,0,11,9,0,4,1,2,0.42,0.4242,0.94,0.1045,23,188,211
9332,2012-01-29,1,1,1,17,0,0,0,1,0.36,0.3333,0.21,0.4179,33,201,234
12623,2012-06-15,2,1,6,3,0,5,1,1,0.56,0.5303,0.83,0.1642,2,3,5
12362,2012-06-04,2,1,6,6,0,1,1,1,0.52,0.5,0.68,0,4,135,139
10841,2012-04-01,2,1,4,19,0,0,0,1,0.52,0.5,0.55,0.2239,110,236,346
9464,2012-02-04,1,1,2,5,0,6,0,1,0.24,0.2576,0.81,0.0896,1,3,4
9474,2012-02-04,1,1,2,15,0,6,0,2,0.32,0.303,0.66,0.2239,61,244,305
8775,2012-01-06,1,1,1,10,0,5,1,1,0.26,0.2576,0.65,0.194,14,102,116
15017,2012-09-22,3,1,9,21,0,6,0,1,0.64,0.6212,0.57,0.2537,59,202,261
559,2011-01-25,1,0,1,11,0,2,1,2,0.24,0.2424,0.6,0.1343,6,55,61
5141,2011-08-07,3,0,8,2,0,0,0,2,0.7,0.6667,0.84,0.2239,18,48,66
7357,2011-11-08,4,0,11,3,0,2,1,1,0.32,0.3485,0.87,0,0,3,3
5169,2011-08-08,3,0,8,6,0,1,1,1,0.7,0.6515,0.65,0.2836,8,87,95
15723,2012-10-22,4,1,10,7,0,1,1,1,0.38,0.3939,0.66,0.0896,15,437,452
12570,2012-06-12,2,1,6,22,0,2,1,1,0.66,0.5909,0.94,0.1045,19,188,207
5113,2011-08-05,3,0,8,22,0,5,1,1,0.7,0.6515,0.65,0.2239,51,137,188
2513,2011-04-19,2,0,4,14,0,2,1,2,0.54,0.5152,0.64,0.194,19,88,107
994,2011-02-14,1,0,2,1,0,1,1,1,0.38,0.3939,0.37,0.3582,1,6,7
1328,2011-02-28,1,0,2,14,0,1,1,3,0.42,0.4242,1,0.2985,1,24,25
5059,2011-08-03,3,0,8,16,0,3,1,3,0.68,0.6364,0.79,0,21,129,150
4503,2011-07-11,3,0,7,12,0,1,1,1,0.84,0.803,0.53,0.2836,40,108,148
13084,2012-07-04,3,1,7,8,1,3,0,1,0.7,0.6515,0.61,0.1045,43,110,153
7850,2011-11-28,4,0,11,17,0,1,1,1,0.58,0.5455,0.56,0.194,24,444,468
6492,2011-10-03,4,0,10,1,0,1,1,1,0.36,0.3636,0.81,0.0896,1,5,6
12435,2012-06-07,2,1,6,7,0,4,1,1,0.5,0.4848,0.82,0.1642,20,506,526
1745,2011-03-18,1,0,3,9,0,5,1,1,0.46,0.4545,0.63,0.2239,18,192,210
11083,2012-04-11,2,1,4,23,0,3,1,1,0.34,0.303,0.57,0.2985,9,52,61
8432,2011-12-22,1,0,12,23,0,4,1,3,0.4,0.4091,0.87,0,1,10,11
8749,2012-01-05,1,1,1,8,0,4,1,2,0.2,0.2576,0.75,0,11,377,388
13595,2012-07-25,3,1,7,15,0,3,1,1,0.78,0.6818,0.31,0.0896,94,223,317
7102,2011-10-28,4,0,10,12,0,5,1,2,0.38,0.3939,0.4,0.1642,46,167,213
14694,2012-09-09,3,1,9,10,0,0,0,1,0.64,0.6212,0.57,0.2985,172,323,495
1823,2011-03-21,2,0,3,16,0,1,1,2,0.54,0.5152,0.64,0.2836,29,112,141
812,2011-02-06,1,0,2,6,0,0,0,1,0.26,0.2576,0.6,0.2239,0,1,1
869,2011-02-08,1,0,2,15,0,2,1,1,0.22,0.197,0.35,0.3881,6,45,51
4581,2011-07-14,3,0,7,18,0,4,1,1,0.72,0.6515,0.42,0.194,94,484,578
10373,2012-03-13,1,1,3,7,0,2,1,2,0.46,0.4545,0.82,0.2836,16,292,308
12493,2012-06-09,2,1,6,17,0,6,0,1,0.84,0.7121,0.24,0,238,257,495
12082,2012-05-23,2,1,5,14,0,3,1,1,0.68,0.6364,0.65,0.1343,67,181,248
14536,2012-09-02,3,1,9,20,0,0,0,2,0.7,0.6667,0.84,0.1642,63,41,104
16934,2012-12-13,4,1,12,8,0,4,1,1,0.24,0.2273,0.6,0.194,24,655,679
11325,2012-04-22,2,1,4,1,0,0,0,2,0.46,0.4545,0.82,0.3284,10,63,73
15987,2012-11-03,4,1,11,19,0,6,0,1,0.36,0.3485,0.5,0.1642,22,217,239
10360,2012-03-12,1,1,3,18,0,1,1,2,0.6,0.6212,0.43,0.194,89,623,712
17264,2012-12-27,1,1,12,4,0,4,1,2,0.24,0.2121,0.87,0.3284,0,3,3
3281,2011-05-21,2,0,5,14,0,6,0,1,0.72,0.6515,0.42,0,187,269,456
5237,2011-08-11,3,0,8,2,0,4,1,1,0.66,0.6212,0.54,0.1343,3,8,11
8736,2012-01-04,1,1,1,19,0,3,1,2,0.2,0.2273,0.4,0.1045,2,182,184
14527,2012-09-02,3,1,9,11,0,0,0,2,0.74,0.697,0.7,0,226,263,489
4881,2011-07-27,3,0,7,6,0,3,1,1,0.7,0.6515,0.54,0.2239,4,119,123
5271,2011-08-12,3,0,8,12,0,5,1,1,0.8,0.697,0.27,0,55,167,222
7465,2011-11-12,4,0,11,15,0,6,0,1,0.52,0.5,0.29,0.2836,165,221,386
4194,2011-06-28,3,0,6,15,0,2,1,1,0.86,0.7879,0.41,0,39,127,166
8123,2011-12-10,4,0,12,2,0,6,0,2,0.28,0.303,0.61,0.0896,12,48,60
7842,2011-11-28,4,0,11,9,0,1,1,2,0.44,0.4394,0.88,0.2239,17,191,208
14611,2012-09-05,3,1,9,23,0,3,1,1,0.7,0.6667,0.84,0.0896,24,126,150
14526,2012-09-02,3,1,9,10,0,0,0,2,0.72,0.697,0.79,0,158,230,388
12038,2012-05-21,2,1,5,18,0,1,1,1,0.64,0.6061,0.73,0.1045,52,478,530
2559,2011-04-21,2,0,4,12,0,4,1,1,0.46,0.4545,0.38,0.1642,49,150,199
1845,2011-03-22,2,0,3,14,0,2,1,1,0.5,0.4848,0.42,0.3284,30,71,101
15348,2012-10-06,4,1,10,16,0,6,0,1,0.6,0.6212,0.43,0.5224,317,342,659
14365,2012-08-26,3,1,8,17,0,0,0,1,0.64,0.5758,0.89,0.2239,61,172,233
16876,2012-12-10,4,1,12,22,0,1,1,2,0.5,0.4848,0.82,0.2239,11,115,126
7531,2011-11-15,4,0,11,9,0,2,1,2,0.56,0.5303,0.64,0.0896,26,174,200
15624,2012-10-18,4,1,10,4,0,4,1,1,0.44,0.4394,0.88,0.2239,0,5,5
5708,2011-08-31,3,0,8,6,0,3,1,1,0.54,0.5152,0.77,0,4,107,111
4045,2011-06-22,3,0,6,10,0,3,1,1,0.74,0.697,0.7,0.2537,31,104,135
8937,2012-01-13,1,1,1,5,0,5,1,2,0.3,0.2424,0.7,0.5522,0,21,21
9453,2012-02-03,1,1,2,18,0,5,1,1,0.38,0.3939,0.4,0.1343,17,368,385
12995,2012-06-30,3,1,6,15,0,6,0,1,0.88,0.7727,0.3,0.2537,117,287,404
3373,2011-05-25,2,0,5,10,0,3,1,1,0.7,0.6515,0.61,0.0896,30,105,135
10921,2012-04-05,2,1,4,4,0,4,1,1,0.38,0.3939,0.43,0.2836,0,1,1
6946,2011-10-22,4,0,10,0,0,6,0,1,0.4,0.4091,0.62,0.194,16,80,96
3635,2011-06-05,2,0,6,8,0,0,0,2,0.6,0.5909,0.73,0.2537,24,74,98
14923,2012-09-18,3,1,9,23,0,2,1,2,0.56,0.5303,0.83,0.2239,11,67,78
1744,2011-03-18,1,0,3,8,0,5,1,1,0.42,0.4242,0.67,0.2537,24,256,280
6211,2011-09-21,3,0,9,8,0,3,1,2,0.54,0.5152,1,0.1045,18,444,462
16238,2012-11-14,4,1,11,7,0,3,1,1,0.24,0.2121,0.65,0.2836,10,405,415
3518,2011-05-31,2,0,5,11,0,2,1,1,0.86,0.803,0.47,0,28,78,106
15882,2012-10-28,4,1,10,22,0,0,0,3,0.44,0.4394,0.88,0.3582,2,35,37
13303,2012-07-13,3,1,7,11,0,5,1,2,0.76,0.6818,0.45,0.1343,68,220,288
13740,2012-07-31,3,1,7,16,0,2,1,1,0.76,0.7121,0.58,0.2239,66,336,402
8328,2011-12-18,4,0,12,15,0,0,0,1,0.32,0.303,0.45,0.2836,23,184,207
11201,2012-04-16,2,1,4,21,1,1,0,1,0.68,0.6364,0.51,0.2537,39,232,271
3397,2011-05-26,2,0,5,10,0,4,1,1,0.7,0.6667,0.74,0.2836,49,94,143
7269,2011-11-04,4,0,11,11,0,5,1,2,0.44,0.4394,0.67,0.4478,34,128,162
521,2011-01-23,1,0,1,19,0,0,0,1,0.12,0.1212,0.3,0.2836,5,45,50
4871,2011-07-26,3,0,7,20,0,2,1,1,0.8,0.7273,0.46,0.2537,47,243,290
132,2011-01-06,1,0,1,17,0,4,1,1,0.22,0.2273,0.51,0.1642,9,163,172
9387,2012-02-01,1,1,2,0,0,3,1,1,0.44,0.4394,0.38,0.2836,0,31,31
14120,2012-08-16,3,1,8,12,0,4,1,1,0.8,0.697,0.33,0.1045,96,247,343
15396,2012-10-08,4,1,10,16,1,1,0,3,0.42,0.4242,0.58,0.194,61,316,377
16968,2012-12-14,4,1,12,18,0,5,1,1,0.36,0.3485,0.46,0.1343,23,432,455
12851,2012-06-24,3,1,6,15,0,0,0,1,0.86,0.7424,0.28,0.2239,197,290,487
5916,2011-09-09,3,0,9,0,0,5,1,3,0.64,0.5606,0.94,0.194,1,15,16
15768,2012-10-24,4,1,10,4,0,3,1,1,0.5,0.4848,0.77,0.0896,1,5,6
1980,2011-03-28,2,0,3,8,0,1,1,1,0.2,0.197,0.34,0.2239,15,239,254
4746,2011-07-21,3,0,7,15,0,4,1,1,0.9,0.9242,0.53,0.2537,40,93,133
7062,2011-10-26,4,0,10,20,0,3,1,1,0.5,0.4848,0.88,0,27,180,207
10631,2012-03-24,2,1,3,1,0,6,0,1,0.56,0.5303,0.73,0.0896,20,108,128
17064,2012-12-18,4,1,12,18,0,2,1,1,0.38,0.3939,0.46,0.3284,13,512,525
12620,2012-06-15,2,1,6,0,0,5,1,1,0.6,0.5909,0.73,0.1642,26,68,94
4823,2011-07-24,3,0,7,20,0,0,0,1,0.84,0.7879,0.49,0.1642,52,143,195
3598,2011-06-03,2,0,6,19,0,5,1,1,0.68,0.6212,0.26,0.2836,53,338,391
2202,2011-04-06,2,0,4,14,0,3,1,1,0.5,0.4848,0.34,0.4179,35,80,115
1580,2011-03-11,1,0,3,7,0,5,1,1,0.26,0.2576,0.7,0.194,10,104,114
6511,2011-10-03,4,0,10,20,0,1,1,3,0.4,0.4091,0.82,0,13,191,204
5136,2011-08-06,3,0,8,21,0,6,0,2,0.7,0.6667,0.84,0.3284,28,86,114
15519,2012-10-13,4,1,10,19,0,6,0,1,0.44,0.4394,0.44,0.1642,73,259,332
16063,2012-11-06,4,1,11,23,0,2,1,1,0.3,0.2879,0.56,0.2239,19,186,205
9694,2012-02-13,1,1,2,20,0,1,1,1,0.3,0.303,0.42,0.1642,4,210,214
8523,2011-12-26,1,0,12,20,1,1,0,1,0.3,0.3182,0.56,0.0896,14,42,56
10732,2012-03-28,2,1,3,6,0,3,1,1,0.36,0.3333,0.46,0.3582,4,111,115
4314,2011-07-03,3,0,7,15,0,0,0,1,0.84,0.803,0.53,0.2985,194,182,376
12526,2012-06-11,2,1,6,2,0,1,1,1,0.66,0.6212,0.74,0.1045,5,12,17
13257,2012-07-11,3,1,7,13,0,3,1,2,0.8,0.7121,0.42,0.1642,65,208,273
5767,2011-09-02,3,0,9,17,0,5,1,2,0.68,0.6364,0.65,0.1642,78,377,455
2770,2011-04-30,2,0,4,7,0,6,0,1,0.4,0.4091,0.54,0.3881,21,27,48
389,2011-01-17,1,0,1,16,1,1,0,2,0.2,0.2121,0.47,0.1642,6,76,82
1954,2011-03-27,2,0,3,4,0,0,0,3,0.18,0.197,0.74,0.1642,1,5,6
7815,2011-11-27,4,0,11,5,0,0,0,1,0.36,0.3485,0.87,0.194,0,5,5
12837,2012-06-24,3,1,6,1,0,0,0,2,0.68,0.6364,0.54,0.0896,39,88,127
316,2011-01-14,1,0,1,15,0,5,1,1,0.24,0.2424,0.38,0.1642,9,59,68
2005,2011-03-29,2,0,3,9,0,2,1,1,0.28,0.2576,0.28,0.3881,16,156,172
7443,2011-11-11,4,0,11,17,1,5,0,1,0.34,0.303,0.39,0.3284,24,286,310
414,2011-01-19,1,0,1,6,0,3,1,2,0.22,0.2576,0.93,0.0896,0,32,32
8779,2012-01-06,1,1,1,14,0,5,1,1,0.46,0.4545,0.36,0.194,26,152,178
15735,2012-10-22,4,1,10,19,0,1,1,1,0.52,0.5,0.52,0.1045,36,478,514
3384,2011-05-25,2,0,5,21,0,3,1,1,0.66,0.6212,0.69,0.1343,33,203,236
13048,2012-07-02,3,1,7,20,0,1,1,1,0.78,0.697,0.43,0.1343,38,357,395
606,2011-01-28,1,0,1,11,0,5,1,3,0.18,0.2121,0.93,0.1045,0,30,30
16,2011-01-01,1,0,1,15,0,6,0,2,0.44,0.4394,0.77,0.2985,40,70,110
8915,2012-01-12,1,1,1,7,0,4,1,2,0.34,0.3182,0.87,0.2836,2,218,220
8100,2011-12-09,4,0,12,3,0,5,1,1,0.22,0.2727,0.8,0,1,5,6
3050,2011-05-11,2,0,5,23,0,3,1,1,0.46,0.4545,0.88,0.2537,12,69,81
3953,2011-06-18,2,0,6,14,0,6,0,2,0.8,0.7273,0.46,0.2836,138,196,334
310,2011-01-14,1,0,1,9,0,5,1,1,0.14,0.1515,0.69,0.1343,0,117,117
1484,2011-03-07,1,0,3,4,0,1,1,1,0.2,0.1515,0.8,0.5224,1,0,1
1254,2011-02-25,1,0,2,9,0,5,1,3,0.34,0.303,0.93,0.3582,3,111,114
6487,2011-10-02,4,0,10,20,0,0,0,2,0.36,0.3333,0.76,0.2537,16,71,87
6374,2011-09-28,4,0,9,3,0,3,1,2,0.6,0.5152,0.94,0.0896,0,3,3
9002,2012-01-15,1,1,1,22,0,0,0,1,0.18,0.2121,0.37,0.0896,2,58,60
4610,2011-07-15,3,0,7,23,0,5,1,1,0.64,0.6212,0.61,0.1642,41,126,167
2518,2011-04-19,2,0,4,19,0,2,1,2,0.5,0.4848,0.72,0.194,28,248,276
5964,2011-09-11,3,0,9,0,0,0,0,1,0.62,0.5606,0.88,0,29,79,108
11250,2012-04-18,2,1,4,22,0,3,1,2,0.42,0.4242,0.77,0.0896,9,153,162
2129,2011-04-03,2,0,4,13,0,0,0,1,0.44,0.4394,0.33,0.2985,219,148,367
703,2011-02-01,1,0,2,15,0,2,1,2,0.24,0.2879,0.75,0,7,45,52
10200,2012-03-06,1,1,3,1,0,2,1,1,0.2,0.197,0.44,0.2537,0,6,6
13029,2012-07-02,3,1,7,1,0,1,1,2,0.76,0.7121,0.58,0.194,3,14,17
3843,2011-06-14,2,0,6,0,0,2,1,1,0.6,0.6212,0.49,0.194,13,18,31
11470,2012-04-28,2,1,4,2,0,6,0,1,0.36,0.3485,0.43,0.1642,8,49,57
14209,2012-08-20,3,1,8,5,0,1,1,2,0.6,0.5606,0.83,0,2,35,37
1112,2011-02-19,1,0,2,1,0,6,0,1,0.46,0.4545,0.14,0.4179,10,21,31
7641,2011-11-19,4,0,11,23,0,6,0,1,0.38,0.3939,0.62,0.2239,20,73,93
1905,2011-03-25,2,0,3,3,0,5,1,1,0.2,0.2273,0.69,0.1045,0,2,2
12654,2012-06-16,2,1,6,10,0,6,0,1,0.64,0.6212,0.47,0.194,139,296,435
638,2011-01-29,1,0,1,20,0,6,0,1,0.18,0.2121,0.74,0.0896,1,42,43
249,2011-01-11,1,0,1,17,0,2,1,2,0.16,0.1515,0.86,0.2239,6,130,136
2407,2011-04-15,2,0,4,4,1,5,0,1,0.38,0.3939,0.82,0.0896,0,3,3
8876,2012-01-10,1,1,1,16,0,2,1,1,0.42,0.4242,0.38,0.3582,15,225,240
697,2011-02-01,1,0,2,9,0,2,1,2,0.16,0.2273,0.93,0,2,114,116
16418,2012-11-21,4,1,11,19,0,3,1,1,0.38,0.3939,0.43,0.194,23,220,243
15479,2012-10-12,4,1,10,3,0,5,1,1,0.36,0.3636,0.76,0.0896,0,6,6
14274,2012-08-22,3,1,8,22,0,3,1,1,0.64,0.6061,0.73,0,55,226,281
7334,2011-11-07,4,0,11,4,0,1,1,1,0.32,0.3485,0.93,0,2,4,6
2229,2011-04-07,2,0,4,17,0,4,1,1,0.52,0.5,0.52,0.2836,63,280,343
16170,2012-11-11,4,1,11,11,0,0,0,1,0.46,0.4545,0.59,0.1343,180,324,504
16361,2012-11-19,4,1,11,10,0,1,1,2,0.36,0.3333,0.66,0.2537,33,106,139
71,2011-01-04,1,0,1,1,0,2,1,1,0.16,0.1818,0.59,0.1045,0,2,2
16871,2012-12-10,4,1,12,17,0,1,1,2,0.48,0.4697,0.82,0.2836,38,578,616
1179,2011-02-21,1,0,2,21,1,1,0,3,0.22,0.197,0.75,0.4478,1,33,34
14784,2012-09-13,3,1,9,4,0,4,1,1,0.52,0.5,0.83,0,0,6,6
9294,2012-01-28,1,1,1,3,0,6,0,1,0.26,0.2879,0.6,0.0896,1,16,17
14558,2012-09-03,3,1,9,18,1,1,0,1,0.74,0.697,0.66,0.1642,145,337,482
1892,2011-03-24,2,0,3,14,0,4,1,2,0.3,0.303,0.7,0.1343,17,66,83
14540,2012-09-03,3,1,9,0,1,1,0,2,0.66,0.5909,0.94,0,42,62,104
11073,2012-04-11,2,1,4,13,0,3,1,2,0.4,0.4091,0.4,0.3582,16,147,163
10192,2012-03-05,1,1,3,17,0,1,1,3,0.3,0.2727,0.45,0.2985,11,376,387
14261,2012-08-22,3,1,8,9,0,3,1,1,0.68,0.6364,0.65,0,41,335,376
16696,2012-12-03,4,1,12,10,0,1,1,1,0.44,0.4394,0.77,0.1343,31,105,136
11354,2012-04-23,2,1,4,6,0,1,1,2,0.3,0.2727,0.81,0.2985,2,43,45
2090,2011-04-01,2,0,4,22,0,5,1,1,0.3,0.303,0.56,0.1642,10,64,74
12190,2012-05-28,2,1,5,2,1,1,0,1,0.6,0.5606,0.83,0.2239,20,28,48
4192,2011-06-28,3,0,6,13,0,2,1,1,0.84,0.7576,0.44,0,33,156,189
17342,2012-12-30,1,1,12,10,0,0,0,1,0.26,0.2121,0.41,0.5821,31,91,122
2958,2011-05-08,2,0,5,3,0,0,0,1,0.46,0.4545,0.72,0.0896,10,21,31
14176,2012-08-18,3,1,8,20,0,6,0,1,0.7,0.6364,0.45,0.1045,99,242,341
11005,2012-04-08,2,1,4,16,0,0,0,1,0.64,0.6061,0.19,0.3284,232,244,476
6226,2011-09-21,3,0,9,23,0,3,1,1,0.6,0.5152,0.94,0.1045,15,80,95
4994,2011-07-31,3,0,7,23,0,0,0,1,0.74,0.697,0.66,0.2239,14,56,70
1084,2011-02-17,1,0,2,21,0,4,1,1,0.52,0.5,0.55,0.3881,5,119,124
10657,2012-03-25,2,1,3,3,0,0,0,3,0.42,0.4242,0.94,0.2985,8,10,18
2854,2011-05-03,2,0,5,19,0,2,1,1,0.68,0.6364,0.57,0.3582,42,323,365
12658,2012-06-16,2,1,6,14,0,6,0,1,0.72,0.6515,0.37,0.2239,264,309,573
5490,2011-08-21,3,0,8,15,0,0,0,1,0.7,0.6667,0.84,0.2836,17,51,68
5866,2011-09-06,3,0,9,21,0,2,1,3,0.54,0.5152,0.88,0.2836,12,109,121
4520,2011-07-12,3,0,7,5,0,2,1,1,0.7,0.6667,0.79,0.0896,4,21,25
945,2011-02-11,1,0,2,23,0,5,1,1,0.18,0.2424,0.69,0,5,48,53
9264,2012-01-26,1,1,1,21,0,4,1,2,0.4,0.4091,0.76,0.1045,8,184,192
13261,2012-07-11,3,1,7,17,0,3,1,1,0.8,0.697,0.31,0.2239,90,740,830
7343,2011-11-07,4,0,11,13,0,1,1,1,0.54,0.5152,0.49,0.0896,32,157,189
17023,2012-12-17,4,1,12,1,0,1,1,2,0.38,0.3939,0.87,0.1045,1,14,15
8117,2011-12-09,4,0,12,20,0,5,1,1,0.3,0.3333,0.81,0,10,140,150
4986,2011-07-31,3,0,7,15,0,0,0,1,0.92,0.7727,0.18,0.2985,109,184,293
3329,2011-05-23,2,0,5,14,0,1,1,2,0.72,0.6818,0.62,0.5224,57,130,187
13063,2012-07-03,3,1,7,11,0,2,1,1,0.86,0.7576,0.34,0.194,66,151,217
9028,2012-01-17,1,1,1,0,0,2,1,2,0.26,0.2273,0.7,0.3284,0,12,12
4392,2011-07-06,3,0,7,21,0,3,1,1,0.7,0.6667,0.79,0.194,66,175,241
368,2011-01-16,1,0,1,19,0,0,0,1,0.18,0.197,0.47,0.1343,14,47,61
10070,2012-02-29,1,1,2,15,0,3,1,2,0.4,0.4091,0.82,0.2836,3,87,90
9774,2012-02-17,1,1,2,4,0,5,1,2,0.28,0.2727,0.93,0.194,0,1,1
15798,2012-10-25,4,1,10,10,0,4,1,2,0.54,0.5152,0.83,0.1343,53,172,225
1153,2011-02-20,1,0,2,19,0,0,0,2,0.34,0.3333,0.36,0.1343,3,39,42
15803,2012-10-25,4,1,10,15,0,4,1,1,0.62,0.6061,0.65,0.1343,63,242,305
8417,2011-12-22,1,0,12,8,0,4,1,2,0.36,0.3788,0.87,0,10,333,343
8150,2011-12-11,4,0,12,5,0,0,0,1,0.18,0.2121,0.59,0.1045,0,6,6
6751,2011-10-13,4,0,10,20,0,4,1,1,0.62,0.5758,0.83,0.2836,15,166,181
13583,2012-07-25,3,1,7,3,0,3,1,1,0.66,0.6212,0.65,0.2239,1,11,12
2013,2011-03-29,2,0,3,17,0,2,1,1,0.4,0.4091,0.2,0.1343,34,265,299
2616,2011-04-23,2,0,4,21,0,6,0,2,0.56,0.5303,0.83,0.2836,32,103,135
7810,2011-11-27,4,0,11,0,0,0,0,1,0.36,0.3788,0.81,0,7,39,46
4937,2011-07-29,3,0,7,14,0,5,1,1,0.96,0.8636,0.3,0.2239,34,114,148
9394,2012-02-01,1,1,2,7,0,3,1,3,0.38,0.3939,0.62,0.0896,7,201,208
16914,2012-12-12,4,1,12,12,0,3,1,2,0.34,0.3636,0.42,0,14,218,232
12248,2012-05-30,2,1,5,12,0,3,1,1,0.7,0.6515,0.54,0,33,220,253
185,2011-01-08,1,0,1,23,0,6,0,1,0.1,0.0606,0.39,0.4478,0,22,22
4960,2011-07-30,3,0,7,13,0,6,0,1,0.88,0.7576,0.29,0,125,183,308
10679,2012-03-26,2,1,3,1,0,1,1,1,0.48,0.4697,0.82,0.2537,18,10,28
9630,2012-02-11,1,1,2,4,0,6,0,3,0.24,0.2273,0.87,0.2239,0,4,4
6150,2011-09-18,3,0,9,19,0,0,0,2,0.54,0.5152,0.68,0.1045,54,191,245
11118,2012-04-13,2,1,4,10,0,5,1,1,0.44,0.4394,0.38,0.194,59,133,192
5231,2011-08-10,3,0,8,20,0,3,1,1,0.76,0.6667,0.31,0.1343,59,253,312
13316,2012-07-14,3,1,7,0,0,6,0,2,0.72,0.6667,0.48,0.0896,35,156,191
8874,2012-01-10,1,1,1,14,0,2,1,1,0.42,0.4242,0.38,0.2985,10,96,106
7817,2011-11-27,4,0,11,7,0,0,0,1,0.38,0.3939,0.87,0.2239,12,11,23
8518,2011-12-26,1,0,12,15,1,1,0,1,0.38,0.3939,0.4,0.2537,26,105,131
10537,2012-03-20,1,1,3,3,0,2,1,2,0.54,0.5152,0.88,0,0,3,3
593,2011-01-27,1,0,1,21,0,4,1,1,0.18,0.2121,0.74,0.0896,2,36,38
11694,2012-05-07,2,1,5,10,0,1,1,2,0.52,0.5,0.77,0.194,62,128,190
6928,2011-10-21,4,0,10,6,0,5,1,1,0.36,0.3485,0.71,0.1642,7,78,85
16916,2012-12-12,4,1,12,14,0,3,1,2,0.34,0.3636,0.46,0,34,191,225
1029,2011-02-15,1,0,2,13,0,2,1,1,0.32,0.303,0.21,0.2239,14,68,82
7525,2011-11-15,4,0,11,3,0,2,1,2,0.54,0.5152,0.68,0.3284,0,4,4
3926,2011-06-17,2,0,6,11,0,5,1,1,0.68,0.6364,0.69,0.2537,43,138,181
13020,2012-07-01,3,1,7,16,0,0,0,1,0.92,0.8333,0.33,0.2985,85,228,313
7143,2011-10-30,4,0,10,5,0,0,0,1,0.24,0.2121,0.75,0.2985,0,4,4
539,2011-01-24,1,0,1,14,0,1,1,2,0.14,0.1364,0.46,0.2239,2,43,45
14564,2012-09-04,3,1,9,0,0,2,1,2,0.7,0.6667,0.84,0.2537,10,19,29
13304,2012-07-13,3,1,7,12,0,5,1,2,0.76,0.6818,0.4,0.1045,125,254,379
10916,2012-04-04,2,1,4,23,0,3,1,1,0.52,0.5,0.23,0.4179,19,112,131
11659,2012-05-05,2,1,5,23,0,6,0,2,0.56,0.5303,0.83,0.2836,35,114,149
5528,2011-08-23,3,0,8,5,0,2,1,1,0.54,0.5152,0.56,0.194,1,35,36
11278,2012-04-20,2,1,4,2,0,5,1,1,0.44,0.4394,0.88,0.194,3,18,21
2311,2011-04-11,2,0,4,4,0,1,1,1,0.46,0.4545,0.94,0.194,0,1,1
5834,2011-09-05,3,0,9,12,1,1,0,2,0.72,0.6818,0.7,0.194,141,212,353
13455,2012-07-19,3,1,7,19,0,4,1,1,0.84,0.7576,0.44,0.2537,53,480,533
13064,2012-07-03,3,1,7,12,0,2,1,1,0.88,0.7576,0.28,0.194,74,198,272
3456,2011-05-28,2,0,5,21,0,6,0,1,0.66,0.6212,0.74,0.2985,87,114,201
11782,2012-05-11,2,1,5,2,0,5,1,1,0.46,0.4545,0.44,0.1642,15,16,31
6516,2011-10-04,4,0,10,1,0,2,1,2,0.4,0.4091,0.87,0.1045,1,8,9
6914,2011-10-20,4,0,10,16,0,4,1,2,0.48,0.4697,0.51,0.4478,31,203,234
9530,2012-02-07,1,1,2,0,0,2,1,1,0.3,0.2879,0.7,0.194,1,22,23
16516,2012-11-25,4,1,11,21,0,0,0,1,0.26,0.303,0.48,0,4,60,64
12877,2012-06-25,3,1,6,17,0,1,1,1,0.8,0.6818,0.24,0.4627,76,757,833
4163,2011-06-27,3,0,6,8,0,1,1,1,0.66,0.6212,0.74,0.194,29,418,447
1766,2011-03-19,1,0,3,6,0,6,0,1,0.44,0.4394,0.44,0.4179,0,10,10
8299,2011-12-17,4,0,12,10,0,6,0,2,0.26,0.2424,0.52,0.2836,10,171,181
14345,2012-08-25,3,1,8,21,0,6,0,1,0.62,0.5758,0.83,0.3582,60,148,208
10606,2012-03-23,2,1,3,0,0,5,1,1,0.56,0.5303,0.83,0,30,65,95
13794,2012-08-02,3,1,8,22,0,4,1,1,0.74,0.697,0.7,0.194,35,227,262
466,2011-01-21,1,0,1,10,0,5,1,1,0.2,0.1667,0.47,0.4627,6,57,63
15466,2012-10-11,4,1,10,14,0,4,1,1,0.52,0.5,0.32,0.0896,78,270,348
1198,2011-02-22,1,0,2,22,0,2,1,1,0.16,0.1515,0.43,0.2537,1,76,77
4210,2011-06-29,3,0,6,7,0,3,1,1,0.7,0.6515,0.54,0.2239,18,318,336
5334,2011-08-15,3,0,8,3,0,1,1,1,0.6,0.5606,0.83,0.194,1,6,7
9265,2012-01-26,1,1,1,22,0,4,1,1,0.38,0.3939,0.82,0.1045,3,139,142
12409,2012-06-06,2,1,6,5,0,3,1,1,0.48,0.4697,0.77,0,1,37,38
13023,2012-07-01,3,1,7,19,0,0,0,1,0.84,0.7424,0.39,0.1343,103,279,382
9443,2012-02-03,1,1,2,8,0,5,1,1,0.24,0.2273,0.65,0.2239,12,429,441
8356,2011-12-19,4,0,12,19,0,1,1,2,0.36,0.3485,0.53,0.1642,17,234,251
2532,2011-04-20,2,0,4,9,0,3,1,1,0.66,0.6212,0.61,0.2836,27,170,197
11124,2012-04-13,2,1,4,16,0,5,1,1,0.56,0.5303,0.26,0.2537,113,350,463
9987,2012-02-26,1,1,2,3,0,0,0,1,0.24,0.2273,0.41,0.194,0,21,21
4004,2011-06-20,2,0,6,17,0,1,1,1,0.7,0.6515,0.54,0,81,484,565
16530,2012-11-26,4,1,11,11,0,1,1,1,0.4,0.4091,0.37,0.2985,18,112,130
5517,2011-08-22,3,0,8,18,0,1,1,1,0.72,0.6515,0.28,0.2985,72,537,609
6631,2011-10-08,4,0,10,20,0,6,0,1,0.52,0.5,0.77,0.1045,78,124,202
2020,2011-03-30,2,0,3,0,0,3,1,2,0.32,0.3485,0.57,0,3,8,11
9934,2012-02-23,1,1,2,22,0,4,1,1,0.44,0.4394,0.54,0.2537,19,118,137
5460,2011-08-20,3,0,8,9,0,6,0,1,0.7,0.6515,0.65,0,51,139,190
4732,2011-07-21,3,0,7,1,0,4,1,2,0.74,0.7273,0.84,0.2239,5,16,21
15988,2012-11-03,4,1,11,20,0,6,0,1,0.34,0.3333,0.53,0.1343,23,158,181
10348,2012-03-12,1,1,3,6,0,1,1,1,0.34,0.3485,0.57,0.1045,2,86,88
4112,2011-06-25,3,0,6,5,0,6,0,1,0.62,0.6061,0.61,0.1343,6,8,14
11972,2012-05-19,2,1,5,0,0,6,0,1,0.52,0.5,0.48,0.1045,30,118,148
1946,2011-03-26,2,0,3,20,0,6,0,2,0.28,0.2727,0.45,0.2537,18,67,85
13427,2012-07-18,3,1,7,15,0,3,1,3,0.92,0.8485,0.35,0.3582,42,152,194
12899,2012-06-26,3,1,6,15,0,2,1,1,0.72,0.6515,0.28,0.4627,88,229,317
2571,2011-04-22,2,0,4,0,0,5,1,1,0.36,0.3485,0.62,0.194,3,30,33
10765,2012-03-29,2,1,3,15,0,4,1,1,0.52,0.5,0.39,0.3582,109,198,307
5164,2011-08-08,3,0,8,1,0,1,1,1,0.68,0.6364,0.83,0.1343,4,8,12
10873,2012-04-03,2,1,4,4,0,2,1,1,0.32,0.3333,0.66,0.0896,0,1,1
16735,2012-12-05,4,1,12,1,0,3,1,1,0.52,0.5,0.55,0.3284,0,11,11
13625,2012-07-26,3,1,7,21,0,4,1,1,0.8,0.7424,0.49,0.6119,35,236,271
5752,2011-09-02,3,0,9,2,0,5,1,3,0.62,0.5909,0.73,0.1045,9,11,20
9451,2012-02-03,1,1,2,16,0,5,1,1,0.4,0.4091,0.37,0.1045,36,275,311
16784,2012-12-07,4,1,12,2,0,5,1,2,0.26,0.2727,0.7,0.1343,0,11,11
3284,2011-05-21,2,0,5,17,0,6,0,2,0.72,0.6515,0.42,0.1642,191,253,444
4904,2011-07-28,3,0,7,5,0,4,1,1,0.7,0.6515,0.65,0.1045,1,26,27
16892,2012-12-11,4,1,12,14,0,2,1,2,0.38,0.3939,0.5,0.2239,19,185,204
5032,2011-08-02,3,0,8,13,0,2,1,1,0.86,0.7424,0.3,0.2239,50,153,203
9639,2012-02-11,1,1,2,13,0,6,0,2,0.26,0.2424,0.81,0.2836,18,217,235
9248,2012-01-26,1,1,1,5,0,4,1,2,0.3,0.3182,0.75,0.1045,0,28,28
5173,2011-08-08,3,0,8,10,0,1,1,1,0.8,0.7424,0.52,0.3881,62,62,124
15682,2012-10-20,4,1,10,14,0,6,0,1,0.56,0.5303,0.4,0,335,376,711
2453,2011-04-17,2,0,4,2,0,0,0,1,0.4,0.4091,0.62,0.194,4,25,29
1238,2011-02-24,1,0,2,16,0,4,1,3,0.38,0.3939,0.62,0.2836,4,67,71
16999,2012-12-16,4,1,12,1,0,0,0,3,0.34,0.3485,0.76,0.1045,14,82,96
2061,2011-03-31,2,0,3,17,0,4,1,2,0.3,0.2879,0.87,0.2537,15,153,168
7034,2011-10-25,4,0,10,16,0,2,1,1,0.56,0.5303,0.37,0.194,52,233,285
3308,2011-05-22,2,0,5,17,0,0,0,1,0.7,0.6515,0.58,0.2537,93,213,306
13562,2012-07-24,3,1,7,6,0,2,1,1,0.66,0.6061,0.83,0.1343,17,173,190
10169,2012-03-04,1,1,3,18,0,0,0,1,0.32,0.2727,0.33,0.6119,20,164,184
134,2011-01-06,1,0,1,19,0,4,1,1,0.22,0.2576,0.55,0.0896,3,109,112
5156,2011-08-07,3,0,8,17,0,0,0,3,0.74,0.7121,0.74,0.6418,63,131,194
12367,2012-06-04,2,1,6,11,0,1,1,1,0.64,0.6212,0.38,0.4925,71,168,239
409,2011-01-19,1,0,1,0,0,3,1,2,0.22,0.2727,0.93,0,0,3,3
14710,2012-09-10,3,1,9,2,0,1,1,1,0.54,0.5152,0.6,0.3582,11,6,17
4603,2011-07-15,3,0,7,16,0,5,1,1,0.72,0.6667,0.51,0.194,96,265,361
14511,2012-09-01,3,1,9,19,0,6,0,3,0.78,0.7424,0.62,0,157,235,392
2059,2011-03-31,2,0,3,15,0,4,1,3,0.3,0.2727,0.87,0.2985,4,61,65
8125,2011-12-10,4,0,12,4,0,6,0,2,0.26,0.2727,0.65,0.1045,0,3,3
17059,2012-12-18,4,1,12,13,0,2,1,1,0.5,0.4848,0.42,0.2836,51,235,286
7935,2011-12-02,4,0,12,6,0,5,1,1,0.22,0.2727,0.8,0,3,84,87
2765,2011-04-30,2,0,4,2,0,6,0,2,0.44,0.4394,0.54,0.2239,12,53,65
6530,2011-10-04,4,0,10,15,0,2,1,1,0.58,0.5455,0.56,0.2836,28,166,194
11220,2012-04-17,2,1,4,16,0,2,1,1,0.68,0.6212,0.22,0.3582,50,320,370
6075,2011-09-15,3,0,9,16,0,4,1,2,0.54,0.5152,0.77,0.4627,29,193,222
2216,2011-04-07,2,0,4,4,0,4,1,1,0.34,0.3333,0.76,0.194,0,1,1
3046,2011-05-11,2,0,5,19,0,3,1,1,0.56,0.5303,0.52,0.1343,60,341,401
16714,2012-12-04,4,1,12,4,0,2,1,2,0.4,0.4091,0.87,0.1343,0,7,7
1483,2011-03-07,1,0,3,3,0,1,1,1,0.2,0.1515,0.8,0.5821,0,1,1
7627,2011-11-19,4,0,11,9,0,6,0,1,0.28,0.2576,0.52,0.2985,12,130,142
13212,2012-07-09,3,1,7,16,0,1,1,1,0.78,0.697,0.4,0.2836,88,325,413
2944,2011-05-07,2,0,5,13,0,6,0,1,0.6,0.6212,0.35,0.2836,196,240,436
15581,2012-10-16,4,1,10,9,0,2,1,1,0.48,0.4697,0.55,0.2537,32,323,355
4979,2011-07-31,3,0,7,8,0,0,0,1,0.76,0.697,0.55,0.2239,54,88,142
14927,2012-09-19,3,1,9,3,0,3,1,2,0.52,0.5,0.63,0.2537,1,4,5
4964,2011-07-30,3,0,7,17,0,6,0,1,0.9,0.7879,0.29,0.1045,93,209,302
15867,2012-10-28,4,1,10,7,0,0,0,2,0.5,0.4848,0.59,0.2985,17,48,65
7110,2011-10-28,4,0,10,20,0,5,1,3,0.34,0.3182,0.61,0.2239,12,131,143
2549,2011-04-21,2,0,4,2,0,4,1,1,0.5,0.4848,0.42,0.3881,3,10,13
10350,2012-03-12,1,1,3,8,0,1,1,1,0.34,0.3333,0.61,0.1343,17,547,564
5946,2011-09-10,3,0,9,6,0,6,0,1,0.58,0.5455,0.94,0.1642,0,6,6
11401,2012-04-25,2,1,4,5,0,3,1,1,0.34,0.3636,0.66,0,0,24,24
8792,2012-01-07,1,1,1,3,0,6,0,1,0.32,0.3333,0.57,0.1045,1,19,20
3470,2011-05-29,2,0,5,11,0,0,0,2,0.66,0.6061,0.83,0.2836,139,180,319
16990,2012-12-15,4,1,12,16,0,6,0,1,0.4,0.4091,0.5,0.1343,85,328,413
9999,2012-02-26,1,1,2,15,0,0,0,1,0.36,0.3485,0.29,0,72,281,353
7026,2011-10-25,4,0,10,8,0,2,1,1,0.44,0.4394,0.72,0,25,383,408
4065,2011-06-23,3,0,6,6,0,4,1,1,0.72,0.697,0.74,0.1642,8,92,100
1859,2011-03-23,2,0,3,5,0,3,1,3,0.32,0.3182,0.87,0.194,0,10,10
17329,2012-12-29,1,1,12,21,0,6,0,2,0.28,0.2424,0.56,0.4925,4,56,60
9979,2012-02-25,1,1,2,19,0,6,0,1,0.26,0.2121,0.33,0.4478,12,137,149
4344,2011-07-04,3,0,7,21,1,1,0,2,0.74,0.6818,0.62,0.1045,195,262,457
11523,2012-04-30,2,1,4,7,0,1,1,1,0.4,0.4091,0.5,0.194,6,343,349
12454,2012-06-08,2,1,6,2,0,5,1,1,0.56,0.5303,0.56,0,2,17,19
3356,2011-05-24,2,0,5,17,0,2,1,1,0.7,0.6515,0.61,0.1045,56,492,548
14764,2012-09-12,3,1,9,8,0,3,1,1,0.56,0.5303,0.64,0.1045,43,727,770
7688,2011-11-21,4,0,11,22,0,1,1,3,0.4,0.4091,0.87,0.1343,6,72,78
14001,2012-08-11,3,1,8,13,0,6,0,1,0.8,0.7424,0.49,0.3582,228,341,569
9566,2012-02-08,1,1,2,12,0,3,1,2,0.28,0.2576,0.65,0.2836,14,124,138
6424,2011-09-30,4,0,9,5,0,5,1,1,0.52,0.5,0.83,0.194,3,23,26
1058,2011-02-16,1,0,2,19,0,3,1,1,0.34,0.3182,0.53,0.2239,18,143,161
16501,2012-11-25,4,1,11,6,0,0,0,2,0.22,0.2424,0.47,0.1045,1,10,11
14460,2012-08-30,3,1,8,16,0,4,1,1,0.8,0.7273,0.43,0.1642,77,405,482
8262,2011-12-15,4,0,12,21,0,4,1,1,0.5,0.4848,0.63,0.2985,10,145,155
15136,2012-09-27,4,1,9,20,0,4,1,2,0.64,0.6061,0.69,0.2239,45,412,457
873,2011-02-08,1,0,2,19,0,2,1,1,0.16,0.1212,0.4,0.4627,1,100,101
8834,2012-01-08,1,1,1,21,0,0,0,1,0.28,0.2727,0.56,0.2239,10,81,91
4016,2011-06-21,3,0,6,5,0,2,1,2,0.6,0.5455,0.88,0.1343,3,22,25
4232,2011-06-30,3,0,6,5,0,4,1,1,0.58,0.5455,0.64,0.2537,1,24,25
9958,2012-02-24,1,1,2,22,0,5,1,1,0.4,0.4091,0.37,0.5821,4,102,106
4981,2011-07-31,3,0,7,10,0,0,0,1,0.84,0.7424,0.36,0.1642,91,163,254
16273,2012-11-15,4,1,11,18,0,4,1,2,0.36,0.3485,0.57,0.194,10,563,573
3493,2011-05-30,2,0,5,10,1,1,0,1,0.8,0.7576,0.55,0.2537,116,153,269
4765,2011-07-22,3,0,7,10,0,5,1,1,0.9,0.9242,0.53,0.0896,32,83,115
8325,2011-12-18,4,0,12,12,0,0,0,1,0.26,0.2576,0.6,0.2239,26,202,228
13866,2012-08-05,3,1,8,22,0,0,0,1,0.72,0.697,0.79,0.0896,57,100,157
13826,2012-08-04,3,1,8,6,0,6,0,1,0.7,0.6667,0.84,0.2239,12,37,49
8654,2012-01-01,1,1,1,8,0,0,0,1,0.26,0.2727,0.87,0.1045,4,10,14
1925,2011-03-25,2,0,3,23,0,5,1,2,0.26,0.2424,0.38,0.2836,8,31,39
14243,2012-08-21,3,1,8,15,0,2,1,1,0.76,0.6667,0.37,0,76,226,302
15299,2012-10-04,4,1,10,15,0,4,1,1,0.72,0.6667,0.54,0.2836,77,248,325
1352,2011-03-01,1,0,3,14,0,2,1,1,0.32,0.3333,0.36,0.1343,18,61,79
11249,2012-04-18,2,1,4,21,0,3,1,2,0.42,0.4242,0.82,0.0896,24,165,189
12392,2012-06-05,2,1,6,12,0,2,1,2,0.54,0.5152,0.56,0.2239,45,202,247
867,2011-02-08,1,0,2,13,0,2,1,2,0.24,0.197,0.32,0.4478,2,48,50
3345,2011-05-24,2,0,5,6,0,2,1,2,0.58,0.5455,0.94,0.194,10,102,112
4302,2011-07-03,3,0,7,3,0,0,0,3,0.68,0.6364,0.65,0.0896,8,25,33
6581,2011-10-06,4,0,10,18,0,4,1,1,0.54,0.5152,0.64,0.0896,59,479,538
3534,2011-06-01,2,0,6,3,0,3,1,1,0.68,0.6364,0.89,0.194,0,6,6
2450,2011-04-16,2,0,4,23,0,6,0,2,0.44,0.4394,0.77,0.2836,5,30,35
11063,2012-04-11,2,1,4,2,0,3,1,1,0.32,0.303,0.45,0.2836,0,2,2
12269,2012-05-31,2,1,5,9,0,4,1,1,0.66,0.6212,0.47,0.2537,47,264,311
261,2011-01-12,1,0,1,7,0,3,1,1,0.14,0.1515,0.69,0.1343,0,54,54
9026,2012-01-16,1,1,1,22,1,1,0,2,0.3,0.2727,0.49,0.3582,4,39,43
16337,2012-11-18,4,1,11,10,0,0,0,1,0.34,0.303,0.66,0.2985,79,250,329
15819,2012-10-26,4,1,10,7,0,5,1,2,0.52,0.5,0.88,0.1045,13,408,421
7224,2011-11-02,4,0,11,14,0,3,1,1,0.5,0.4848,0.45,0.1642,40,132,172
13131,2012-07-06,3,1,7,7,0,5,1,1,0.78,0.697,0.46,0.1343,20,333,353
2210,2011-04-06,2,0,4,22,0,3,1,1,0.46,0.4545,0.41,0.2836,13,71,84
834,2011-02-07,1,0,2,4,0,1,1,1,0.2,0.2576,0.86,0,1,1,2
8673,2012-01-02,1,1,1,4,1,1,0,1,0.28,0.2576,0.45,0.3284,0,4,4
11902,2012-05-16,2,1,5,2,0,3,1,1,0.56,0.5303,0.94,0.194,5,14,19
15698,2012-10-21,4,1,10,6,0,0,0,1,0.4,0.4091,0.62,0,8,18,26
7604,2011-11-18,4,0,11,10,0,5,1,1,0.26,0.2424,0.41,0.2836,10,105,115
4752,2011-07-21,3,0,7,21,0,4,1,1,0.82,0.8939,0.75,0.2239,38,187,225
899,2011-02-09,1,0,2,22,0,3,1,3,0.16,0.1667,0.8,0.1642,4,42,46
7078,2011-10-27,4,0,10,12,0,4,1,3,0.5,0.4848,0.88,0.1343,8,45,53
2418,2011-04-15,2,0,4,15,1,5,0,1,0.54,0.5152,0.52,0.4478,50,112,162
14902,2012-09-18,3,1,9,2,0,2,1,3,0.6,0.5152,0.94,0.194,0,4,4
2922,2011-05-06,2,0,5,15,0,5,1,1,0.6,0.6212,0.38,0.3881,89,171,260
10326,2012-03-11,1,1,3,8,0,0,0,1,0.22,0.2273,0.69,0.1343,4,68,72
9271,2012-01-27,1,1,1,4,0,5,1,2,0.4,0.4091,1,0.2985,1,3,4
8799,2012-01-07,1,1,1,10,0,6,0,1,0.28,0.303,0.75,0.0896,43,160,203
14771,2012-09-12,3,1,9,15,0,3,1,1,0.72,0.6515,0.37,0.1343,75,243,318
16493,2012-11-24,4,1,11,22,0,6,0,1,0.24,0.2273,0.44,0.2537,7,69,76
9435,2012-02-03,1,1,2,0,0,5,1,1,0.32,0.2879,0.53,0.3881,1,37,38
6486,2011-10-02,4,0,10,19,0,0,0,2,0.38,0.3939,0.76,0.1642,34,128,162
10609,2012-03-23,2,1,3,3,0,5,1,1,0.52,0.5,0.88,0.1045,4,6,10
2460,2011-04-17,2,0,4,9,0,0,0,1,0.4,0.4091,0.43,0.2836,31,71,102
8594,2011-12-29,1,0,12,20,0,4,1,1,0.28,0.2879,0.65,0.1045,8,88,96
430,2011-01-19,1,0,1,22,0,3,1,1,0.3,0.303,0.52,0.1642,6,53,59
2967,2011-05-08,2,0,5,12,0,0,0,1,0.6,0.6212,0.46,0.0896,139,243,382
4526,2011-07-12,3,0,7,11,0,2,1,1,0.82,0.7727,0.52,0.1642,39,86,125
15846,2012-10-27,4,1,10,10,0,6,0,1,0.54,0.5152,0.73,0.2836,165,314,479
6628,2011-10-08,4,0,10,17,0,6,0,1,0.62,0.6212,0.5,0.1343,174,219,393
6051,2011-09-14,3,0,9,16,0,3,1,1,0.76,0.697,0.52,0.2836,36,241,277
11316,2012-04-21,2,1,4,16,0,6,0,1,0.7,0.6364,0.42,0.3284,267,372,639
10359,2012-03-12,1,1,3,17,0,1,1,2,0.62,0.6212,0.38,0.4179,87,557,644
5787,2011-09-03,3,0,9,13,0,6,0,1,0.7,0.6515,0.65,0.2239,153,200,353
6726,2011-10-12,4,0,10,19,0,3,1,3,0.54,0.5152,0.94,0.1343,7,102,109
7041,2011-10-25,4,0,10,23,0,2,1,1,0.44,0.4394,0.72,0.1343,15,79,94
13018,2012-07-01,3,1,7,14,0,0,0,1,0.92,0.8333,0.33,0.2537,98,346,444
6725,2011-10-12,4,0,10,18,0,3,1,3,0.54,0.5152,0.94,0.1343,11,161,172
14367,2012-08-26,3,1,8,19,0,0,0,2,0.64,0.5758,0.89,0.1642,80,212,292
8978,2012-01-14,1,1,1,22,0,6,0,1,0.16,0.1364,0.47,0.3582,4,62,66
7314,2011-11-06,4,0,11,8,0,0,0,2,0.28,0.303,0.87,0.0896,19,71,90
10580,2012-03-21,2,1,3,22,0,3,1,1,0.52,0.5,0.83,0.1642,41,156,197
10680,2012-03-26,2,1,3,2,0,1,1,1,0.46,0.4545,0.88,0.2239,14,6,20
8604,2011-12-30,1,0,12,6,0,5,1,1,0.24,0.2576,0.7,0.0896,1,31,32
4396,2011-07-07,3,0,7,1,0,4,1,1,0.66,0.5909,0.89,0.194,2,14,16
2904,2011-05-05,2,0,5,21,0,4,1,1,0.5,0.4848,0.36,0.194,39,141,180
5023,2011-08-02,3,0,8,4,0,2,1,1,0.66,0.6212,0.74,0.1045,0,10,10
13336,2012-07-14,3,1,7,20,0,6,0,1,0.72,0.7121,0.84,0.0896,101,255,356
5359,2011-08-16,3,0,8,4,0,2,1,1,0.64,0.6061,0.69,0.2985,0,5,5
14488,2012-08-31,3,1,8,20,0,5,1,1,0.8,0.7424,0.49,0.1343,102,254,356
12322,2012-06-02,2,1,6,14,0,6,0,1,0.64,0.6212,0.38,0.2985,259,388,647
7703,2011-11-22,4,0,11,13,0,2,1,3,0.42,0.4242,1,0.0896,4,22,26
7945,2011-12-02,4,0,12,16,0,5,1,1,0.42,0.4242,0.41,0.0896,22,254,276
1657,2011-03-14,1,0,3,14,0,1,1,2,0.38,0.3939,0.34,0,27,52,79
2629,2011-04-24,2,0,4,10,0,0,0,1,0.6,0.5758,0.78,0.1642,118,171,289
14380,2012-08-27,3,1,8,8,0,1,1,1,0.66,0.6061,0.83,0.0896,29,670,699
5573,2011-08-25,3,0,8,2,0,4,1,1,0.68,0.6364,0.69,0.3881,3,2,5
4529,2011-07-12,3,0,7,14,0,2,1,1,0.9,0.8485,0.42,0.2985,33,91,124
13561,2012-07-24,3,1,7,5,0,2,1,1,0.66,0.6061,0.83,0.1045,5,45,50
4683,2011-07-19,3,0,7,0,0,2,1,1,0.74,0.697,0.66,0.1045,25,26,51
1687,2011-03-15,1,0,3,21,0,2,1,3,0.32,0.3333,0.81,0.1045,2,53,55
3882,2011-06-15,2,0,6,15,0,3,1,1,0.76,0.6667,0.27,0,33,131,164
12320,2012-06-02,2,1,6,12,0,6,0,1,0.62,0.6212,0.43,0.3582,250,418,668
4216,2011-06-29,3,0,6,13,0,3,1,1,0.8,0.697,0.31,0.3284,45,186,231
12529,2012-06-11,2,1,6,5,0,1,1,1,0.64,0.5909,0.78,0.1343,1,36,37
4786,2011-07-23,3,0,7,7,0,6,0,1,0.8,0.7424,0.52,0.1045,7,38,45
3323,2011-05-23,2,0,5,8,0,1,1,1,0.6,0.5455,0.88,0.194,50,359,409
1724,2011-03-17,1,0,3,11,0,4,1,1,0.44,0.4394,0.54,0.2836,20,66,86
10581,2012-03-21,2,1,3,23,0,3,1,1,0.54,0.5152,0.77,0,37,88,125
12537,2012-06-11,2,1,6,13,0,1,1,2,0.8,0.7121,0.41,0.2985,63,185,248
9572,2012-02-08,1,1,2,18,0,3,1,3,0.24,0.2576,0.87,0.1045,4,163,167
3466,2011-05-29,2,0,5,7,0,0,0,2,0.62,0.5606,0.88,0.2537,13,17,30
10804,2012-03-31,2,1,3,6,0,6,0,2,0.36,0.3485,0.87,0.1642,7,16,23
14535,2012-09-02,3,1,9,19,0,0,0,2,0.7,0.6667,0.84,0.2239,140,152,292
14253,2012-08-22,3,1,8,1,0,3,1,1,0.62,0.5909,0.78,0,1,20,21
11492,2012-04-29,2,1,4,0,0,0,0,3,0.36,0.3485,0.81,0.1343,0,36,36
8094,2011-12-08,4,0,12,21,0,4,1,1,0.28,0.303,0.61,0.0896,4,135,139
5461,2011-08-20,3,0,8,10,0,6,0,1,0.72,0.6818,0.62,0.1045,114,192,306
8500,2011-12-25,1,0,12,20,0,0,0,1,0.32,0.3333,0.49,0.0896,8,18,26
5720,2011-08-31,3,0,8,18,0,3,1,1,0.7,0.6515,0.51,0.2239,70,495,565
377,2011-01-17,1,0,1,4,1,1,0,2,0.18,0.197,0.43,0.1343,1,2,3
3461,2011-05-29,2,0,5,2,0,0,0,1,0.62,0.5606,0.88,0.1045,12,49,61
9809,2012-02-18,1,1,2,15,0,6,0,1,0.42,0.4242,0.41,0.2537,229,270,499
826,2011-02-06,1,0,2,20,0,0,0,1,0.28,0.2879,0.61,0.1045,5,21,26
705,2011-02-01,1,0,2,17,0,2,1,2,0.24,0.2879,0.75,0,4,172,176
4013,2011-06-21,3,0,6,2,0,2,1,3,0.62,0.5758,0.83,0.1642,1,5,6
2656,2011-04-25,2,0,4,13,0,1,1,1,0.7,0.6515,0.65,0.2239,57,146,203
8866,2012-01-10,1,1,1,6,0,2,1,2,0.18,0.1818,0.93,0.194,0,79,79
16401,2012-11-21,4,1,11,2,0,3,1,1,0.28,0.2879,0.87,0.1045,2,6,8
5614,2011-08-26,3,0,8,19,0,5,1,1,0.72,0.697,0.79,0.1045,55,235,290
4554,2011-07-13,3,0,7,15,0,3,1,3,0.64,0.5606,0.94,0.1343,13,33,46
11849,2012-05-13,2,1,5,21,0,0,0,2,0.64,0.6212,0.53,0.194,48,121,169
15579,2012-10-16,4,1,10,7,0,2,1,1,0.42,0.4242,0.67,0.0896,20,505,525
11062,2012-04-11,2,1,4,1,0,3,1,1,0.34,0.3182,0.39,0.2836,3,9,12
209,2011-01-09,1,0,1,23,0,0,0,1,0.12,0.1364,0.5,0.194,0,6,6
2338,2011-04-12,2,0,4,7,0,2,1,2,0.54,0.5152,0.68,0.2239,12,177,189
16260,2012-11-15,4,1,11,5,0,4,1,2,0.3,0.2879,0.61,0.2239,3,34,37
3067,2011-05-12,2,0,5,16,0,4,1,2,0.64,0.6212,0.57,0.2537,50,238,288
14013,2012-08-12,3,1,8,1,0,0,0,1,0.62,0.5909,0.78,0.1343,21,92,113
8687,2012-01-02,1,1,1,18,1,1,0,1,0.26,0.2424,0.33,0.2537,13,113,126
3910,2011-06-16,2,0,6,19,0,4,1,1,0.62,0.5758,0.83,0.2836,58,269,327
10710,2012-03-27,2,1,3,8,0,2,1,1,0.22,0.2121,0.37,0.2985,14,567,581
6244,2011-09-22,3,0,9,17,0,4,1,2,0.66,0.6061,0.78,0.0896,50,513,563
9725,2012-02-15,1,1,2,3,0,3,1,1,0.28,0.3182,0.75,0,0,3,3
1935,2011-03-26,2,0,3,9,0,6,0,1,0.24,0.2424,0.41,0.1343,32,68,100
16185,2012-11-12,4,1,11,2,1,1,0,1,0.4,0.4091,0.76,0.1343,6,14,20
7656,2011-11-20,4,0,11,14,0,0,0,1,0.52,0.5,0.63,0.2537,113,250,363
13347,2012-07-15,3,1,7,7,0,0,0,1,0.7,0.6667,0.79,0.0896,17,30,47
6302,2011-09-25,4,0,9,3,0,0,0,3,0.6,0.5152,0.94,0,20,39,59
13875,2012-08-06,3,1,8,7,0,1,1,3,0.72,0.6818,0.7,0.194,14,393,407
12477,2012-06-09,2,1,6,1,0,6,0,1,0.64,0.6212,0.53,0.0896,34,89,123
462,2011-01-21,1,0,1,6,0,5,1,1,0.22,0.2121,0.55,0.2537,0,27,27
754,2011-02-03,1,0,2,19,0,4,1,1,0.2,0.2576,0.4,0,4,92,96
9076,2012-01-19,1,1,1,1,0,4,1,1,0.14,0.1515,0.5,0.1642,0,5,5
8954,2012-01-13,1,1,1,22,0,5,1,1,0.2,0.1818,0.47,0.3284,7,58,65
8194,2011-12-13,4,0,12,1,0,2,1,1,0.2,0.2576,0.8,0,0,4,4
6426,2011-09-30,4,0,9,7,0,5,1,1,0.52,0.5,0.83,0.2239,14,283,297
6445,2011-10-01,4,0,10,2,0,6,0,1,0.46,0.4545,0.63,0.4179,21,46,67
4130,2011-06-25,3,0,6,23,0,6,0,2,0.66,0.6212,0.5,0.2985,49,130,179
1050,2011-02-16,1,0,2,11,0,3,1,1,0.34,0.303,0.34,0.2985,7,59,66
13641,2012-07-27,3,1,7,13,0,5,1,1,0.84,0.7727,0.47,0.2836,83,231,314
9482,2012-02-04,1,1,2,23,0,6,0,2,0.24,0.2424,0.87,0.1343,4,66,70
16699,2012-12-03,4,1,12,13,0,1,1,1,0.58,0.5455,0.56,0.0896,81,240,321
16957,2012-12-14,4,1,12,7,0,5,1,1,0.2,0.2121,0.72,0.1045,3,305,308
16114,2012-11-09,4,1,11,3,0,5,1,1,0.32,0.2879,0.53,0.4179,3,6,9
8133,2011-12-10,4,0,12,12,0,6,0,1,0.32,0.2879,0.45,0.4179,48,235,283
7593,2011-11-17,4,0,11,23,0,4,1,1,0.26,0.2576,0.52,0.2239,0,58,58
13838,2012-08-04,3,1,8,18,0,6,0,1,0.86,0.7879,0.41,0.3284,169,321,490
909,2011-02-10,1,0,2,9,0,4,1,1,0.12,0.1061,0.42,0.3582,1,121,122
11974,2012-05-19,2,1,5,2,0,6,0,1,0.5,0.4848,0.51,0.1045,13,56,69
13798,2012-08-03,3,1,8,2,0,5,1,1,0.68,0.6364,0.79,0.2239,0,14,14
14936,2012-09-19,3,1,9,12,0,3,1,1,0.6,0.6212,0.43,0.2537,53,260,313
4673,2011-07-18,3,0,7,14,0,1,1,1,0.82,0.7879,0.56,0.3284,32,106,138
1842,2011-03-22,2,0,3,11,0,2,1,1,0.44,0.4394,0.51,0.3284,22,64,86
16219,2012-11-13,4,1,11,12,0,2,1,1,0.34,0.3182,0.61,0.2836,16,180,196
11491,2012-04-28,2,1,4,23,0,6,0,2,0.38,0.3939,0.76,0.0896,5,37,42
4122,2011-06-25,3,0,6,15,0,6,0,1,0.74,0.6667,0.45,0,157,235,392
13579,2012-07-24,3,1,7,23,0,2,1,1,0.74,0.6818,0.58,0.3284,38,154,192
1202,2011-02-23,1,0,2,2,0,3,1,1,0.12,0.1515,0.5,0.1343,0,1,1
112,2011-01-05,1,0,1,20,0,3,1,1,0.22,0.2273,0.47,0.1642,7,82,89
15727,2012-10-22,4,1,10,11,0,1,1,1,0.56,0.5303,0.37,0.1642,63,148,211
1702,2011-03-16,1,0,3,13,0,3,1,2,0.4,0.4091,0.76,0.1343,18,81,99
12827,2012-06-23,3,1,6,15,0,6,0,1,0.84,0.7273,0.3,0.3284,217,266,483
8234,2011-12-14,4,0,12,17,0,3,1,2,0.36,0.3636,0.57,0.1045,19,377,396
10808,2012-03-31,2,1,3,10,0,6,0,2,0.4,0.4091,0.76,0.1343,108,205,313
979,2011-02-13,1,0,2,10,0,0,0,1,0.3,0.2727,0.45,0.3284,19,86,105
6502,2011-10-03,4,0,10,11,0,1,1,2,0.4,0.4091,0.71,0.2239,26,100,126
17144,2012-12-22,1,1,12,2,0,6,0,1,0.26,0.2121,0.44,0.5224,0,23,23
11985,2012-05-19,2,1,5,13,0,6,0,1,0.7,0.6364,0.37,0.1343,332,372,704
8828,2012-01-08,1,1,1,15,0,0,0,1,0.4,0.4091,0.37,0.2836,89,241,330
8058,2011-12-07,4,0,12,9,0,3,1,3,0.44,0.4394,1,0.2537,0,64,64
15362,2012-10-07,4,1,10,6,0,0,0,2,0.44,0.4394,0.54,0.194,4,19,23
10251,2012-03-08,1,1,3,4,0,4,1,1,0.44,0.4394,0.72,0.2836,0,2,2
16477,2012-11-24,4,1,11,6,0,6,0,1,0.24,0.2121,0.44,0.2836,1,9,10
14251,2012-08-21,3,1,8,23,0,2,1,1,0.62,0.5758,0.83,0,23,113,136
1409,2011-03-03,1,0,3,23,0,4,1,2,0.18,0.2121,0.43,0.0896,0,23,23
9762,2012-02-16,1,1,2,16,0,4,1,3,0.34,0.3636,0.81,0,8,110,118
16486,2012-11-24,4,1,11,15,0,6,0,1,0.3,0.2727,0.36,0.4627,59,139,198
9341,2012-01-30,1,1,1,2,0,1,1,1,0.24,0.2121,0.48,0.3582,1,6,7
3387,2011-05-26,2,0,5,0,0,4,1,1,0.64,0.6061,0.73,0.1343,11,34,45
12372,2012-06-04,2,1,6,16,0,1,1,1,0.66,0.6212,0.39,0.4627,73,375,448
9927,2012-02-23,1,1,2,15,0,4,1,1,0.54,0.5152,0.33,0.1343,46,171,217
9045,2012-01-17,1,1,1,18,0,2,1,1,0.46,0.4545,0.63,0.4478,12,451,463
13718,2012-07-30,3,1,7,18,0,1,1,1,0.76,0.7121,0.58,0.4179,77,735,812
11767,2012-05-10,2,1,5,11,0,4,1,1,0.52,0.5,0.48,0.5224,77,179,256
1615,2011-03-12,1,0,3,18,0,6,0,1,0.42,0.4242,0.54,0.1642,54,91,145
16211,2012-11-13,4,1,11,4,0,2,1,2,0.36,0.3333,0.81,0.3881,0,9,9
9229,2012-01-25,1,1,1,10,0,3,1,2,0.26,0.2273,0.7,0.3284,30,111,141
9040,2012-01-17,1,1,1,13,0,2,1,2,0.38,0.3939,0.76,0.3284,8,95,103
8991,2012-01-15,1,1,1,11,0,0,0,1,0.16,0.1515,0.47,0.2239,21,144,165
15504,2012-10-13,4,1,10,4,0,6,0,1,0.3,0.303,0.65,0.1642,2,9,11
12260,2012-05-31,2,1,5,0,0,4,1,1,0.64,0.6061,0.69,0.1343,13,48,61
2367,2011-04-13,2,0,4,12,0,3,1,3,0.42,0.4242,0.82,0.2537,12,83,95
7718,2011-11-23,4,0,11,4,0,3,1,3,0.52,0.5,0.88,0.3582,0,5,5
3997,2011-06-20,2,0,6,10,0,1,1,2,0.6,0.5758,0.78,0.2537,33,58,91
13103,2012-07-05,3,1,7,3,0,4,1,1,0.72,0.6667,0.54,0.194,2,5,7
3680,2011-06-07,2,0,6,5,0,2,1,1,0.58,0.5455,0.88,0.1642,2,30,32
11858,2012-05-14,2,1,5,6,0,1,1,3,0.52,0.5,0.94,0.2985,3,62,65
14369,2012-08-26,3,1,8,21,0,0,0,1,0.64,0.5758,0.83,0.1343,26,140,166
13563,2012-07-24,3,1,7,7,0,2,1,1,0.7,0.6667,0.74,0.1642,24,492,516
13446,2012-07-19,3,1,7,10,0,4,1,1,0.76,0.7121,0.58,0.194,41,157,198
4107,2011-06-25,3,0,6,0,0,6,0,1,0.68,0.6364,0.47,0.1642,19,97,116
11402,2012-04-25,2,1,4,6,0,3,1,1,0.34,0.3636,0.66,0,3,103,106
5119,2011-08-06,3,0,8,4,0,6,0,2,0.66,0.6061,0.83,0.1642,5,5,10
217,2011-01-10,1,0,1,7,0,1,1,1,0.12,0.1212,0.5,0.2239,2,75,77
8671,2012-01-02,1,1,1,1,1,1,0,1,0.36,0.3333,0.43,0.4179,1,11,12
9758,2012-02-16,1,1,2,12,0,4,1,3,0.32,0.3333,0.76,0.0896,1,44,45
6312,2011-09-25,4,0,9,13,0,0,0,2,0.68,0.6364,0.74,0,122,247,369
12423,2012-06-06,2,1,6,19,0,3,1,1,0.56,0.5303,0.73,0.2985,52,486,538
13469,2012-07-20,3,1,7,9,0,5,1,2,0.7,0.6667,0.79,0.1343,45,328,373
17056,2012-12-18,4,1,12,10,0,2,1,1,0.44,0.4394,0.77,0.0896,22,162,184
13805,2012-08-03,3,1,8,9,0,5,1,2,0.74,0.697,0.66,0.1045,69,327,396
3805,2011-06-12,2,0,6,10,0,0,0,1,0.76,0.7121,0.58,0.0896,120,191,311
17216,2012-12-25,1,1,12,4,1,2,0,2,0.24,0.2576,0.87,0.0896,0,1,1
16162,2012-11-11,4,1,11,3,0,0,0,1,0.34,0.3636,0.81,0,9,39,48
17316,2012-12-29,1,1,12,8,0,6,0,2,0.26,0.2424,0.81,0,9,35,44
6849,2011-10-17,4,0,10,22,0,1,1,1,0.5,0.4848,0.77,0,16,88,104
12439,2012-06-07,2,1,6,11,0,4,1,1,0.66,0.6212,0.47,0.2239,67,170,237
14446,2012-08-30,3,1,8,2,0,4,1,1,0.62,0.5909,0.73,0,3,14,17
8011,2011-12-05,4,0,12,10,0,1,1,2,0.36,0.3636,0.87,0.0896,9,78,87
764,2011-02-04,1,0,2,6,0,5,1,2,0.16,0.2273,0.55,0,2,26,28
8494,2011-12-25,1,0,12,14,0,0,0,1,0.34,0.3182,0.61,0.2537,41,45,86
7862,2011-11-29,4,0,11,5,0,2,1,1,0.5,0.4848,0.88,0.2836,1,21,22
12517,2012-06-10,2,1,6,17,0,0,0,1,0.82,0.7424,0.41,0.2836,184,337,521
8248,2011-12-15,4,0,12,7,0,4,1,1,0.32,0.3182,0.7,0.194,6,252,258
12043,2012-05-21,2,1,5,23,0,1,1,1,0.62,0.5909,0.73,0.2836,18,79,97
15859,2012-10-27,4,1,10,23,0,6,0,2,0.52,0.5,0.68,0.3881,31,136,167
11553,2012-05-01,2,1,5,13,0,2,1,2,0.72,0.6667,0.51,0.2239,41,208,249
9456,2012-02-03,1,1,2,21,0,5,1,1,0.34,0.3485,0.49,0.1045,8,126,134
9568,2012-02-08,1,1,2,14,0,3,1,2,0.3,0.303,0.56,0.1642,8,100,108
2914,2011-05-06,2,0,5,7,0,5,1,1,0.4,0.4091,0.82,0,20,202,222
3352,2011-05-24,2,0,5,13,0,2,1,1,0.78,0.697,0.46,0.2537,38,152,190
2391,2011-04-14,2,0,4,12,0,4,1,1,0.54,0.5152,0.42,0.1343,35,110,145
7564,2011-11-16,4,0,11,18,0,3,1,3,0.46,0.4545,0.88,0.3881,13,176,189
10747,2012-03-28,2,1,3,21,0,3,1,1,0.58,0.5455,0.6,0.2537,28,233,261
16723,2012-12-04,4,1,12,13,0,2,1,2,0.54,0.5152,0.64,0.1642,39,233,272
12363,2012-06-04,2,1,6,7,0,1,1,1,0.56,0.5303,0.6,0.2239,13,504,517
1622,2011-03-13,1,0,3,1,0,0,0,1,0.36,0.3485,0.66,0.1343,10,23,33
1203,2011-02-23,1,0,2,3,0,3,1,1,0.12,0.1364,0.5,0.1642,0,2,2
10492,2012-03-18,1,1,3,6,0,0,0,2,0.4,0.4091,0.94,0.1045,2,9,11
10428,2012-03-15,1,1,3,14,0,4,1,2,0.72,0.6515,0.3,0.1045,81,177,258
13384,2012-07-16,3,1,7,20,0,1,1,1,0.8,0.7727,0.59,0.1343,66,388,454
2478,2011-04-18,2,0,4,3,0,1,1,1,0.42,0.4242,0.62,0.1045,6,1,7
15250,2012-10-02,4,1,10,14,0,2,1,3,0.6,0.5455,0.88,0.1343,16,147,163
14705,2012-09-09,3,1,9,21,0,0,0,1,0.6,0.6212,0.46,0.2239,57,149,206
9283,2012-01-27,1,1,1,16,0,5,1,1,0.44,0.4394,0.51,0.5522,26,241,267
8252,2011-12-15,4,0,12,11,0,4,1,2,0.4,0.4091,0.62,0.4179,9,126,135
14206,2012-08-20,3,1,8,2,0,1,1,1,0.6,0.5606,0.83,0.1642,0,5,5
11924,2012-05-17,2,1,5,0,0,4,1,1,0.6,0.5758,0.78,0.1343,30,49,79
5793,2011-09-03,3,0,9,19,0,6,0,1,0.7,0.6667,0.74,0.1343,147,148,295
10160,2012-03-04,1,1,3,9,0,0,0,1,0.3,0.2727,0.49,0.4478,14,104,118
3298,2011-05-22,2,0,5,7,0,0,0,1,0.54,0.5152,0.88,0.1045,13,27,40
1127,2011-02-19,1,0,2,16,0,6,0,1,0.44,0.4394,0.16,0.6418,39,81,120
11306,2012-04-21,2,1,4,6,0,6,0,1,0.5,0.4848,0.82,0.2239,10,21,31
17057,2012-12-18,4,1,12,11,0,2,1,1,0.48,0.4697,0.63,0.2239,58,211,269
10810,2012-03-31,2,1,3,12,0,6,0,1,0.48,0.4697,0.67,0,263,358,621
11651,2012-05-05,2,1,5,15,0,6,0,3,0.66,0.6212,0.74,0.194,241,300,541
8711,2012-01-03,1,1,1,18,0,2,1,1,0.14,0.0909,0.26,0.5224,10,214,224
1670,2011-03-15,1,0,3,4,0,2,1,1,0.24,0.2576,0.75,0.0896,1,1,2
4848,2011-07-25,3,0,7,21,0,1,1,1,0.7,0.6667,0.84,0,41,153,194
9554,2012-02-08,1,1,2,0,0,3,1,1,0.3,0.2879,0.56,0.2239,2,21,23
1296,2011-02-27,1,0,2,3,0,0,0,1,0.26,0.2879,0.87,0.0896,3,8,11
16007,2012-11-04,4,1,11,15,0,0,0,1,0.4,0.4091,0.4,0.2239,149,300,449
3899,2011-06-16,2,0,6,8,0,4,1,2,0.6,0.5909,0.69,0.1343,24,364,388
13777,2012-08-02,3,1,8,5,0,4,1,1,0.66,0.5909,0.89,0.1343,4,37,41
13265,2012-07-11,3,1,7,21,0,3,1,1,0.72,0.6667,0.58,0.2239,69,322,391
7022,2011-10-25,4,0,10,4,0,2,1,1,0.38,0.3939,0.87,0.1343,0,5,5
3313,2011-05-22,2,0,5,22,0,0,0,1,0.6,0.5606,0.83,0.1343,35,86,121
480,2011-01-22,1,0,1,0,0,6,0,1,0.04,0.0303,0.45,0.2537,0,13,13
1597,2011-03-12,1,0,3,0,0,6,0,1,0.26,0.2727,0.6,0.1343,4,30,34
13535,2012-07-23,3,1,7,3,0,1,1,2,0.66,0.5909,0.94,0.0896,0,2,2
12863,2012-06-25,3,1,6,3,0,1,1,1,0.68,0.6364,0.69,0.2537,1,4,5
11289,2012-04-20,2,1,4,13,0,5,1,1,0.62,0.6212,0.43,0.194,105,276,381
16721,2012-12-04,4,1,12,11,0,2,1,1,0.48,0.4697,0.77,0.194,24,183,207
2488,2011-04-18,2,0,4,13,0,1,1,2,0.56,0.5303,0.49,0.1642,41,128,169
14004,2012-08-11,3,1,8,16,0,6,0,1,0.8,0.7273,0.46,0.2985,227,304,531
10925,2012-04-05,2,1,4,8,0,4,1,1,0.36,0.3485,0.46,0.2239,28,610,638
15543,2012-10-14,4,1,10,19,0,0,0,1,0.56,0.5303,0.64,0.2239,68,268,336
5386,2011-08-17,3,0,8,7,0,3,1,1,0.66,0.6212,0.65,0.0896,12,296,308
17228,2012-12-25,1,1,12,16,1,2,0,2,0.36,0.3333,0.5,0.2537,48,38,86
648,2011-01-30,1,0,1,7,0,0,0,1,0.14,0.2121,0.86,0,0,3,3
8092,2011-12-08,4,0,12,19,0,4,1,1,0.26,0.2727,0.56,0.1045,12,220,232
3614,2011-06-04,2,0,6,11,0,6,0,1,0.66,0.6212,0.36,0.1343,120,249,369
16630,2012-11-30,4,1,11,16,0,5,1,1,0.4,0.4091,0.43,0.1343,37,368,405
11641,2012-05-05,2,1,5,5,0,6,0,1,0.56,0.5303,0.88,0.0896,8,14,22
1458,2011-03-06,1,0,3,0,0,0,0,2,0.42,0.4242,0.77,0.3582,11,41,52
5083,2011-08-04,3,0,8,16,0,4,1,1,0.76,0.7121,0.62,0.3284,70,220,290
13242,2012-07-10,3,1,7,22,0,2,1,2,0.64,0.5758,0.83,0.1343,14,125,139
10610,2012-03-23,2,1,3,4,0,5,1,2,0.5,0.4848,0.94,0.1045,0,3,3
17337,2012-12-30,1,1,12,5,0,0,0,2,0.26,0.2273,0.48,0.2985,0,2,2
15559,2012-10-15,4,1,10,11,0,1,1,2,0.6,0.5909,0.73,0.3881,88,175,263
884,2011-02-09,1,0,2,7,0,3,1,1,0.06,0.1061,0.49,0.1045,4,95,99
544,2011-01-24,1,0,1,19,0,1,1,1,0.14,0.1515,0.54,0.1642,5,101,106
7039,2011-10-25,4,0,10,21,0,2,1,1,0.44,0.4394,0.72,0.1343,32,169,201
607,2011-01-28,1,0,1,12,0,5,1,3,0.18,0.2121,0.93,0.1045,1,28,29
16994,2012-12-15,4,1,12,20,0,6,0,2,0.36,0.3485,0.57,0.194,23,178,201
11399,2012-04-25,2,1,4,3,0,3,1,1,0.32,0.3333,0.7,0.0896,0,3,3
8661,2012-01-01,1,1,1,15,0,0,0,1,0.46,0.4545,0.51,0.2985,101,164,265
12740,2012-06-20,2,1,6,0,0,3,1,1,0.7,0.6667,0.79,0.194,5,48,53
8774,2012-01-06,1,1,1,9,0,5,1,1,0.24,0.2424,0.7,0.1642,4,237,241
14096,2012-08-15,3,1,8,12,0,3,1,1,0.74,0.6818,0.55,0.2239,77,230,307
11901,2012-05-16,2,1,5,1,0,3,1,2,0.58,0.5455,0.88,0.1343,7,14,21
11536,2012-04-30,2,1,4,20,0,1,1,2,0.52,0.5,0.59,0.194,28,281,309
742,2011-02-03,1,0,2,7,0,4,1,1,0.14,0.1212,0.5,0.3284,1,86,87
17343,2012-12-30,1,1,12,11,0,0,0,1,0.26,0.2273,0.41,0.4179,33,103,136
1978,2011-03-28,2,0,3,6,0,1,1,1,0.18,0.1667,0.34,0.2836,0,40,40
12618,2012-06-14,2,1,6,22,0,4,1,2,0.64,0.6061,0.65,0.2239,46,196,242
9195,2012-01-24,1,1,1,0,0,2,1,2,0.3,0.2879,1,0.2836,6,19,25
2145,2011-04-04,2,0,4,5,0,1,1,1,0.4,0.4091,0.62,0.2537,0,7,7
9507,2012-02-06,1,1,2,0,0,1,1,1,0.24,0.2424,0.65,0.1343,7,14,21
14742,2012-09-11,3,1,9,10,0,2,1,1,0.62,0.6212,0.38,0,54,142,196
4430,2011-07-08,3,0,7,11,0,5,1,2,0.74,0.7121,0.74,0.2537,61,104,165
12270,2012-05-31,2,1,5,10,0,4,1,1,0.7,0.6364,0.39,0.3881,65,155,220
8478,2011-12-24,1,0,12,21,0,6,0,1,0.26,0.2576,0.56,0.1642,4,15,19
2287,2011-04-10,2,0,4,3,0,0,0,2,0.38,0.3939,0.87,0.1343,5,11,16
715,2011-02-02,1,0,2,3,0,3,1,3,0.22,0.2273,0.93,0.1343,0,1,1
14359,2012-08-26,3,1,8,11,0,0,0,1,0.74,0.697,0.66,0.3582,150,332,482
13904,2012-08-07,3,1,8,12,0,2,1,2,0.8,0.7576,0.55,0.1343,86,197,283
3915,2011-06-17,2,0,6,0,0,5,1,1,0.56,0.5303,0.88,0.0896,3,21,24
6120,2011-09-17,3,0,9,13,0,6,0,2,0.52,0.5,0.68,0.194,124,225,349
3405,2011-05-26,2,0,5,18,0,4,1,1,0.8,0.7273,0.46,0.3284,74,404,478
511,2011-01-23,1,0,1,9,0,0,0,1,0.1,0.0758,0.54,0.3582,3,25,28
6505,2011-10-03,4,0,10,14,0,1,1,3,0.4,0.4091,0.76,0,26,94,120
10116,2012-03-02,1,1,3,13,0,5,1,1,0.42,0.4242,0.44,0.2239,31,191,222
6187,2011-09-20,3,0,9,8,0,2,1,3,0.54,0.5152,0.94,0.2537,13,196,209
16891,2012-12-11,4,1,12,13,0,2,1,2,0.38,0.3939,0.5,0.2239,28,226,254
7682,2011-11-21,4,0,11,16,0,1,1,3,0.44,0.4394,0.94,0.2239,13,95,108
840,2011-02-07,1,0,2,10,0,1,1,1,0.24,0.2576,0.75,0.1045,6,49,55
15689,2012-10-20,4,1,10,21,0,6,0,1,0.46,0.4545,0.47,0.2239,72,224,296
9924,2012-02-23,1,1,2,12,0,4,1,1,0.5,0.4848,0.42,0.2537,25,199,224
9413,2012-02-02,1,1,2,2,0,4,1,2,0.42,0.4242,0.67,0.1343,2,7,9
16906,2012-12-12,4,1,12,4,0,3,1,1,0.26,0.303,0.6,0,0,4,4
12247,2012-05-30,2,1,5,11,0,3,1,2,0.66,0.6212,0.65,0.194,53,155,208
12598,2012-06-14,2,1,6,2,0,4,1,2,0.62,0.6212,0.53,0.2537,1,8,9
1143,2011-02-20,1,0,2,9,0,0,0,1,0.22,0.2121,0.47,0.2836,7,48,55
3464,2011-05-29,2,0,5,5,0,0,0,1,0.6,0.5152,0.94,0.1642,3,3,6
10248,2012-03-08,1,1,3,1,0,4,1,1,0.46,0.4545,0.63,0.3284,4,17,21
3729,2011-06-09,2,0,6,6,0,4,1,2,0.72,0.7121,0.84,0.0896,13,105,118
14836,2012-09-15,3,1,9,8,0,6,0,1,0.56,0.5303,0.49,0.4179,43,169,212
1802,2011-03-20,1,0,3,18,0,0,0,1,0.38,0.3939,0.4,0.3582,58,98,156
4757,2011-07-22,3,0,7,2,0,5,1,1,0.78,0.803,0.79,0.1343,0,14,14
11926,2012-05-17,2,1,5,2,0,4,1,1,0.6,0.5758,0.78,0.1642,8,8,16
5735,2011-09-01,3,0,9,9,0,4,1,1,0.64,0.6061,0.69,0.1045,29,178,207
531,2011-01-24,1,0,1,6,0,1,1,1,0.02,0.0758,0.48,0.0896,0,15,15
1541,2011-03-09,1,0,3,13,0,3,1,2,0.32,0.2879,0.76,0.3582,17,82,99
6152,2011-09-18,3,0,9,21,0,0,0,2,0.54,0.5152,0.68,0.0896,37,110,147
13307,2012-07-13,3,1,7,15,0,5,1,2,0.8,0.7121,0.36,0.1045,92,261,353
1920,2011-03-25,2,0,3,18,0,5,1,1,0.3,0.2879,0.39,0.2537,8,190,198
2754,2011-04-29,2,0,4,15,0,5,1,2,0.56,0.5303,0.4,0.2985,77,175,252
16725,2012-12-04,4,1,12,15,0,2,1,2,0.6,0.6212,0.49,0.2537,56,244,300
11410,2012-04-25,2,1,4,14,0,3,1,1,0.56,0.5303,0.22,0.3582,47,176,223
15714,2012-10-21,4,1,10,22,0,0,0,1,0.42,0.4242,0.54,0,18,95,113
7950,2011-12-02,4,0,12,21,0,5,1,1,0.34,0.3333,0.49,0.194,9,102,111
7622,2011-11-19,4,0,11,4,0,6,0,1,0.26,0.2273,0.48,0.3284,4,4,8
7792,2011-11-26,4,0,11,6,0,6,0,2,0.3,0.3182,0.75,0.0896,2,8,10
7373,2011-11-08,4,0,11,19,0,2,1,1,0.46,0.4545,0.59,0,14,264,278
9873,2012-02-21,1,1,2,9,0,2,1,1,0.2,0.2273,0.75,0.1045,6,211,217
2413,2011-04-15,2,0,4,10,1,5,0,1,0.5,0.4848,0.55,0.194,31,91,122
15921,2012-11-01,4,1,11,1,0,4,1,1,0.3,0.3182,0.75,0.1045,8,22,30
11343,2012-04-22,2,1,4,19,0,0,0,3,0.36,0.3182,0.87,0.5224,1,34,35
4123,2011-06-25,3,0,6,16,0,6,0,1,0.76,0.6818,0.43,0.2985,175,235,410
6062,2011-09-15,3,0,9,3,0,4,1,1,0.62,0.5909,0.73,0.0896,3,5,8
11669,2012-05-06,2,1,5,9,0,0,0,2,0.52,0.5,0.83,0.1642,63,128,191
11725,2012-05-08,2,1,5,17,0,2,1,2,0.64,0.6061,0.69,0.2836,77,640,717
1333,2011-02-28,1,0,2,19,0,1,1,3,0.44,0.4394,0.88,0.6119,1,79,80
15524,2012-10-14,4,1,10,0,0,0,0,1,0.4,0.4091,0.71,0.2537,8,103,111
2877,2011-05-04,2,0,5,18,0,3,1,1,0.42,0.4242,0.67,0.2537,29,367,396
9247,2012-01-26,1,1,1,4,0,4,1,1,0.28,0.3182,0.75,0,0,3,3
8487,2011-12-25,1,0,12,7,0,0,0,1,0.22,0.2424,0.8,0.1045,0,4,4
1078,2011-02-17,1,0,2,15,0,4,1,1,0.6,0.6061,0.28,0.2537,15,91,106
10060,2012-02-29,1,1,2,5,0,3,1,1,0.26,0.2879,0.75,0.0896,0,29,29
8555,2011-12-28,1,0,12,5,0,3,1,1,0.32,0.2879,0.57,0.3582,0,9,9
7040,2011-10-25,4,0,10,22,0,2,1,1,0.46,0.4545,0.67,0.194,22,148,170
14807,2012-09-14,3,1,9,3,0,5,1,1,0.54,0.5152,0.77,0,5,9,14
8483,2011-12-25,1,0,12,2,0,0,0,1,0.22,0.2576,0.75,0.0896,0,2,2
1184,2011-02-22,1,0,2,8,0,2,1,2,0.12,0.1212,0.8,0.2537,7,107,114
13703,2012-07-30,3,1,7,3,0,1,1,1,0.66,0.6061,0.83,0,0,3,3
12525,2012-06-11,2,1,6,1,0,1,1,1,0.66,0.6212,0.74,0.1642,9,15,24
3061,2011-05-12,2,0,5,10,0,4,1,2,0.54,0.5152,0.68,0.2239,28,119,147
3860,2011-06-14,2,0,6,17,0,2,1,3,0.64,0.6212,0.5,0.2836,85,484,569
10314,2012-03-10,1,1,3,19,0,6,0,1,0.34,0.3636,0.25,0,25,159,184
9516,2012-02-06,1,1,2,10,0,1,1,1,0.22,0.2424,0.75,0.1045,20,96,116
7204,2011-11-01,4,0,11,18,0,2,1,1,0.42,0.4242,0.58,0.1045,39,421,460
15092,2012-09-26,4,1,9,0,0,3,1,1,0.58,0.5455,0.64,0.2985,6,34,40
5266,2011-08-12,3,0,8,7,0,5,1,1,0.64,0.6212,0.44,0.1642,17,247,264
16031,2012-11-05,4,1,11,15,0,1,1,1,0.38,0.3939,0.4,0.2836,24,207,231
6096,2011-09-16,3,0,9,13,0,5,1,2,0.54,0.5152,0.42,0,55,168,223
14623,2012-09-06,3,1,9,11,0,4,1,3,0.7,0.6667,0.84,0.1642,10,52,62
3880,2011-06-15,2,0,6,13,0,3,1,1,0.74,0.6515,0.28,0.2836,43,146,189
13443,2012-07-19,3,1,7,7,0,4,1,1,0.74,0.6818,0.58,0.2836,23,450,473
2181,2011-04-05,2,0,4,17,0,2,1,1,0.42,0.4242,0.38,0.4179,27,246,273
12035,2012-05-21,2,1,5,15,0,1,1,2,0.64,0.6061,0.73,0.194,67,158,225
9878,2012-02-21,1,1,2,14,0,2,1,2,0.32,0.2879,0.53,0.3881,16,108,124
9505,2012-02-05,1,1,2,22,0,0,0,1,0.26,0.2727,0.6,0.1045,9,182,191
10042,2012-02-28,1,1,2,10,0,2,1,1,0.3,0.2727,0.42,0.2985,14,118,132
8704,2012-01-03,1,1,1,11,0,2,1,1,0.18,0.1364,0.37,0.5224,12,63,75
8938,2012-01-13,1,1,1,6,0,5,1,2,0.26,0.2576,0.75,0.2239,2,71,73
6175,2011-09-19,3,0,9,20,0,1,1,2,0.56,0.5303,0.68,0.1343,27,204,231
8286,2011-12-16,4,0,12,21,0,5,1,2,0.32,0.3182,0.45,0.1642,7,95,102
8383,2011-12-20,4,0,12,22,0,2,1,2,0.36,0.3788,0.66,0,3,104,107
5569,2011-08-24,3,0,8,22,0,3,1,1,0.7,0.6515,0.65,0.3582,41,140,181
12246,2012-05-30,2,1,5,10,0,3,1,2,0.62,0.6061,0.69,0.2836,39,138,177
10343,2012-03-12,1,1,3,1,0,1,1,1,0.38,0.3939,0.5,0.1343,1,9,10
10881,2012-04-03,2,1,4,12,0,2,1,1,0.52,0.5,0.25,0,101,230,331
3695,2011-06-07,2,0,6,20,0,2,1,1,0.74,0.6818,0.56,0.1343,45,301,346
7435,2011-11-11,4,0,11,9,1,5,0,1,0.32,0.2879,0.45,0.4478,15,186,201
10013,2012-02-27,1,1,2,5,0,1,1,1,0.22,0.2273,0.8,0.1343,0,16,16
16440,2012-11-22,4,1,11,17,1,4,0,1,0.44,0.4394,0.35,0,66,43,109
16014,2012-11-04,4,1,11,22,0,0,0,1,0.3,0.2879,0.52,0.2836,15,64,79
10898,2012-04-04,2,1,4,5,0,3,1,1,0.42,0.4242,0.67,0.0896,0,27,27
13232,2012-07-10,3,1,7,12,0,2,1,1,0.8,0.7121,0.41,0.1343,69,203,272
10374,2012-03-13,1,1,3,8,0,2,1,1,0.46,0.4545,0.82,0.2836,22,571,593
15601,2012-10-17,4,1,10,5,0,3,1,2,0.36,0.3788,0.81,0,2,39,41
186,2011-01-09,1,0,1,0,0,0,0,1,0.1,0.0758,0.42,0.3881,1,24,25
864,2011-02-08,1,0,2,10,0,2,1,1,0.22,0.1818,0.47,0.5522,4,44,48
7786,2011-11-26,4,0,11,0,0,6,0,1,0.34,0.3485,0.76,0.1045,9,38,47
16585,2012-11-28,4,1,11,18,0,3,1,1,0.32,0.303,0.33,0.2836,12,530,542
4063,2011-06-23,3,0,6,4,0,4,1,2,0.7,0.6667,0.79,0.1343,0,7,7
5260,2011-08-12,3,0,8,1,0,5,1,1,0.64,0.6212,0.53,0.1343,4,19,23
16308,2012-11-17,4,1,11,5,0,6,0,1,0.24,0.2424,0.7,0.1642,1,10,11
11009,2012-04-08,2,1,4,20,0,0,0,1,0.56,0.5303,0.28,0.4179,65,146,211
8374,2011-12-20,4,0,12,13,0,2,1,2,0.44,0.4394,0.54,0.1343,18,163,181
1416,2011-03-04,1,0,3,6,0,5,1,2,0.16,0.197,0.74,0.0896,1,28,29
16572,2012-11-28,4,1,11,5,0,3,1,2,0.26,0.2727,0.7,0.1343,0,39,39
17098,2012-12-20,4,1,12,4,0,4,1,2,0.3,0.3182,0.7,0.0896,0,6,6
6809,2011-10-16,4,0,10,6,0,0,0,1,0.38,0.3939,0.66,0.1642,3,7,10
2164,2011-04-05,2,0,4,0,0,2,1,1,0.62,0.6212,0.5,0.1045,10,12,22
5124,2011-08-06,3,0,8,9,0,6,0,1,0.74,0.697,0.7,0.2239,60,155,215
5827,2011-09-05,3,0,9,5,1,1,0,2,0.66,0.6212,0.74,0.1642,2,4,6
10510,2012-03-19,1,1,3,0,0,1,1,1,0.48,0.4697,0.82,0.1045,4,19,23
11613,2012-05-04,2,1,5,1,0,5,1,1,0.6,0.5758,0.78,0.1045,15,33,48
6368,2011-09-27,4,0,9,21,0,2,1,1,0.6,0.5606,0.83,0,17,179,196
11046,2012-04-10,2,1,4,9,0,2,1,1,0.42,0.4242,0.67,0.194,16,303,319
10090,2012-03-01,1,1,3,11,0,4,1,1,0.56,0.5303,0.43,0.194,19,149,168
15963,2012-11-02,4,1,11,19,0,5,1,2,0.38,0.3939,0.43,0.2985,38,336,374
13913,2012-08-07,3,1,8,21,0,2,1,2,0.72,0.697,0.74,0,70,247,317
1595,2011-03-11,1,0,3,22,0,5,1,1,0.3,0.303,0.52,0.1642,11,53,64
5067,2011-08-04,3,0,8,0,0,4,1,2,0.68,0.6364,0.89,0.0896,2,15,17
10727,2012-03-28,2,1,3,1,0,3,1,1,0.36,0.3333,0.46,0.2985,0,8,8
9139,2012-01-21,1,1,1,16,0,6,0,2,0.2,0.1818,0.8,0.2985,5,113,118
6685,2011-10-11,4,0,10,2,0,2,1,2,0.52,0.5,0.94,0.1343,1,4,5
4773,2011-07-22,3,0,7,18,0,5,1,1,0.9,0.8182,0.37,0.1642,34,250,284
14946,2012-09-19,3,1,9,22,0,3,1,1,0.5,0.4848,0.63,0.0896,31,198,229
922,2011-02-10,1,0,2,22,0,4,1,1,0.12,0.197,0.39,0,4,47,51
13275,2012-07-12,3,1,7,7,0,4,1,1,0.64,0.6061,0.73,0.1343,32,480,512
5554,2011-08-24,3,0,8,7,0,3,1,1,0.6,0.6061,0.64,0.0896,11,297,308
2206,2011-04-06,2,0,4,18,0,3,1,1,0.52,0.5,0.29,0.3582,43,282,325
13464,2012-07-20,3,1,7,4,0,5,1,2,0.66,0.5909,0.89,0.1642,3,6,9
8772,2012-01-06,1,1,1,7,0,5,1,2,0.24,0.2879,0.65,0,4,201,205
10109,2012-03-02,1,1,3,6,0,5,1,1,0.3,0.3333,0.7,0,4,88,92
16385,2012-11-20,4,1,11,10,0,2,1,2,0.4,0.4091,0.66,0.0896,32,144,176
2457,2011-04-17,2,0,4,6,0,0,0,1,0.36,0.3182,0.66,0.4478,3,5,8
15564,2012-10-15,4,1,10,16,0,1,1,1,0.56,0.5303,0.64,0.2985,76,371,447
14463,2012-08-30,3,1,8,19,0,4,1,1,0.76,0.6818,0.48,0.1343,78,532,610
7635,2011-11-19,4,0,11,17,0,6,0,1,0.4,0.4091,0.4,0.194,61,171,232
5442,2011-08-19,3,0,8,15,0,5,1,1,0.8,0.7424,0.49,0.1045,66,156,222
2332,2011-04-12,2,0,4,1,0,2,1,2,0.62,0.6212,0.5,0.0896,6,7,13
16830,2012-12-09,4,1,12,0,0,0,0,2,0.4,0.4091,0.87,0.1343,15,103,118
8817,2012-01-08,1,1,1,4,0,0,0,1,0.32,0.303,0.49,0.2537,2,4,6
2899,2011-05-05,2,0,5,16,0,4,1,1,0.58,0.5455,0.24,0.4179,36,233,269
13611,2012-07-26,3,1,7,7,0,4,1,1,0.7,0.6667,0.74,0.2537,17,478,495
15419,2012-10-09,4,1,10,15,0,2,1,2,0.52,0.5,0.63,0.1642,59,195,254
8826,2012-01-08,1,1,1,13,0,0,0,1,0.4,0.4091,0.37,0.2985,77,266,343
8242,2011-12-15,4,0,12,1,0,4,1,2,0.32,0.3182,0.7,0.1642,5,15,20
14144,2012-08-17,3,1,8,12,0,5,1,1,0.82,0.2424,0.41,0.2239,110,255,365
14135,2012-08-17,3,1,8,3,0,5,1,1,0.64,0.2424,0.65,0.1045,0,6,6
1666,2011-03-14,1,0,3,23,0,1,1,1,0.32,0.3485,0.53,0,2,17,19
6235,2011-09-22,3,0,9,8,0,4,1,2,0.6,0.5,1,0.1642,26,389,415
3838,2011-06-13,2,0,6,19,0,1,1,1,0.66,0.6212,0.39,0.2836,75,348,423
2583,2011-04-22,2,0,4,12,0,5,1,3,0.34,0.3333,0.76,0.1343,19,61,80
14000,2012-08-11,3,1,8,12,0,6,0,1,0.76,0.7121,0.58,0.2239,214,332,546
13905,2012-08-07,3,1,8,13,0,2,1,2,0.8,0.7424,0.52,0.194,68,185,253
725,2011-02-02,1,0,2,13,0,3,1,1,0.34,0.3333,0.93,0.1642,1,74,75
13078,2012-07-04,3,1,7,2,1,3,0,1,0.66,0.6061,0.83,0.1343,27,66,93
5515,2011-08-22,3,0,8,16,0,1,1,1,0.74,0.6515,0.3,0.3881,66,254,320
14391,2012-08-27,3,1,8,19,0,1,1,1,0.74,0.697,0.7,0.2239,74,499,573
4686,2011-07-19,3,0,7,3,0,2,1,1,0.72,0.6818,0.7,0.1642,2,1,3
3143,2011-05-15,2,0,5,20,0,0,0,1,0.54,0.5152,0.88,0,53,138,191
6815,2011-10-16,4,0,10,12,0,0,0,1,0.58,0.5455,0.35,0.2537,167,277,444
8680,2012-01-02,1,1,1,11,1,1,0,1,0.26,0.2121,0.35,0.4925,33,142,175
15885,2012-10-30,4,1,10,13,0,2,1,3,0.3,0.2727,0.81,0.3582,11,105,116
16271,2012-11-15,4,1,11,16,0,4,1,2,0.36,0.3485,0.57,0.194,24,318,342
3528,2011-05-31,2,0,5,21,0,2,1,1,0.76,0.7273,0.66,0.1045,45,165,210
1792,2011-03-20,1,0,3,8,0,0,0,1,0.28,0.2727,0.56,0.1642,7,30,37
7388,2011-11-09,4,0,11,10,0,3,1,1,0.4,0.4091,0.76,0.1045,16,89,105
4296,2011-07-02,3,0,7,21,0,6,0,1,0.74,0.6667,0.48,0.194,95,137,232
12573,2012-06-13,2,1,6,1,0,3,1,1,0.64,0.5909,0.78,0,7,21,28
7200,2011-11-01,4,0,11,14,0,2,1,1,0.5,0.4848,0.48,0.2537,32,118,150
7108,2011-10-28,4,0,10,18,0,5,1,2,0.36,0.3485,0.53,0.1642,36,332,368
12885,2012-06-26,3,1,6,1,0,2,1,1,0.6,0.6212,0.35,0.3881,11,19,30
11134,2012-04-14,2,1,4,2,0,6,0,1,0.38,0.3939,0.66,0.1343,3,53,56
8911,2012-01-12,1,1,1,3,0,4,1,3,0.36,0.3485,0.93,0.2537,0,3,3
2169,2011-04-05,2,0,4,5,0,2,1,3,0.46,0.4545,0.94,0.2985,0,5,5
7922,2011-12-01,4,0,12,17,0,4,1,1,0.36,0.3485,0.46,0.1343,9,409,418
3276,2011-05-21,2,0,5,9,0,6,0,1,0.6,0.6061,0.64,0.2239,60,165,225
2334,2011-04-12,2,0,4,3,0,2,1,2,0.58,0.5455,0.56,0.1343,0,1,1
1761,2011-03-19,1,0,3,1,0,6,0,2,0.58,0.5455,0.46,0.3582,16,35,51
6626,2011-10-08,4,0,10,15,0,6,0,1,0.66,0.6212,0.39,0,262,234,496
2946,2011-05-07,2,0,5,15,0,6,0,1,0.6,0.6212,0.38,0.2537,148,230,378
14926,2012-09-19,3,1,9,2,0,3,1,2,0.54,0.5152,0.64,0.3284,0,3,3
12781,2012-06-21,3,1,6,17,0,4,1,1,0.88,0.7879,0.37,0,80,535,615
13195,2012-07-08,3,1,7,23,0,0,0,3,0.68,0.6364,0.83,0.0896,25,98,123
15872,2012-10-28,4,1,10,12,0,0,0,2,0.48,0.4697,0.59,0.4925,118,373,491
6159,2011-09-19,3,0,9,4,0,1,1,2,0.5,0.4848,0.77,0.1642,2,6,8
13478,2012-07-20,3,1,7,18,0,5,1,2,0.66,0.6061,0.78,0.3284,73,549,622
15840,2012-10-27,4,1,10,4,0,6,0,2,0.5,0.4848,0.88,0.1642,1,12,13
8167,2011-12-11,4,0,12,22,0,0,0,1,0.22,0.2727,0.55,0,7,36,43
16538,2012-11-26,4,1,11,19,0,1,1,1,0.34,0.3636,0.53,0,16,355,371
6536,2011-10-04,4,0,10,21,0,2,1,1,0.5,0.4848,0.72,0.1343,22,144,166
14695,2012-09-09,3,1,9,11,0,0,0,1,0.66,0.6212,0.47,0.2537,194,391,585
12245,2012-05-30,2,1,5,9,0,3,1,2,0.62,0.6061,0.69,0.194,23,282,305
11184,2012-04-16,2,1,4,4,1,1,0,1,0.54,0.5152,0.77,0.2239,0,6,6
5305,2011-08-13,3,0,8,22,0,6,0,2,0.68,0.6364,0.83,0.3881,36,118,154
13946,2012-08-09,3,1,8,6,0,4,1,1,0.66,0.6061,0.83,0.1642,5,162,167
1627,2011-03-13,1,0,3,7,0,0,0,1,0.36,0.3485,0.62,0.194,2,8,10
8140,2011-12-10,4,0,12,19,0,6,0,1,0.26,0.2424,0.38,0.2836,15,139,154
12541,2012-06-11,2,1,6,17,0,1,1,2,0.8,0.7121,0.41,0.3582,85,715,800
6334,2011-09-26,4,0,9,11,0,1,1,1,0.68,0.6364,0.79,0.2239,43,116,159
2281,2011-04-09,2,0,4,21,0,6,0,2,0.36,0.3485,0.93,0.1343,10,65,75
11238,2012-04-18,2,1,4,10,0,3,1,3,0.48,0.4697,0.47,0.2239,31,116,147
6563,2011-10-06,4,0,10,0,0,4,1,1,0.5,0.4848,0.72,0.194,6,34,40
4835,2011-07-25,3,0,7,8,0,1,1,2,0.76,0.7424,0.75,0,34,353,387
980,2011-02-13,1,0,2,11,0,0,0,1,0.32,0.2879,0.39,0.4478,26,86,112
3820,2011-06-13,2,0,6,1,0,1,1,1,0.64,0.6061,0.73,0.2239,6,10,16
16956,2012-12-14,4,1,12,6,0,5,1,1,0.16,0.1818,0.8,0.1045,1,112,113
8453,2011-12-23,1,0,12,20,0,5,1,1,0.32,0.303,0.61,0.3284,3,47,50
13608,2012-07-26,3,1,7,4,0,4,1,1,0.66,0.6212,0.74,0.194,0,4,4
7189,2011-11-01,4,0,11,3,0,2,1,2,0.36,0.3485,0.81,0.1343,1,5,6
1019,2011-02-15,1,0,2,2,0,2,1,1,0.28,0.2273,0.41,0.6866,1,2,3
2956,2011-05-08,2,0,5,1,0,0,0,2,0.52,0.5,0.55,0,8,56,64
14302,2012-08-24,3,1,8,2,0,5,1,1,0.66,0.6212,0.69,0,1,15,16
16473,2012-11-24,4,1,11,2,0,6,0,1,0.32,0.2727,0.39,0.6119,10,22,32
3372,2011-05-25,2,0,5,9,0,3,1,1,0.68,0.6364,0.65,0.0896,27,207,234
2401,2011-04-14,2,0,4,22,0,4,1,1,0.48,0.4697,0.55,0.1045,22,82,104
14142,2012-08-17,3,1,8,10,0,5,1,1,0.74,0.2424,0.55,0.1642,82,149,231
10385,2012-03-13,1,1,3,19,0,2,1,1,0.64,0.6212,0.47,0.2239,50,429,479
3030,2011-05-11,2,0,5,3,0,3,1,1,0.5,0.4848,0.63,0.2239,0,3,3
7173,2011-10-31,4,0,10,11,0,1,1,1,0.4,0.4091,0.5,0.1343,31,97,128
6209,2011-09-21,3,0,9,6,0,3,1,2,0.54,0.5152,1,0.194,5,112,117
2076,2011-04-01,2,0,4,8,0,5,1,2,0.26,0.2424,0.87,0.2537,8,198,206
950,2011-02-12,1,0,2,4,0,6,0,1,0.12,0.1667,0.74,0.0896,0,4,4
4497,2011-07-11,3,0,7,6,0,1,1,1,0.68,0.6364,0.74,0.194,19,102,121
11841,2012-05-13,2,1,5,13,0,0,0,1,0.68,0.6364,0.54,0.2537,255,347,602
2992,2011-05-09,2,0,5,13,0,1,1,1,0.62,0.6212,0.38,0.2836,36,138,174
6024,2011-09-13,3,0,9,13,0,2,1,1,0.74,0.6667,0.51,0.2836,48,136,184
2068,2011-04-01,2,0,4,0,0,5,1,3,0.26,0.2576,1,0.1642,0,6,6
8669,2012-01-01,1,1,1,23,0,0,0,1,0.44,0.4394,0.51,0.2985,4,25,29
7725,2011-11-23,4,0,11,11,0,3,1,2,0.5,0.4848,0.72,0.4179,9,107,116
12629,2012-06-15,2,1,6,9,0,5,1,1,0.62,0.6061,0.65,0.1642,58,308,366
16577,2012-11-28,4,1,11,10,0,3,1,1,0.3,0.3182,0.49,0.1045,17,144,161
322,2011-01-14,1,0,1,21,0,5,1,1,0.16,0.2273,0.69,0,4,48,52
9685,2012-02-13,1,1,2,11,0,1,1,1,0.22,0.2273,0.37,0.194,5,85,90
13523,2012-07-22,3,1,7,15,0,0,0,1,0.72,0.6818,0.66,0.1045,254,370,624
9545,2012-02-07,1,1,2,15,0,2,1,1,0.44,0.4394,0.38,0.194,13,133,146
8894,2012-01-11,1,1,1,10,0,3,1,2,0.24,0.2424,0.87,0.1343,13,84,97
13678,2012-07-29,3,1,7,2,0,0,0,1,0.66,0.6212,0.74,0.1343,33,79,112
16044,2012-11-06,4,1,11,4,0,2,1,1,0.22,0.2576,0.69,0.0896,0,7,7
6376,2011-09-28,4,0,9,5,0,3,1,2,0.6,0.5152,0.94,0,2,20,22
4631,2011-07-16,3,0,7,20,0,6,0,1,0.72,0.6667,0.51,0.2239,108,188,296
7225,2011-11-02,4,0,11,15,0,3,1,1,0.48,0.4697,0.51,0.1642,26,161,187
7860,2011-11-29,4,0,11,3,0,2,1,2,0.5,0.4848,0.88,0,0,2,2
4360,2011-07-05,3,0,7,13,0,2,1,1,0.82,0.7424,0.43,0.1045,67,136,203
5848,2011-09-06,3,0,9,3,0,2,1,3,0.54,0.5152,0.94,0.2985,1,0,1
14148,2012-08-17,3,1,8,16,0,5,1,2,0.84,0.2424,0.32,0.4478,116,372,488
5195,2011-08-09,3,0,8,8,0,2,1,1,0.74,0.697,0.66,0,40,352,392
11100,2012-04-12,2,1,4,16,0,4,1,1,0.48,0.4697,0.31,0.2836,54,299,353
3539,2011-06-01,2,0,6,8,0,3,1,2,0.72,0.697,0.79,0.194,37,417,454
10634,2012-03-24,2,1,3,4,0,6,0,1,0.52,0.5,0.83,0.0896,1,6,7
8047,2011-12-06,4,0,12,22,0,2,1,3,0.46,0.4545,1,0.1642,5,82,87
10309,2012-03-10,1,1,3,14,0,6,0,1,0.34,0.3182,0.27,0.2836,117,262,379
13335,2012-07-14,3,1,7,19,0,6,0,1,0.72,0.7121,0.84,0.0896,156,275,431
14153,2012-08-17,3,1,8,21,0,5,1,2,0.68,0.2424,0.69,0.2985,57,198,255
3520,2011-05-31,2,0,5,13,0,2,1,1,0.9,0.8333,0.39,0.1642,37,110,147
6650,2011-10-09,4,0,10,15,0,0,0,1,0.68,0.6364,0.51,0.1642,198,209,407
10514,2012-03-19,1,1,3,4,0,1,1,1,0.44,0.4394,0.94,0,0,3,3
17121,2012-12-21,1,1,12,3,0,5,1,3,0.46,0.4545,0.94,0.3881,0,3,3
3692,2011-06-07,2,0,6,17,0,2,1,1,0.8,0.7273,0.43,0.2537,64,475,539
9285,2012-01-27,1,1,1,18,0,5,1,1,0.4,0.4091,0.5,0.4925,20,363,383
10598,2012-03-22,2,1,3,16,0,4,1,1,0.64,0.6061,0.65,0.194,125,300,425
11204,2012-04-17,2,1,4,0,0,2,1,1,0.66,0.6212,0.54,0.194,10,33,43
5166,2011-08-08,3,0,8,3,0,1,1,1,0.66,0.5909,0.89,0,1,0,1
5512,2011-08-22,3,0,8,13,0,1,1,1,0.74,0.6515,0.3,0.4627,47,158,205
2620,2011-04-24,2,0,4,1,0,0,0,1,0.5,0.4848,0.88,0.194,14,40,54
7761,2011-11-24,4,0,11,23,1,4,0,1,0.34,0.3485,0.76,0.1045,2,19,21
1840,2011-03-22,2,0,3,9,0,2,1,2,0.4,0.4091,0.58,0.4627,19,159,178
7749,2011-11-24,4,0,11,11,1,4,0,1,0.42,0.4242,0.41,0.2985,52,90,142
14372,2012-08-27,3,1,8,0,0,1,1,1,0.62,0.5758,0.83,0,4,28,32
15833,2012-10-26,4,1,10,21,0,5,1,2,0.54,0.5152,0.77,0.1343,40,252,292
13917,2012-08-08,3,1,8,1,0,3,1,1,0.72,0.697,0.79,0,3,20,23
14118,2012-08-16,3,1,8,10,0,4,1,1,0.74,0.6667,0.48,0.1343,78,121,199
9771,2012-02-17,1,1,2,1,0,5,1,2,0.3,0.3333,0.93,0,2,16,18
763,2011-02-04,1,0,2,5,0,5,1,2,0.14,0.1515,0.63,0.1343,0,7,7
11341,2012-04-22,2,1,4,17,0,0,0,3,0.36,0.3182,0.93,0.4478,2,25,27
111,2011-01-05,1,0,1,19,0,3,1,1,0.24,0.2576,0.38,0.1045,5,127,132
2443,2011-04-16,2,0,4,16,0,6,0,3,0.5,0.4848,0.88,0.4627,6,27,33
11051,2012-04-10,2,1,4,14,0,2,1,1,0.54,0.5152,0.24,0.194,75,149,224
16175,2012-11-11,4,1,11,16,0,0,0,1,0.54,0.5152,0.42,0.2239,260,393,653
2755,2011-04-29,2,0,4,16,0,5,1,2,0.54,0.5152,0.42,0.3582,59,240,299
7692,2011-11-22,4,0,11,2,0,2,1,3,0.38,0.3939,1,0.1045,2,4,6
5408,2011-08-18,3,0,8,5,0,4,1,1,0.64,0.5909,0.78,0.2836,0,27,27
9689,2012-02-13,1,1,2,15,0,1,1,1,0.36,0.3485,0.27,0.1343,10,145,155
4078,2011-06-23,3,0,6,19,0,4,1,1,0.72,0.6818,0.7,0.3582,56,344,400
12226,2012-05-29,2,1,5,14,0,2,1,1,0.82,0.7727,0.52,0.4179,80,158,238
7829,2011-11-27,4,0,11,19,0,0,0,1,0.48,0.4697,0.67,0.2239,30,109,139
5130,2011-08-06,3,0,8,15,0,6,0,2,0.84,0.803,0.53,0.2537,130,232,362
7489,2011-11-13,4,0,11,15,0,0,0,2,0.5,0.4848,0.42,0.3284,89,221,310
246,2011-01-11,1,0,1,14,0,2,1,2,0.2,0.2273,0.59,0.0896,3,60,63
15615,2012-10-17,4,1,10,19,0,3,1,1,0.5,0.4848,0.72,0.194,49,467,516
5666,2011-08-29,3,0,8,12,0,1,1,2,0.68,0.6364,0.44,0.1642,48,159,207
6747,2011-10-13,4,0,10,16,0,4,1,1,0.66,0.6212,0.74,0.2239,36,240,276
96,2011-01-05,1,0,1,4,0,3,1,1,0.24,0.2273,0.48,0.2239,0,2,2
5152,2011-08-07,3,0,8,13,0,0,0,1,0.9,0.8485,0.42,0.2985,118,206,324
2612,2011-04-23,2,0,4,17,0,6,0,1,0.6,0.5909,0.73,0.3284,168,215,383
8909,2012-01-12,1,1,1,1,0,4,1,3,0.36,0.3485,0.93,0.194,0,3,3
2819,2011-05-02,2,0,5,8,0,1,1,2,0.48,0.4697,0.77,0.2239,21,350,371
220,2011-01-10,1,0,1,10,0,1,1,2,0.14,0.1212,0.5,0.2985,0,31,31
8804,2012-01-07,1,1,1,15,0,6,0,1,0.58,0.5455,0.37,0.2985,132,317,449
16797,2012-12-07,4,1,12,15,0,5,1,2,0.36,0.3485,0.71,0.1642,34,269,303
2734,2011-04-28,2,0,4,19,0,4,1,1,0.62,0.6212,0.43,0.2985,57,347,404
9586,2012-02-09,1,1,2,8,0,4,1,1,0.2,0.197,0.64,0.2537,11,473,484
15304,2012-10-04,4,1,10,20,0,4,1,1,0.64,0.6061,0.65,0.1045,50,391,441
2458,2011-04-17,2,0,4,7,0,0,0,1,0.36,0.3333,0.5,0.3582,2,14,16
2534,2011-04-20,2,0,4,11,0,3,1,1,0.62,0.6061,0.69,0.0896,31,87,118
16231,2012-11-14,4,1,11,0,0,3,1,1,0.26,0.2424,0.56,0.2836,4,20,24
6715,2011-10-12,4,0,10,8,0,3,1,2,0.54,0.5152,0.88,0.3881,27,377,404
7253,2011-11-03,4,0,11,19,0,4,1,1,0.44,0.4394,0.67,0.0896,18,234,252
6823,2011-10-16,4,0,10,20,0,0,0,1,0.54,0.5152,0.52,0.4627,49,129,178
17063,2012-12-18,4,1,12,17,0,2,1,1,0.4,0.4091,0.47,0.4478,39,533,572
10257,2012-03-08,1,1,3,10,0,4,1,1,0.5,0.4848,0.68,0.4627,19,119,138
8666,2012-01-01,1,1,1,20,0,0,0,2,0.44,0.4394,0.62,0.2985,25,58,83
14714,2012-09-10,3,1,9,6,0,1,1,1,0.5,0.4848,0.72,0.1343,8,172,180
9594,2012-02-09,1,1,2,16,0,4,1,1,0.34,0.3333,0.36,0,15,223,238
4792,2011-07-23,3,0,7,13,0,6,0,1,0.94,0.8788,0.38,0.1642,78,167,245
9741,2012-02-15,1,1,2,19,0,3,1,1,0.38,0.3939,0.43,0.1642,9,302,311
5295,2011-08-13,3,0,8,12,0,6,0,2,0.66,0.5909,0.89,0.1642,175,246,421
13615,2012-07-26,3,1,7,11,0,4,1,1,0.8,0.803,0.66,0.2239,69,143,212
320,2011-01-14,1,0,1,19,0,5,1,1,0.16,0.197,0.59,0.0896,3,89,92
16378,2012-11-20,4,1,11,3,0,2,1,2,0.34,0.3485,0.71,0.1045,0,2,2
2376,2011-04-13,2,0,4,21,0,3,1,1,0.42,0.4242,0.67,0.1642,17,100,117
3338,2011-05-23,2,0,5,23,0,1,1,2,0.62,0.5606,0.88,0.194,19,53,72
13906,2012-08-07,3,1,8,14,0,2,1,2,0.82,0.7576,0.46,0,76,185,261
13134,2012-07-06,3,1,7,10,0,5,1,1,0.86,0.7424,0.3,0,80,130,210
15558,2012-10-15,4,1,10,10,0,1,1,2,0.6,0.5909,0.73,0.3881,43,125,168
331,2011-01-15,1,0,1,6,0,6,0,1,0.14,0.1667,0.63,0.1045,1,2,3
1787,2011-03-20,1,0,3,3,0,0,0,1,0.28,0.2727,0.56,0.2537,1,11,12
813,2011-02-06,1,0,2,7,0,0,0,1,0.24,0.2424,0.65,0.1642,0,8,8
1979,2011-03-28,2,0,3,7,0,1,1,1,0.2,0.1818,0.32,0.3284,6,104,110
3117,2011-05-14,2,0,5,18,0,6,0,2,0.56,0.5303,0.88,0.2239,88,216,304
14497,2012-09-01,3,1,9,5,0,6,0,1,0.68,0.6364,0.79,0,2,20,22
614,2011-01-28,1,0,1,19,0,5,1,2,0.24,0.2424,0.75,0.1343,5,84,89
1283,2011-02-26,1,0,2,14,0,6,0,2,0.34,0.303,0.36,0.3284,57,154,211
14848,2012-09-15,3,1,9,20,0,6,0,1,0.6,0.6212,0.43,0.0896,89,241,330
13921,2012-08-08,3,1,8,5,0,3,1,2,0.68,0.6364,0.89,0.1642,3,40,43
9587,2012-02-09,1,1,2,9,0,4,1,1,0.2,0.197,0.59,0.2239,9,229,238
5966,2011-09-11,3,0,9,2,0,0,0,2,0.62,0.5909,0.78,0.194,16,60,76
12682,2012-06-17,2,1,6,14,0,0,0,1,0.64,0.6212,0.53,0,255,327,582
11543,2012-05-01,2,1,5,3,0,2,1,2,0.5,0.4848,0.77,0,1,2,3
7583,2011-11-17,4,0,11,13,0,4,1,2,0.34,0.303,0.49,0.4478,15,109,124
11154,2012-04-14,2,1,4,22,0,6,0,2,0.54,0.5152,0.52,0.1642,64,148,212
6686,2011-10-11,4,0,10,3,0,2,1,2,0.52,0.5,0.88,0.1045,2,1,3
17105,2012-12-20,4,1,12,11,0,4,1,2,0.34,0.3182,0.57,0.2239,22,168,190
16961,2012-12-14,4,1,12,11,0,5,1,1,0.32,0.303,0.65,0.194,31,180,211
8164,2011-12-11,4,0,12,19,0,0,0,1,0.22,0.2273,0.55,0.194,7,98,105
9889,2012-02-22,1,1,2,1,0,3,1,1,0.32,0.3333,0.7,0.1343,3,4,7
12030,2012-05-21,2,1,5,10,0,1,1,3,0.58,0.5455,0.88,0.2836,28,71,99
7458,2011-11-12,4,0,11,8,0,6,0,1,0.26,0.2576,0.7,0.194,14,87,101
13831,2012-08-04,3,1,8,11,0,6,0,1,0.86,0.803,0.47,0.2537,155,315,470
3922,2011-06-17,2,0,6,7,0,5,1,1,0.6,0.5606,0.83,0,25,225,250
8460,2011-12-24,1,0,12,3,0,6,0,2,0.32,0.3333,0.7,0.0896,0,5,5
14609,2012-09-05,3,1,9,21,0,3,1,1,0.72,0.697,0.79,0,18,278,296
4338,2011-07-04,3,0,7,15,1,1,0,1,0.82,0.7424,0.43,0.0896,224,184,408
9007,2012-01-16,1,1,1,3,1,1,0,1,0.12,0.197,0.5,0,0,3,3
6245,2011-09-22,3,0,9,18,0,4,1,2,0.64,0.5758,0.83,0.1045,50,501,551
8724,2012-01-04,1,1,1,7,0,3,1,1,0.02,0.0455,0.44,0.194,1,151,152
10509,2012-03-18,1,1,3,23,0,0,0,1,0.48,0.4697,0.82,0.1642,7,39,46
7961,2011-12-03,4,0,12,8,0,6,0,1,0.24,0.2576,0.75,0.0896,1,62,63
7721,2011-11-23,4,0,11,7,0,3,1,2,0.46,0.4545,1,0.0896,2,154,156
3019,2011-05-10,2,0,5,16,0,2,1,1,0.66,0.6212,0.31,0.1045,56,271,327
2693,2011-04-27,2,0,4,2,0,3,1,1,0.58,0.5455,0.88,0.2537,0,5,5
10876,2012-04-03,2,1,4,7,0,2,1,1,0.32,0.3333,0.66,0.0896,14,327,341
6915,2011-10-20,4,0,10,17,0,4,1,2,0.48,0.4697,0.48,0.3881,56,438,494
13977,2012-08-10,3,1,8,13,0,5,1,2,0.76,0.7121,0.58,0.3582,66,224,290
9940,2012-02-24,1,1,2,4,0,5,1,1,0.4,0.4091,0.87,0.1343,0,2,2
15481,2012-10-12,4,1,10,5,0,5,1,1,0.36,0.3636,0.81,0.0896,2,33,35
14313,2012-08-24,3,1,8,13,0,5,1,2,0.8,0.7121,0.41,0.1045,79,272,351
11111,2012-04-13,2,1,4,3,0,5,1,1,0.34,0.3333,0.61,0.1642,3,8,11
17184,2012-12-23,1,1,12,18,0,0,0,1,0.3,0.303,0.45,0.1642,8,85,93
2665,2011-04-25,2,0,4,22,0,1,1,1,0.6,0.5909,0.73,0.2985,23,83,106
93,2011-01-05,1,0,1,0,0,3,1,1,0.2,0.2576,0.64,0,0,6,6
10217,2012-03-06,1,1,3,18,0,2,1,1,0.34,0.303,0.42,0.3284,15,442,457
1732,2011-03-17,1,0,3,19,0,4,1,1,0.44,0.4394,0.58,0.194,18,189,207
4330,2011-07-04,3,0,7,7,1,1,0,1,0.66,0.6061,0.83,0.1343,17,19,36
6146,2011-09-18,3,0,9,15,0,0,0,2,0.58,0.5455,0.6,0.1343,132,233,365
16145,2012-11-10,4,1,11,10,0,6,0,1,0.4,0.4091,0.58,0,86,264,350
10118,2012-03-02,1,1,3,15,0,5,1,2,0.42,0.4242,0.5,0.2985,5,73,78
2319,2011-04-11,2,0,4,12,0,1,1,2,0.6,0.5909,0.73,0.3284,37,97,134
16197,2012-11-12,4,1,11,14,1,1,0,1,0.58,0.5455,0.6,0.2836,134,310,444
9709,2012-02-14,1,1,2,11,0,2,1,2,0.3,0.303,0.45,0.1642,5,107,112
16981,2012-12-15,4,1,12,7,0,6,0,2,0.24,0.2576,0.75,0.0896,1,47,48
8006,2011-12-05,4,0,12,5,0,1,1,1,0.3,0.3182,0.87,0.1045,1,24,25
15577,2012-10-16,4,1,10,5,0,2,1,1,0.42,0.4242,0.67,0.2537,5,47,52
9819,2012-02-19,1,1,2,1,0,0,0,2,0.32,0.303,0.39,0.2537,10,62,72
1452,2011-03-05,1,0,3,18,0,6,0,2,0.48,0.4697,0.59,0.3284,37,115,152
3468,2011-05-29,2,0,5,9,0,0,0,2,0.62,0.5455,0.94,0.2537,74,78,152
8545,2011-12-27,1,0,12,18,0,2,1,1,0.38,0.3939,0.87,0.2836,9,126,135
14852,2012-09-16,3,1,9,0,0,0,0,1,0.54,0.5152,0.64,0,28,123,151
9261,2012-01-26,1,1,1,18,0,4,1,2,0.42,0.4242,0.71,0,12,394,406
8031,2011-12-06,4,0,12,6,0,2,1,2,0.44,0.4394,0.94,0.2836,5,81,86
2795,2011-05-01,2,0,5,8,0,0,0,2,0.44,0.4394,0.77,0.1343,16,43,59
3870,2011-06-15,2,0,6,3,0,3,1,1,0.5,0.4848,0.68,0.2537,0,1,1
14016,2012-08-12,3,1,8,4,0,0,0,1,0.64,0.6061,0.69,0.0896,2,8,10
1944,2011-03-26,2,0,3,18,0,6,0,2,0.32,0.3182,0.21,0.1642,64,89,153
6742,2011-10-13,4,0,10,11,0,4,1,2,0.62,0.5758,0.83,0,8,76,84
2594,2011-04-22,2,0,4,23,0,5,1,3,0.32,0.3333,0.93,0.1045,0,17,17
12263,2012-05-31,2,1,5,3,0,4,1,1,0.62,0.6061,0.69,0.0896,0,8,8
13470,2012-07-20,3,1,7,10,0,5,1,2,0.7,0.6667,0.79,0.1642,51,182,233
11530,2012-04-30,2,1,4,14,0,1,1,2,0.5,0.4848,0.55,0.1343,56,162,218
7507,2011-11-14,4,0,11,9,0,1,1,2,0.48,0.4697,0.67,0.3284,29,204,233
4527,2011-07-12,3,0,7,12,0,2,1,1,0.86,0.7879,0.44,0.2985,38,125,163
10285,2012-03-09,1,1,3,14,0,5,1,1,0.42,0.4242,0.28,0.4627,49,129,178
15280,2012-10-03,4,1,10,20,0,3,1,1,0.7,0.6515,0.65,0,48,449,497
4521,2011-07-12,3,0,7,6,0,2,1,1,0.74,0.6818,0.58,0.2239,13,102,115
13953,2012-08-09,3,1,8,13,0,4,1,1,0.86,0.7879,0.41,0.1045,80,201,281
2993,2011-05-09,2,0,5,14,0,1,1,1,0.62,0.6212,0.41,0.2239,44,118,162
16026,2012-11-05,4,1,11,10,0,1,1,1,0.32,0.303,0.49,0.2836,30,112,142
5145,2011-08-07,3,0,8,6,0,0,0,1,0.7,0.6667,0.89,0.1642,3,10,13
1512,2011-03-08,1,0,3,8,0,2,1,1,0.22,0.2273,0.55,0.194,10,247,257
8138,2011-12-10,4,0,12,17,0,6,0,1,0.28,0.2576,0.36,0.3284,34,151,185
8261,2011-12-15,4,0,12,20,0,4,1,1,0.52,0.5,0.59,0.3284,12,209,221
8542,2011-12-27,1,0,12,15,0,2,1,3,0.42,0.4242,0.82,0.3881,2,17,19
1514,2011-03-08,1,0,3,10,0,2,1,2,0.3,0.2879,0.33,0.194,25,46,71
9439,2012-02-03,1,1,2,4,0,5,1,1,0.26,0.2576,0.6,0.2239,0,2,2
11546,2012-05-01,2,1,5,6,0,2,1,3,0.52,0.5,0.77,0.1045,2,24,26
15372,2012-10-07,4,1,10,16,0,0,0,3,0.4,0.4091,0.82,0.1642,87,246,333
2597,2011-04-23,2,0,4,2,0,6,0,3,0.32,0.3333,1,0.1343,3,14,17
13267,2012-07-11,3,1,7,23,0,3,1,2,0.7,0.6515,0.58,0.2537,20,132,152
574,2011-01-26,1,0,1,2,0,3,1,3,0.22,0.2273,0.69,0.194,3,7,10
844,2011-02-07,1,0,2,14,0,1,1,2,0.36,0.3636,0.57,0.0896,8,52,60
4557,2011-07-13,3,0,7,18,0,3,1,1,0.72,0.697,0.79,0.1343,51,412,463
6166,2011-09-19,3,0,9,11,0,1,1,2,0.58,0.5455,0.64,0.1642,41,98,139
6206,2011-09-21,3,0,9,3,0,3,1,2,0.54,0.5152,0.94,0.0896,0,6,6
9617,2012-02-10,1,1,2,15,0,5,1,2,0.32,0.3333,0.45,0.1343,27,164,191
5322,2011-08-14,3,0,8,15,0,0,0,1,0.74,0.697,0.66,0.194,128,203,331
69,2011-01-03,1,0,1,23,0,1,1,1,0.18,0.2121,0.55,0.1045,1,11,12
15678,2012-10-20,4,1,10,10,0,6,0,1,0.52,0.5,0.52,0.1343,111,312,423
11876,2012-05-15,2,1,5,0,0,2,1,2,0.56,0.5303,0.88,0.1343,7,25,32
10792,2012-03-30,2,1,3,18,0,5,1,1,0.42,0.4242,0.54,0.194,68,492,560
5358,2011-08-16,3,0,8,3,0,2,1,1,0.62,0.5909,0.73,0.2239,1,5,6
6776,2011-10-14,4,0,10,21,0,5,1,1,0.5,0.4848,0.45,0.194,22,156,178
5624,2011-08-27,3,0,8,5,0,6,0,2,0.7,0.6667,0.84,0.2985,1,11,12
8019,2011-12-05,4,0,12,18,0,1,1,1,0.44,0.4394,0.77,0,13,386,399
8020,2011-12-05,4,0,12,19,0,1,1,2,0.46,0.4545,0.77,0,13,295,308
5703,2011-08-31,3,0,8,1,0,3,1,1,0.6,0.5909,0.69,0,2,13,15
16955,2012-12-14,4,1,12,5,0,5,1,1,0.2,0.2273,0.69,0.1045,0,34,34
7417,2011-11-10,4,0,11,15,0,4,1,3,0.36,0.3333,0.81,0.2985,5,57,62
10006,2012-02-26,1,1,2,22,0,0,0,1,0.3,0.2879,0.42,0.2239,3,68,71
7677,2011-11-21,4,0,11,11,0,1,1,2,0.52,0.5,0.83,0.1045,16,112,128
17312,2012-12-29,1,1,12,4,0,6,0,2,0.24,0.2424,0.75,0.0896,0,3,3
13004,2012-07-01,3,1,7,0,0,0,0,1,0.76,0.7273,0.66,0,27,122,149
4342,2011-07-04,3,0,7,19,1,1,0,2,0.78,0.7121,0.49,0.1642,170,205,375
3018,2011-05-10,2,0,5,15,0,2,1,2,0.64,0.6212,0.33,0.0896,28,152,180
6804,2011-10-16,4,0,10,1,0,0,0,1,0.44,0.4394,0.47,0.1343,13,64,77
6028,2011-09-13,3,0,9,17,0,2,1,1,0.74,0.6667,0.51,0.2239,72,507,579
4076,2011-06-23,3,0,6,17,0,4,1,2,0.72,0.6818,0.7,0.3582,74,495,569
14285,2012-08-23,3,1,8,9,0,4,1,2,0.7,0.6515,0.7,0,58,354,412
6348,2011-09-27,4,0,9,1,0,2,1,1,0.62,0.5455,0.94,0.1642,4,6,10
4769,2011-07-22,3,0,7,14,0,5,1,1,0.96,1,0.48,0.2985,24,77,101
14207,2012-08-20,3,1,8,3,0,1,1,1,0.6,0.5455,0.88,0.1045,0,3,3
2116,2011-04-03,2,0,4,0,0,0,0,1,0.3,0.2879,0.65,0.194,8,31,39
11163,2012-04-15,2,1,4,7,0,0,0,1,0.5,0.4848,0.63,0.1045,16,30,46
6718,2011-10-12,4,0,10,11,0,3,1,3,0.54,0.5152,0.94,0.3284,18,102,120
12750,2012-06-20,2,1,6,10,0,3,1,1,0.82,0.7727,0.52,0.1343,41,126,167
11477,2012-04-28,2,1,4,9,0,6,0,2,0.38,0.3939,0.37,0,45,169,214
12848,2012-06-24,3,1,6,12,0,0,0,1,0.8,0.697,0.33,0.2239,227,329,556
16722,2012-12-04,4,1,12,12,0,2,1,1,0.52,0.5,0.68,0.194,39,273,312
9512,2012-02-06,1,1,2,6,0,1,1,1,0.16,0.1818,0.86,0.1045,0,72,72
11230,2012-04-18,2,1,4,2,0,3,1,2,0.5,0.4848,0.42,0.194,1,8,9
6335,2011-09-26,4,0,9,12,0,1,1,2,0.68,0.6364,0.79,0.1642,48,161,209
11061,2012-04-11,2,1,4,0,0,3,1,1,0.34,0.303,0.36,0.4179,8,22,30
12347,2012-06-03,2,1,6,15,0,0,0,1,0.7,0.6364,0.34,0,236,408,644
15438,2012-10-10,4,1,10,10,0,3,1,1,0.56,0.5303,0.52,0.2985,27,190,217
5599,2011-08-26,3,0,8,4,0,5,1,1,0.62,0.5606,0.88,0,2,6,8
10000,2012-02-26,1,1,2,16,0,0,0,1,0.36,0.3333,0.32,0.2537,64,275,339
5958,2011-09-10,3,0,9,18,0,6,0,1,0.72,0.6667,0.58,0.194,119,241,360
14390,2012-08-27,3,1,8,18,0,1,1,1,0.78,0.7121,0.52,0.2537,83,751,834
14132,2012-08-17,3,1,8,0,0,5,1,1,0.68,0.2424,0.57,0.1642,21,67,88
5135,2011-08-06,3,0,8,20,0,6,0,3,0.72,0.697,0.79,0.2836,58,79,137
7480,2011-11-13,4,0,11,6,0,0,0,1,0.34,0.3333,0.66,0.1343,5,18,23
16405,2012-11-21,4,1,11,6,0,3,1,1,0.28,0.303,0.87,0.0896,2,99,101
14931,2012-09-19,3,1,9,7,0,3,1,1,0.52,0.5,0.63,0.2239,16,529,545
8754,2012-01-05,1,1,1,13,0,4,1,1,0.34,0.303,0.42,0.2985,6,112,118
9114,2012-01-20,1,1,1,15,0,5,1,2,0.22,0.2273,0.35,0.194,12,144,156
15503,2012-10-13,4,1,10,3,0,6,0,1,0.32,0.303,0.66,0.2239,2,13,15
15596,2012-10-17,4,1,10,0,0,3,1,1,0.38,0.3939,0.76,0,1,48,49
2037,2011-03-30,2,0,3,17,0,3,1,3,0.26,0.2727,0.93,0.1045,11,105,116
3066,2011-05-12,2,0,5,15,0,4,1,2,0.64,0.6212,0.53,0.2537,54,163,217
13299,2012-07-13,3,1,7,7,0,5,1,2,0.7,0.6515,0.54,0,27,353,380
12800,2012-06-22,3,1,6,12,0,5,1,1,0.84,0.7879,0.49,0.1343,63,191,254
5825,2011-09-05,3,0,9,3,1,1,0,2,0.68,0.6364,0.74,0.2985,4,12,16
1042,2011-02-16,1,0,2,3,0,3,1,2,0.2,0.197,0.47,0.194,0,1,1
5313,2011-08-14,3,0,8,6,0,0,0,2,0.64,0.5606,0.94,0.1045,2,4,6
11033,2012-04-09,2,1,4,20,0,1,1,1,0.5,0.4848,0.36,0.4478,21,255,276
15585,2012-10-16,4,1,10,13,0,2,1,1,0.52,0.5,0.45,0.2836,68,260,328
1414,2011-03-04,1,0,3,4,0,5,1,2,0.18,0.1818,0.74,0.194,1,0,1
115,2011-01-05,1,0,1,23,0,3,1,1,0.2,0.2576,0.47,0,1,18,19
11199,2012-04-16,2,1,4,19,1,1,0,1,0.76,0.6667,0.35,0.3881,61,461,522
4251,2011-07-01,3,0,7,0,0,5,1,1,0.66,0.6212,0.5,0,20,48,68
231,2011-01-10,1,0,1,21,0,1,1,1,0.14,0.1364,0.59,0.194,1,37,38
4405,2011-07-07,3,0,7,10,0,4,1,1,0.78,0.7424,0.62,0,29,72,101
11465,2012-04-27,2,1,4,21,0,5,1,1,0.44,0.4394,0.33,0.2985,23,185,208
12842,2012-06-24,3,1,6,6,0,0,0,1,0.64,0.6061,0.65,0.1642,6,19,25
2747,2011-04-29,2,0,4,8,0,5,1,1,0.54,0.5152,0.39,0.2985,35,386,421
16201,2012-11-12,4,1,11,18,1,1,0,1,0.52,0.5,0.72,0.1343,65,486,551
7135,2011-10-29,4,0,10,21,0,6,0,1,0.24,0.2121,0.87,0.3582,1,49,50
16428,2012-11-22,4,1,11,5,1,4,0,1,0.24,0.2576,0.75,0.1045,2,6,8
9030,2012-01-17,1,1,1,2,0,2,1,3,0.28,0.2727,0.75,0.2537,0,12,12
14582,2012-09-04,3,1,9,18,0,2,1,1,0.76,0.7424,0.75,0.2239,94,745,839
14240,2012-08-21,3,1,8,12,0,2,1,1,0.72,0.6515,0.45,0,79,226,305
2704,2011-04-27,2,0,4,13,0,3,1,1,0.64,0.5909,0.78,0.2985,31,119,150
3681,2011-06-07,2,0,6,6,0,2,1,1,0.6,0.5758,0.78,0.1343,10,116,126
15075,2012-09-25,4,1,9,7,0,2,1,1,0.44,0.4394,0.77,0.194,17,539,556
4515,2011-07-12,3,0,7,0,0,2,1,1,0.7,0.6667,0.79,0.1343,3,19,22
15896,2012-10-31,4,1,10,0,0,3,1,2,0.3,0.3182,0.81,0.1045,0,16,16
8702,2012-01-03,1,1,1,9,0,2,1,1,0.16,0.1364,0.5,0.2836,8,145,153
10037,2012-02-28,1,1,2,5,0,2,1,1,0.32,0.2879,0.42,0.3582,1,20,21
14280,2012-08-23,3,1,8,4,0,4,1,1,0.62,0.5758,0.83,0,0,6,6
5829,2011-09-05,3,0,9,7,1,1,0,1,0.66,0.6212,0.74,0.1642,11,30,41
6078,2011-09-15,3,0,9,19,0,4,1,1,0.46,0.4545,0.67,0.4627,20,212,232
14668,2012-09-08,3,1,9,8,0,6,0,1,0.7,0.6667,0.79,0.3284,33,197,230
15692,2012-10-21,4,1,10,0,0,0,0,1,0.44,0.4394,0.54,0.1642,35,119,154
12345,2012-06-03,2,1,6,13,0,0,0,1,0.68,0.6364,0.36,0.2836,265,421,686
8546,2011-12-27,1,0,12,19,0,2,1,1,0.34,0.3333,0.87,0.1642,3,87,90
10926,2012-04-05,2,1,4,9,0,4,1,1,0.4,0.4091,0.37,0.2537,61,290,351
11374,2012-04-24,2,1,4,2,0,2,1,1,0.32,0.3182,0.81,0.194,0,3,3
15206,2012-09-30,4,1,9,18,0,0,0,1,0.52,0.5,0.59,0.4478,91,310,401
6663,2011-10-10,4,0,10,4,1,1,0,1,0.46,0.4545,0.94,0,2,4,6
16786,2012-12-07,4,1,12,4,0,5,1,1,0.26,0.2727,0.75,0.1045,0,10,10
6109,2011-09-17,3,0,9,2,0,6,0,1,0.46,0.4545,0.82,0.0896,18,61,79
15077,2012-09-25,4,1,9,9,0,2,1,1,0.54,0.5152,0.56,0.2537,28,381,409
7820,2011-11-27,4,0,11,10,0,0,0,1,0.46,0.4545,0.72,0.2836,58,131,189
11859,2012-05-14,2,1,5,7,0,1,1,3,0.52,0.5,0.94,0.194,3,72,75
7069,2011-10-27,4,0,10,3,0,4,1,3,0.46,0.4545,0.94,0,1,3,4
3823,2011-06-13,2,0,6,4,0,1,1,1,0.56,0.5303,0.64,0.2985,1,3,4
3796,2011-06-12,2,0,6,1,0,0,0,1,0.64,0.5758,0.83,0.1045,19,74,93
11726,2012-05-08,2,1,5,18,0,2,1,2,0.64,0.6061,0.69,0.2836,69,641,710
6570,2011-10-06,4,0,10,7,0,4,1,1,0.42,0.4242,0.62,0.194,15,287,302
12436,2012-06-07,2,1,6,8,0,4,1,1,0.52,0.5,0.77,0,20,661,681
16500,2012-11-25,4,1,11,5,0,0,0,2,0.22,0.2273,0.47,0.1642,0,3,3
9593,2012-02-09,1,1,2,15,0,4,1,1,0.32,0.303,0.36,0.2985,14,120,134
2056,2011-03-31,2,0,3,12,0,4,1,3,0.28,0.2727,0.93,0.194,17,73,90
5045,2011-08-03,3,0,8,2,0,3,1,2,0.78,0.7121,0.49,0.1642,2,9,11
5563,2011-08-24,3,0,8,16,0,3,1,1,0.76,0.697,0.52,0.4179,49,222,271
3839,2011-06-13,2,0,6,20,0,1,1,1,0.64,0.6212,0.44,0.2537,78,253,331
17221,2012-12-25,1,1,12,9,1,2,0,2,0.24,0.2576,0.87,0,7,21,28
13488,2012-07-21,3,1,7,4,0,6,0,3,0.58,0.5455,0.88,0.2836,11,5,16
15442,2012-10-10,4,1,10,14,0,3,1,1,0.6,0.6212,0.4,0.1642,63,208,271
12859,2012-06-24,3,1,6,23,0,0,0,1,0.74,0.6818,0.58,0.1045,20,67,87
7802,2011-11-26,4,0,11,16,0,6,0,2,0.46,0.4545,0.47,0.1343,137,138,275
5466,2011-08-20,3,0,8,15,0,6,0,1,0.8,0.7273,0.43,0.194,175,215,390
13238,2012-07-10,3,1,7,18,0,2,1,3,0.7,0.6667,0.74,0.2239,70,749,819
5660,2011-08-29,3,0,8,6,0,1,1,1,0.56,0.5303,0.73,0.1343,3,99,102
11447,2012-04-27,2,1,4,3,0,5,1,1,0.44,0.4394,0.47,0.4925,1,2,3
13711,2012-07-30,3,1,7,11,0,1,1,2,0.78,0.7273,0.55,0.1343,69,146,215
11969,2012-05-18,2,1,5,21,0,5,1,1,0.6,0.6212,0.4,0,49,209,258
2985,2011-05-09,2,0,5,6,0,1,1,1,0.44,0.4394,0.72,0.2537,2,87,89
6389,2011-09-28,4,0,9,18,0,3,1,3,0.66,0.6061,0.83,0.2537,65,459,524
14445,2012-08-30,3,1,8,1,0,4,1,1,0.64,0.6061,0.65,0,6,17,23
2816,2011-05-02,2,0,5,5,0,1,1,2,0.44,0.4394,0.77,0.1343,4,16,20
2047,2011-03-31,2,0,3,3,0,4,1,3,0.24,0.2273,0.93,0.2239,0,1,1
14645,2012-09-07,3,1,9,9,0,5,1,1,0.7,0.6667,0.79,0.1343,33,311,344
4924,2011-07-29,3,0,7,1,0,5,1,1,0.74,0.7121,0.79,0.1343,12,22,34
4827,2011-07-25,3,0,7,0,0,1,1,2,0.76,0.7273,0.7,0,17,17,34
9232,2012-01-25,1,1,1,13,0,3,1,1,0.34,0.3333,0.49,0.1343,63,149,212
16899,2012-12-11,4,1,12,21,0,2,1,1,0.32,0.3182,0.53,0.194,14,193,207
2348,2011-04-12,2,0,4,17,0,2,1,3,0.44,0.4394,0.77,0.2239,29,262,291
10723,2012-03-27,2,1,3,21,0,2,1,1,0.36,0.3485,0.37,0.1642,21,200,221
13682,2012-07-29,3,1,7,6,0,0,0,1,0.64,0.6061,0.73,0.1642,6,12,18
14585,2012-09-04,3,1,9,21,0,2,1,1,0.74,0.7121,0.74,0.2537,28,240,268
17013,2012-12-16,4,1,12,15,0,0,0,2,0.38,0.3939,0.82,0.1045,46,292,338
1415,2011-03-04,1,0,3,5,0,5,1,2,0.16,0.1818,0.74,0.1343,0,7,7
500,2011-01-22,1,0,1,21,0,6,0,1,0.06,0.1061,0.41,0.0896,0,39,39
669,2011-01-31,1,0,1,4,0,1,1,1,0.2,0.197,0.59,0.2239,0,2,2
3034,2011-05-11,2,0,5,7,0,3,1,1,0.48,0.4697,0.72,0.194,25,293,318
15456,2012-10-11,4,1,10,4,0,4,1,1,0.4,0.4091,0.5,0.2537,0,10,10
13922,2012-08-08,3,1,8,6,0,3,1,2,0.7,0.6667,0.84,0.1642,4,169,173
17219,2012-12-25,1,1,12,7,1,2,0,2,0.22,0.2273,0.93,0.1642,0,6,6
9723,2012-02-15,1,1,2,1,0,3,1,1,0.34,0.3636,0.53,0,0,5,5
14042,2012-08-13,3,1,8,6,0,1,1,1,0.62,0.5909,0.73,0.0896,4,155,159
3775,2011-06-11,2,0,6,4,0,6,0,1,0.68,0.6364,0.79,0.0896,4,9,13
304,2011-01-14,1,0,1,2,0,5,1,1,0.1,0.1212,0.54,0.1343,0,1,1
5904,2011-09-08,3,0,9,12,0,4,1,2,0.66,0.5909,0.94,0.2239,17,85,102
1704,2011-03-16,1,0,3,15,0,3,1,2,0.4,0.4091,0.76,0.2537,22,79,101
3835,2011-06-13,2,0,6,16,0,1,1,1,0.7,0.6364,0.37,0.4179,64,262,326
7732,2011-11-23,4,0,11,18,0,3,1,2,0.4,0.4091,0.58,0.5224,7,138,145
8026,2011-12-06,4,0,12,1,0,2,1,2,0.46,0.4545,0.88,0.2985,2,14,16
5860,2011-09-06,3,0,9,15,0,2,1,3,0.54,0.5152,0.94,0.3881,18,71,89
1619,2011-03-12,1,0,3,22,0,6,0,1,0.36,0.3788,0.71,0,7,56,63
12932,2012-06-28,3,1,6,0,0,4,1,1,0.66,0.6212,0.5,0.1045,2,52,54
11171,2012-04-15,2,1,4,15,0,0,0,1,0.7,0.6364,0.39,0.3881,266,351,617
2925,2011-05-06,2,0,5,18,0,5,1,3,0.54,0.5152,0.52,0.3582,85,385,470
3207,2011-05-18,2,0,5,12,0,3,1,1,0.56,0.5303,0.94,0.2985,12,42,54
16475,2012-11-24,4,1,11,4,0,6,0,1,0.26,0.2121,0.41,0.4478,1,2,3
4275,2011-07-02,3,0,7,0,0,6,0,1,0.68,0.6364,0.47,0.0896,31,84,115
11765,2012-05-10,2,1,5,9,0,4,1,1,0.5,0.4848,0.59,0.4627,62,299,361
5197,2011-08-09,3,0,8,10,0,2,1,2,0.8,0.7727,0.59,0.2239,55,89,144
12813,2012-06-23,3,1,6,1,0,6,0,1,0.66,0.6061,0.78,0.1343,16,107,123
16656,2012-12-01,4,1,12,18,0,6,0,2,0.34,0.3636,0.76,0,42,255,297
12779,2012-06-21,3,1,6,15,0,4,1,1,0.92,0.8333,0.33,0.1642,40,154,194
15969,2012-11-03,4,1,11,1,0,6,0,2,0.34,0.303,0.49,0.3284,6,83,89
1951,2011-03-27,2,0,3,1,0,0,0,2,0.24,0.2273,0.52,0.194,3,17,20
8622,2011-12-31,1,0,12,0,0,6,0,2,0.38,0.3939,0.62,0.3284,7,37,44
16147,2012-11-10,4,1,11,12,0,6,0,1,0.48,0.4697,0.48,0,258,348,606
1069,2011-02-17,1,0,2,6,0,4,1,1,0.3,0.303,0.7,0.1343,3,44,47
3661,2011-06-06,2,0,6,10,0,1,1,1,0.72,0.6667,0.51,0.2239,31,64,95
8285,2011-12-16,4,0,12,20,0,5,1,2,0.32,0.3182,0.45,0.194,6,146,152
5835,2011-09-05,3,0,9,13,1,1,0,2,0.74,0.697,0.7,0.1343,154,235,389
2471,2011-04-17,2,0,4,20,0,0,0,1,0.52,0.5,0.36,0.194,44,97,141
14322,2012-08-24,3,1,8,22,0,5,1,2,0.7,0.6515,0.61,0,42,209,251
16983,2012-12-15,4,1,12,9,0,6,0,1,0.26,0.2727,0.75,0.1045,17,203,220
4747,2011-07-21,3,0,7,16,0,4,1,1,0.92,0.9242,0.48,0.2836,43,167,210
4650,2011-07-17,3,0,7,15,0,0,0,1,0.82,0.7424,0.43,0.2985,129,195,324
5999,2011-09-12,3,0,9,12,0,1,1,1,0.72,0.6667,0.51,0.194,37,147,184
17076,2012-12-19,4,1,12,6,0,3,1,1,0.24,0.2576,0.75,0.0896,3,109,112
4195,2011-06-28,3,0,6,16,0,2,1,1,0.86,0.803,0.47,0.2836,41,220,261
2767,2011-04-30,2,0,4,4,0,6,0,2,0.42,0.4242,0.54,0.2239,2,5,7
16566,2012-11-27,4,1,11,23,0,2,1,2,0.26,0.2424,0.81,0.2537,3,64,67
3039,2011-05-11,2,0,5,12,0,3,1,1,0.6,0.6212,0.56,0,41,185,226
10167,2012-03-04,1,1,3,16,0,0,0,1,0.36,0.3182,0.29,0.4925,68,231,299
17039,2012-12-17,4,1,12,17,0,1,1,2,0.4,0.4091,0.94,0.2537,17,478,495
583,2011-01-26,1,0,1,13,0,3,1,3,0.22,0.197,0.93,0.3284,4,43,47
10276,2012-03-09,1,1,3,5,0,5,1,3,0.4,0.4091,0.66,0.2836,2,27,29
15915,2012-10-31,4,1,10,19,0,3,1,2,0.4,0.4091,0.5,0.194,27,383,410
10978,2012-04-07,2,1,4,13,0,6,0,1,0.5,0.4848,0.22,0.194,355,288,643
5033,2011-08-02,3,0,8,14,0,2,1,1,0.9,0.7727,0.25,0.2836,45,114,159
15633,2012-10-18,4,1,10,13,0,4,1,1,0.62,0.6212,0.53,0.3582,96,236,332
348,2011-01-15,1,0,1,23,0,6,0,1,0.3,0.2879,0.45,0.2836,5,39,44
15641,2012-10-18,4,1,10,21,0,4,1,2,0.54,0.5152,0.77,0.194,38,245,283
7650,2011-11-20,4,0,11,8,0,0,0,2,0.42,0.4242,0.71,0.2836,13,52,65
9815,2012-02-18,1,1,2,21,0,6,0,1,0.44,0.4394,0.33,0.2985,25,89,114
6236,2011-09-22,3,0,9,9,0,4,1,2,0.62,0.5455,0.94,0.194,35,168,203
5144,2011-08-07,3,0,8,5,0,0,0,1,0.7,0.6667,0.89,0.194,1,4,5
15643,2012-10-18,4,1,10,23,0,4,1,2,0.54,0.5152,0.83,0,6,111,117
4953,2011-07-30,3,0,7,6,0,6,0,1,0.72,0.6818,0.7,0.2985,6,18,24
13269,2012-07-12,3,1,7,1,0,4,1,2,0.66,0.6212,0.61,0,0,21,21
1478,2011-03-06,1,0,3,21,0,0,0,3,0.24,0.1818,0.93,0.6119,1,6,7
4253,2011-07-01,3,0,7,2,0,5,1,1,0.62,0.6061,0.69,0,6,7,13
181,2011-01-08,1,0,1,19,0,6,0,1,0.14,0.1212,0.36,0.2537,4,26,30
13873,2012-08-06,3,1,8,5,0,1,1,1,0.7,0.6667,0.79,0.194,2,23,25
6807,2011-10-16,4,0,10,4,0,0,0,1,0.42,0.4242,0.54,0.194,5,7,12
14816,2012-09-14,3,1,9,12,0,5,1,2,0.7,0.6515,0.54,0.194,119,290,409
8359,2011-12-19,4,0,12,22,0,1,1,2,0.36,0.3485,0.57,0.1642,12,95,107
12114,2012-05-24,2,1,5,22,0,4,1,2,0.64,0.5909,0.78,0.1045,33,210,243
256,2011-01-12,1,0,1,0,0,3,1,2,0.16,0.197,0.86,0.0896,0,7,7
6979,2011-10-23,4,0,10,9,0,0,0,1,0.4,0.4091,0.76,0,48,95,143
16757,2012-12-05,4,1,12,23,0,3,1,1,0.3,0.2727,0.49,0.3881,5,69,74
13153,2012-07-07,3,1,7,5,0,6,0,1,0.74,0.7121,0.74,0.194,2,12,14
8272,2011-12-16,4,0,12,7,0,5,1,2,0.38,0.3939,0.46,0.2985,5,226,231
4514,2011-07-11,3,0,7,23,0,1,1,1,0.7,0.6667,0.79,0.1343,11,44,55
7273,2011-11-04,4,0,11,15,0,5,1,1,0.46,0.4545,0.44,0.3881,45,192,237
2632,2011-04-24,2,0,4,13,0,0,0,1,0.7,0.6515,0.58,0.2836,205,236,441
108,2011-01-05,1,0,1,16,0,3,1,1,0.3,0.3182,0.28,0.0896,4,85,89
3718,2011-06-08,2,0,6,19,0,3,1,1,0.82,0.803,0.59,0.1343,61,323,384
4464,2011-07-09,3,0,7,21,0,6,0,1,0.74,0.6818,0.58,0.1642,83,155,238
10472,2012-03-17,1,1,3,10,0,6,0,2,0.5,0.4848,0.77,0.0896,140,303,443
417,2011-01-19,1,0,1,9,0,3,1,2,0.24,0.2576,0.93,0.1045,2,107,109
7051,2011-10-26,4,0,10,9,0,3,1,2,0.48,0.4697,0.63,0.2239,14,226,240
13600,2012-07-25,3,1,7,20,0,3,1,1,0.74,0.6515,0.4,0.1642,106,461,567
10988,2012-04-07,2,1,4,23,0,6,0,1,0.46,0.4545,0.23,0.2239,32,86,118
16785,2012-12-07,4,1,12,3,0,5,1,2,0.26,0.2576,0.81,0.194,0,5,5
9067,2012-01-18,1,1,1,16,0,3,1,1,0.28,0.2273,0.3,0.5224,13,163,176
16159,2012-11-11,4,1,11,0,0,0,0,1,0.34,0.3485,0.81,0.0896,14,110,124
8926,2012-01-12,1,1,1,18,0,4,1,1,0.44,0.4394,0.67,0.194,22,399,421
5080,2011-08-04,3,0,8,13,0,4,1,1,0.76,0.7121,0.58,0,63,142,205
17088,2012-12-19,4,1,12,18,0,3,1,1,0.38,0.3939,0.5,0.3582,23,546,569
11044,2012-04-10,2,1,4,7,0,2,1,1,0.34,0.3485,0.71,0.1045,16,368,384
4607,2011-07-15,3,0,7,20,0,5,1,1,0.7,0.6515,0.51,0.2239,92,251,343
12810,2012-06-22,3,1,6,22,0,5,1,1,0.68,0.6364,0.69,0.1343,42,155,197
15065,2012-09-24,4,1,9,21,0,1,1,1,0.5,0.4848,0.51,0.1343,26,230,256
13755,2012-08-01,3,1,8,7,0,3,1,2,0.64,0.5758,0.83,0.1343,19,468,487
9667,2012-02-12,1,1,2,17,0,0,0,1,0.18,0.1515,0.37,0.4179,4,83,87
16599,2012-11-29,4,1,11,9,0,4,1,1,0.24,0.2879,0.6,0,13,286,299
9190,2012-01-23,1,1,1,19,0,1,1,2,0.26,0.2576,0.93,0.1642,9,211,220
2031,2011-03-30,2,0,3,11,0,3,1,2,0.34,0.3182,0.46,0.2537,26,64,90
14709,2012-09-10,3,1,9,1,0,1,1,1,0.54,0.5152,0.6,0.194,7,11,18
40,2011-01-02,1,0,1,16,0,0,0,3,0.34,0.3333,0.71,0.1642,9,67,76
15900,2012-10-31,4,1,10,4,0,3,1,2,0.3,0.2879,0.87,0.194,0,5,5
9754,2012-02-16,1,1,2,8,0,4,1,2,0.3,0.3182,0.7,0.0896,9,489,498
5749,2011-09-01,3,0,9,23,0,4,1,1,0.64,0.6061,0.65,0.2537,15,111,126
3509,2011-05-31,2,0,5,2,0,2,1,2,0.66,0.5909,0.94,0.1343,5,7,12
11732,2012-05-09,2,1,5,0,0,3,1,2,0.58,0.5455,0.83,0.194,8,27,35
11809,2012-05-12,2,1,5,5,0,6,0,1,0.42,0.4242,0.67,0.1343,5,8,13
2981,2011-05-09,2,0,5,2,0,1,1,1,0.44,0.4394,0.94,0,6,2,8
3438,2011-05-28,2,0,5,3,0,6,0,1,0.56,0.5303,0.88,0.2239,2,13,15
16738,2012-12-05,4,1,12,4,0,3,1,1,0.5,0.4848,0.63,0.4478,1,9,10
10155,2012-03-04,1,1,3,4,0,0,0,2,0.34,0.3333,0.46,0.194,3,11,14
7192,2011-11-01,4,0,11,6,0,2,1,1,0.32,0.3182,0.81,0.194,3,90,93
6111,2011-09-17,3,0,9,4,0,6,0,1,0.46,0.4545,0.72,0.1343,1,4,5
3545,2011-06-01,2,0,6,14,0,3,1,1,0.9,0.8182,0.37,0.2537,40,105,145
2868,2011-05-04,2,0,5,9,0,3,1,3,0.34,0.303,0.93,0.3582,5,35,40
4443,2011-07-09,3,0,7,0,0,6,0,2,0.66,0.6061,0.83,0.1343,31,90,121
9579,2012-02-09,1,1,2,1,0,4,1,2,0.24,0.2424,0.87,0.1343,2,10,12
10520,2012-03-19,1,1,3,10,0,1,1,1,0.52,0.5,0.72,0.1343,56,128,184
12007,2012-05-20,2,1,5,11,0,0,0,1,0.66,0.6212,0.36,0.3284,258,323,581
13792,2012-08-02,3,1,8,20,0,4,1,1,0.78,0.7576,0.66,0,51,376,427
10216,2012-03-06,1,1,3,17,0,2,1,1,0.36,0.3333,0.34,0.2836,21,425,446
5884,2011-09-07,3,0,9,15,0,3,1,3,0.62,0.5455,0.94,0.1045,3,55,58
1879,2011-03-24,2,0,3,1,0,4,1,2,0.3,0.2879,1,0.2239,0,3,3
5372,2011-08-16,3,0,8,17,0,2,1,1,0.76,0.6818,0.45,0.3284,75,525,600
11798,2012-05-11,2,1,5,18,0,5,1,1,0.64,0.6061,0.23,0.2836,78,518,596
8385,2011-12-21,1,0,12,0,0,3,1,2,0.34,0.3333,0.71,0.1343,7,18,25
8806,2012-01-07,1,1,1,17,0,6,0,2,0.54,0.5152,0.43,0.1343,87,235,322
16455,2012-11-23,4,1,11,8,0,5,1,1,0.24,0.2576,0.87,0.0896,11,83,94
10544,2012-03-20,1,1,3,10,0,2,1,1,0.54,0.5152,0.88,0.194,44,119,163
15704,2012-10-21,4,1,10,12,0,0,0,1,0.54,0.5152,0.39,0.3284,236,439,675
13223,2012-07-10,3,1,7,3,0,2,1,1,0.68,0.6364,0.79,0,0,3,3
2730,2011-04-28,2,0,4,15,0,4,1,1,0.66,0.6212,0.69,0.3284,46,117,163
14023,2012-08-12,3,1,8,11,0,0,0,1,0.74,0.6667,0.42,0.1642,167,282,449
8732,2012-01-04,1,1,1,15,0,3,1,2,0.18,0.1515,0.37,0.3284,9,81,90
16068,2012-11-07,4,1,11,4,0,3,1,2,0.28,0.2576,0.52,0.2985,0,9,9
11735,2012-05-09,2,1,5,3,0,3,1,3,0.56,0.5303,0.88,0.1642,0,2,2
6126,2011-09-17,3,0,9,19,0,6,0,1,0.52,0.5,0.68,0.1343,70,186,256
11937,2012-05-17,2,1,5,13,0,4,1,1,0.62,0.6212,0.41,0.194,86,241,327
3077,2011-05-13,2,0,5,2,0,5,1,2,0.5,0.4848,0.88,0.1343,3,8,11
12484,2012-06-09,2,1,6,8,0,6,0,1,0.62,0.6061,0.61,0.1045,42,202,244
8936,2012-01-13,1,1,1,4,0,5,1,3,0.32,0.2879,0.7,0.4925,1,2,3
9393,2012-02-01,1,1,2,6,0,3,1,3,0.4,0.4091,0.54,0.1642,0,67,67
5298,2011-08-13,3,0,8,15,0,6,0,3,0.68,0.6364,0.79,0.3582,150,208,358
2728,2011-04-28,2,0,4,13,0,4,1,2,0.62,0.5758,0.83,0.2985,18,103,121
14139,2012-08-17,3,1,8,7,0,5,1,1,0.64,0.2424,0.73,0.1045,11,368,379
3837,2011-06-13,2,0,6,18,0,1,1,1,0.7,0.6364,0.37,0.3582,76,510,586
37,2011-01-02,1,0,1,13,0,0,0,2,0.36,0.3485,0.66,0.1343,11,64,75
8878,2012-01-10,1,1,1,18,0,2,1,1,0.4,0.4091,0.4,0.1045,13,372,385
4188,2011-06-28,3,0,6,9,0,2,1,1,0.74,0.697,0.7,0,38,208,246
676,2011-01-31,1,0,1,11,0,1,1,2,0.16,0.1515,0.59,0.194,2,46,48
15871,2012-10-28,4,1,10,11,0,0,0,2,0.5,0.4848,0.51,0.3881,110,352,462
1556,2011-03-10,1,0,3,6,0,4,1,3,0.36,0.3333,0,0.3284,0,12,12
9653,2012-02-12,1,1,2,3,0,0,0,2,0.1,0.0455,0.46,0.6866,0,14,14
3980,2011-06-19,2,0,6,17,0,0,0,1,0.74,0.6667,0.51,0,159,238,397
10437,2012-03-15,1,1,3,23,0,4,1,1,0.48,0.4697,0.72,0.194,12,85,97
3709,2011-06-08,2,0,6,10,0,3,1,1,0.82,0.7424,0.43,0.2239,27,63,90
8283,2011-12-16,4,0,12,18,0,5,1,2,0.32,0.303,0.45,0.2537,10,285,295
7077,2011-10-27,4,0,10,11,0,4,1,3,0.5,0.4848,0.88,0.1343,8,44,52
14046,2012-08-13,3,1,8,10,0,1,1,2,0.76,0.6818,0.4,0,88,111,199
6067,2011-09-15,3,0,9,8,0,4,1,1,0.64,0.6061,0.73,0.1343,27,364,391
5385,2011-08-17,3,0,8,6,0,3,1,1,0.62,0.5909,0.78,0,4,101,105
14604,2012-09-05,3,1,9,16,0,3,1,1,0.76,0.7273,0.7,0.2537,86,344,430
3821,2011-06-13,2,0,6,2,0,1,1,1,0.62,0.5909,0.73,0.2836,2,8,10
11794,2012-05-11,2,1,5,14,0,5,1,1,0.62,0.6061,0.23,0.2239,116,218,334
17107,2012-12-20,4,1,12,13,0,4,1,2,0.36,0.3485,0.57,0.194,46,171,217
10188,2012-03-05,1,1,3,13,0,1,1,2,0.26,0.2576,0.55,0.2985,11,109,120
11853,2012-05-14,2,1,5,1,0,1,1,2,0.6,0.6061,0.6,0.2836,5,6,11
1747,2011-03-18,1,0,3,11,0,5,1,1,0.54,0.5152,0.52,0.2836,55,104,159
6346,2011-09-26,4,0,9,23,0,1,1,1,0.62,0.5455,0.94,0.1343,11,64,75
9444,2012-02-03,1,1,2,9,0,5,1,1,0.24,0.2273,0.65,0.194,18,252,270
6622,2011-10-08,4,0,10,11,0,6,0,1,0.58,0.5455,0.56,0,176,221,397
7019,2011-10-25,4,0,10,1,0,2,1,1,0.44,0.4394,0.77,0.1343,5,6,11
1053,2011-02-16,1,0,2,14,0,3,1,1,0.46,0.4545,0.28,0.4179,17,65,82
4039,2011-06-22,3,0,6,4,0,3,1,1,0.64,0.5758,0.83,0,3,8,11
3406,2011-05-26,2,0,5,19,0,4,1,1,0.78,0.697,0.46,0.3284,67,311,378
3706,2011-06-08,2,0,6,7,0,3,1,1,0.66,0.6212,0.74,0.1045,24,329,353
17100,2012-12-20,4,1,12,6,0,4,1,2,0.3,0.3333,0.65,0,4,114,118
3956,2011-06-18,2,0,6,17,0,6,0,2,0.76,0.6818,0.48,0.1642,210,239,449
15995,2012-11-04,4,1,11,3,0,0,0,1,0.28,0.2879,0.61,0.1045,1,10,11
3376,2011-05-25,2,0,5,13,0,3,1,1,0.74,0.6818,0.55,0.1343,39,163,202
3429,2011-05-27,2,0,5,18,0,5,1,2,0.72,0.6818,0.62,0.2985,89,310,399
8376,2011-12-20,4,0,12,15,0,2,1,2,0.44,0.4394,0.54,0,15,139,154
2508,2011-04-19,2,0,4,9,0,2,1,3,0.52,0.5,0.63,0.0896,23,139,162
11712,2012-05-08,2,1,5,4,0,2,1,2,0.52,0.5,0.68,0.3284,0,5,5
4682,2011-07-18,3,0,7,23,0,1,1,1,0.74,0.697,0.66,0.1642,32,59,91
15011,2012-09-22,3,1,9,15,0,6,0,1,0.74,0.6667,0.48,0.3881,307,443,750
211,2011-01-10,1,0,1,1,0,1,1,1,0.12,0.1212,0.5,0.2836,1,0,1
16764,2012-12-06,4,1,12,6,0,4,1,1,0.22,0.2121,0.55,0.2985,2,122,124
10505,2012-03-18,1,1,3,19,0,0,0,1,0.56,0.5303,0.64,0.1642,118,234,352
4748,2011-07-21,3,0,7,17,0,4,1,1,0.92,0.9091,0.45,0.2985,40,374,414
16915,2012-12-12,4,1,12,13,0,3,1,2,0.34,0.3636,0.42,0,18,220,238
12824,2012-06-23,3,1,6,12,0,6,0,1,0.8,0.7273,0.43,0.194,203,399,602
10865,2012-04-02,2,1,4,20,0,1,1,1,0.46,0.4545,0.31,0.1642,48,281,329
1671,2011-03-15,1,0,3,5,0,2,1,1,0.24,0.2273,0.75,0.194,0,11,11
2321,2011-04-11,2,0,4,14,0,1,1,2,0.72,0.6667,0.54,0.3582,60,85,145
3496,2011-05-30,2,0,5,13,1,1,0,1,0.86,0.7879,0.44,0.0896,133,217,350
10199,2012-03-06,1,1,3,0,0,2,1,1,0.22,0.2121,0.37,0.2985,0,8,8
13989,2012-08-11,3,1,8,1,0,6,0,1,0.66,0.6212,0.74,0.2239,32,84,116
13419,2012-07-18,3,1,7,7,0,3,1,1,0.74,0.697,0.66,0.1642,23,472,495
13143,2012-07-06,3,1,7,19,0,5,1,1,0.88,0.7879,0.35,0.2239,112,306,418
6678,2011-10-10,4,0,10,19,1,1,0,2,0.58,0.5455,0.78,0.0896,69,267,336
8050,2011-12-07,4,0,12,1,0,3,1,2,0.46,0.4545,1,0.2537,4,9,13
14199,2012-08-19,3,1,8,19,0,0,0,2,0.64,0.6061,0.73,0.1343,72,269,341
12511,2012-06-10,2,1,6,11,0,0,0,1,0.76,0.6818,0.45,0.0896,184,315,499
485,2011-01-22,1,0,1,6,0,6,0,2,0.02,0.0303,0.44,0.2239,0,2,2
15162,2012-09-28,4,1,9,22,0,5,1,2,0.58,0.5455,0.53,0.2239,30,190,220
10027,2012-02-27,1,1,2,19,0,1,1,1,0.5,0.4848,0.29,0.3881,16,318,334
13537,2012-07-23,3,1,7,5,0,1,1,2,0.66,0.5909,0.94,0.1343,3,48,51
5438,2011-08-19,3,0,8,11,0,5,1,2,0.72,0.6818,0.66,0.0896,45,120,165
7873,2011-11-29,4,0,11,16,0,2,1,3,0.4,0.4091,0.87,0.2239,5,146,151
6873,2011-10-18,4,0,10,22,0,2,1,2,0.52,0.5,0.77,0.1642,22,115,137
16752,2012-12-05,4,1,12,18,0,3,1,1,0.42,0.4242,0.35,0.4478,29,580,609
2641,2011-04-24,2,0,4,22,0,0,0,3,0.54,0.5152,1,0.1642,5,40,45
1251,2011-02-25,1,0,2,6,0,5,1,3,0.34,0.3485,0.93,0.0896,0,11,11
8693,2012-01-03,1,1,1,0,0,2,1,1,0.2,0.197,0.51,0.2537,0,13,13
5118,2011-08-06,3,0,8,3,0,6,0,2,0.66,0.6061,0.78,0.1642,14,28,42
16434,2012-11-22,4,1,11,11,1,4,0,1,0.42,0.4242,0.41,0.0896,89,143,232
7208,2011-11-01,4,0,11,22,0,2,1,1,0.36,0.3788,0.81,0,5,91,96
6073,2011-09-15,3,0,9,14,0,4,1,2,0.64,0.6061,0.65,0.4179,36,134,170
9729,2012-02-15,1,1,2,7,0,3,1,2,0.3,0.2879,0.65,0.194,3,318,321
4862,2011-07-26,3,0,7,11,0,2,1,1,0.82,0.7121,0.3,0,49,102,151
2304,2011-04-10,2,0,4,20,0,0,0,1,0.46,0.4545,0.82,0.1343,21,71,92
2653,2011-04-25,2,0,4,10,0,1,1,1,0.64,0.6061,0.73,0.2239,61,64,125
8933,2012-01-13,1,1,1,1,0,5,1,2,0.38,0.3939,0.76,0.2985,0,12,12
12281,2012-05-31,2,1,5,21,0,4,1,1,0.68,0.6364,0.44,0.1642,41,318,359
4245,2011-06-30,3,0,6,18,0,4,1,1,0.76,0.6667,0.29,0.2537,114,472,586
719,2011-02-02,1,0,2,7,0,3,1,3,0.22,0.2121,0.93,0.2239,1,48,49
15311,2012-10-05,4,1,10,3,0,5,1,1,0.54,0.5152,0.73,0,5,11,16
12795,2012-06-22,3,1,6,7,0,5,1,1,0.74,0.6818,0.58,0.1642,19,340,359
7601,2011-11-18,4,0,11,7,0,5,1,1,0.22,0.2273,0.44,0.1642,5,211,216
8871,2012-01-10,1,1,1,11,0,2,1,1,0.42,0.4242,0.38,0.2985,8,93,101
16166,2012-11-11,4,1,11,7,0,0,0,1,0.3,0.3182,0.89,0.0896,12,56,68
8710,2012-01-03,1,1,1,17,0,2,1,1,0.14,0.1061,0.26,0.4627,4,241,245
10215,2012-03-06,1,1,3,16,0,2,1,1,0.36,0.3333,0.32,0.2836,22,228,250
739,2011-02-03,1,0,2,3,0,4,1,1,0.18,0.1667,0.43,0.2537,0,1,1
8765,2012-01-06,1,1,1,0,0,5,1,1,0.22,0.2576,0.75,0.0896,1,24,25
6129,2011-09-17,3,0,9,22,0,6,0,1,0.5,0.4848,0.72,0.2239,31,112,143
13453,2012-07-19,3,1,7,17,0,4,1,1,0.86,0.7879,0.41,0,93,678,771
5577,2011-08-25,3,0,8,6,0,4,1,1,0.66,0.6061,0.83,0.3284,1,101,102
9856,2012-02-20,1,1,2,15,1,1,0,1,0.34,0.3182,0.34,0.2239,54,235,289
1974,2011-03-28,2,0,3,1,0,1,1,1,0.22,0.2273,0.44,0.194,2,4,6
7774,2011-11-25,4,0,11,12,0,5,1,1,0.46,0.4545,0.51,0.1045,126,146,272
17120,2012-12-21,1,1,12,2,0,5,1,3,0.46,0.4545,0.94,0.3881,0,3,3
5437,2011-08-19,3,0,8,10,0,5,1,1,0.72,0.6818,0.62,0.0896,57,108,165
7429,2011-11-11,4,0,11,3,1,5,0,1,0.3,0.2879,0.61,0.194,0,6,6
9374,2012-01-31,1,1,1,11,0,2,1,1,0.4,0.4091,0.37,0.2836,14,125,139
2771,2011-04-30,2,0,4,8,0,6,0,1,0.4,0.4091,0.54,0.2985,21,70,91
12079,2012-05-23,2,1,5,11,0,3,1,1,0.64,0.6061,0.73,0,46,151,197
2330,2011-04-11,2,0,4,23,0,1,1,3,0.58,0.5455,0.6,0,16,38,54
15469,2012-10-11,4,1,10,17,0,4,1,1,0.5,0.4848,0.39,0.2836,90,737,827
9671,2012-02-12,1,1,2,21,0,0,0,1,0.14,0.1212,0.43,0.2985,0,36,36
5805,2011-09-04,3,0,9,7,0,0,0,1,0.66,0.6061,0.78,0.194,10,20,30
1276,2011-02-26,1,0,2,7,0,6,0,1,0.22,0.2576,0.6,0.0896,1,21,22
6007,2011-09-12,3,0,9,20,0,1,1,1,0.66,0.6212,0.65,0,41,258,299
16169,2012-11-11,4,1,11,10,0,0,0,1,0.4,0.4091,0.69,0.1045,133,272,405
4820,2011-07-24,3,0,7,17,0,0,0,1,0.9,0.8333,0.39,0.1045,75,174,249
10364,2012-03-12,1,1,3,22,0,1,1,2,0.56,0.5303,0.56,0.2239,17,116,133
10480,2012-03-17,1,1,3,18,0,6,0,1,0.62,0.6212,0.57,0.2985,221,339,560
6030,2011-09-13,3,0,9,19,0,2,1,1,0.68,0.6364,0.69,0.1642,55,341,396
2265,2011-04-09,2,0,4,5,0,6,0,2,0.3,0.2879,0.93,0.2239,0,5,5
319,2011-01-14,1,0,1,18,0,5,1,1,0.2,0.2576,0.47,0,5,134,139
1537,2011-03-09,1,0,3,9,0,3,1,2,0.26,0.2424,0.87,0.2537,5,136,141
7597,2011-11-18,4,0,11,3,0,5,1,1,0.24,0.2121,0.41,0.2836,0,2,2
9193,2012-01-23,1,1,1,22,0,1,1,2,0.26,0.2424,1,0.2836,4,64,68
11555,2012-05-01,2,1,5,15,0,2,1,2,0.74,0.6667,0.45,0.2239,48,186,234
1370,2011-03-02,1,0,3,8,0,3,1,1,0.24,0.2121,0.65,0.2836,13,243,256
741,2011-02-03,1,0,2,6,0,4,1,1,0.16,0.1364,0.43,0.3582,0,39,39
6072,2011-09-15,3,0,9,13,0,4,1,2,0.64,0.6061,0.65,0.2836,38,151,189
1189,2011-02-22,1,0,2,13,0,2,1,1,0.22,0.2273,0.55,0.1642,3,52,55
2066,2011-03-31,2,0,3,22,0,4,1,3,0.28,0.2727,0.93,0.2537,7,44,51
11601,2012-05-03,2,1,5,13,0,4,1,1,0.6,0.5909,0.69,0.194,48,217,265
12683,2012-06-17,2,1,6,15,0,0,0,1,0.66,0.6212,0.5,0.2239,203,260,463
2528,2011-04-20,2,0,4,5,0,3,1,1,0.4,0.4091,0.94,0.194,1,14,15
14994,2012-09-21,3,1,9,22,0,5,1,1,0.6,0.5909,0.73,0.194,47,248,295
3488,2011-05-30,2,0,5,5,1,1,0,2,0.62,0.5455,0.94,0.1045,1,6,7
16595,2012-11-29,4,1,11,5,0,4,1,1,0.2,0.2576,0.69,0,0,42,42
13640,2012-07-27,3,1,7,12,0,5,1,1,0.84,0.7879,0.49,0.3582,92,207,299
7714,2011-11-23,4,0,11,0,0,3,1,2,0.48,0.4697,0.94,0.2537,2,14,16
16478,2012-11-24,4,1,11,7,0,6,0,2,0.26,0.2273,0.41,0.3284,4,21,25
14417,2012-08-28,3,1,8,21,0,2,1,1,0.72,0.6667,0.48,0.0896,38,276,314
8867,2012-01-10,1,1,1,7,0,2,1,2,0.18,0.197,0.93,0.1642,3,219,222
12496,2012-06-09,2,1,6,20,0,6,0,1,0.76,0.6667,0.35,0.2239,125,238,363
7181,2011-10-31,4,0,10,19,0,1,1,1,0.4,0.4091,0.66,0.0896,12,226,238
17136,2012-12-21,1,1,12,18,0,5,1,2,0.26,0.2273,0.56,0.2985,7,236,243
14143,2012-08-17,3,1,8,11,0,5,1,1,0.76,0.2424,0.52,0.2836,98,205,303
15894,2012-10-30,4,1,10,22,0,2,1,1,0.3,0.303,0.81,0.1343,2,64,66
17060,2012-12-18,4,1,12,14,0,2,1,1,0.46,0.4545,0.47,0.4478,56,191,247
11722,2012-05-08,2,1,5,14,0,2,1,3,0.62,0.6061,0.69,0.3284,8,63,71
8014,2011-12-05,4,0,12,13,0,1,1,2,0.42,0.4242,0.71,0.0896,18,153,171
9098,2012-01-19,1,1,1,23,0,4,1,1,0.26,0.2273,0.48,0.3284,1,55,56
3489,2011-05-30,2,0,5,6,1,1,0,2,0.64,0.5606,0.94,0.0896,6,10,16
1292,2011-02-26,1,0,2,23,0,6,0,1,0.28,0.2576,0.75,0.2836,5,29,34
4920,2011-07-28,3,0,7,21,0,4,1,1,0.78,0.7576,0.66,0.2836,31,165,196
16008,2012-11-04,4,1,11,16,0,0,0,1,0.4,0.4091,0.4,0.3284,119,316,435
16642,2012-12-01,4,1,12,4,0,6,0,1,0.26,0.2879,0.81,0.0896,0,5,5
5765,2011-09-02,3,0,9,15,0,5,1,2,0.7,0.6515,0.61,0.2537,69,277,346
10608,2012-03-23,2,1,3,2,0,5,1,1,0.54,0.5152,0.88,0.0896,12,20,32
12315,2012-06-02,2,1,6,7,0,6,0,1,0.52,0.5,0.72,0.1045,9,77,86
12521,2012-06-10,2,1,6,21,0,0,0,1,0.72,0.6818,0.62,0.1642,83,170,253
12522,2012-06-10,2,1,6,22,0,0,0,1,0.7,0.6515,0.65,0.1642,42,117,159
9712,2012-02-14,1,1,2,14,0,2,1,1,0.4,0.4091,0.4,0.2239,13,111,124
8857,2012-01-09,1,1,1,20,0,1,1,2,0.2,0.2273,0.86,0.0896,5,127,132
6068,2011-09-15,3,0,9,9,0,4,1,2,0.64,0.6061,0.73,0.3582,23,186,209
563,2011-01-25,1,0,1,15,0,2,1,2,0.32,0.3485,0.42,0,21,63,84
16319,2012-11-17,4,1,11,16,0,6,0,1,0.4,0.4091,0.4,0.2239,144,325,469
16029,2012-11-05,4,1,11,13,0,1,1,1,0.36,0.3333,0.4,0.2537,39,183,222
11361,2012-04-23,2,1,4,13,0,1,1,3,0.34,0.303,0.66,0.3881,9,98,107
9531,2012-02-07,1,1,2,1,0,2,1,1,0.28,0.2879,0.61,0.1343,8,6,14
3703,2011-06-08,2,0,6,4,0,3,1,1,0.62,0.5758,0.83,0,0,6,6
16459,2012-11-23,4,1,11,12,0,5,1,1,0.44,0.4394,0.38,0.2537,186,193,379
2408,2011-04-15,2,0,4,5,1,5,0,1,0.36,0.3636,0.81,0.1045,2,11,13
4378,2011-07-06,3,0,7,7,0,3,1,2,0.72,0.697,0.79,0,24,288,312
3612,2011-06-04,2,0,6,9,0,6,0,1,0.62,0.6212,0.43,0.1343,55,169,224
16350,2012-11-18,4,1,11,23,0,0,0,1,0.36,0.3485,0.66,0.2239,6,53,59
9415,2012-02-02,1,1,2,4,0,4,1,3,0.4,0.4091,0.82,0.0896,0,1,1
6003,2011-09-12,3,0,9,16,0,1,1,1,0.72,0.6667,0.48,0,60,238,298
8941,2012-01-13,1,1,1,9,0,5,1,1,0.22,0.197,0.47,0.3881,10,204,214
2911,2011-05-06,2,0,5,4,0,5,1,1,0.36,0.3636,0.71,0.1045,0,1,1
16341,2012-11-18,4,1,11,14,0,0,0,1,0.4,0.4091,0.62,0.2985,125,303,428
15984,2012-11-03,4,1,11,16,0,6,0,2,0.36,0.3333,0.46,0.3284,108,292,400
3167,2011-05-16,2,0,5,20,0,1,1,1,0.58,0.5455,0.83,0,31,167,198
6609,2011-10-07,4,0,10,22,0,5,1,1,0.5,0.4848,0.68,0,27,119,146
7856,2011-11-28,4,0,11,23,0,1,1,2,0.52,0.5,0.83,0.1343,5,41,46
12943,2012-06-28,3,1,6,11,0,4,1,1,0.8,0.697,0.31,0.194,41,170,211
9768,2012-02-16,1,1,2,22,0,4,1,2,0.32,0.3485,0.81,0,3,108,111
10354,2012-03-12,1,1,3,12,0,1,1,1,0.48,0.4697,0.39,0.2239,59,162,221
11931,2012-05-17,2,1,5,7,0,4,1,1,0.54,0.5152,0.73,0.3881,25,449,474
2219,2011-04-07,2,0,4,7,0,4,1,2,0.34,0.3333,0.76,0.1642,8,152,160
7946,2011-12-02,4,0,12,17,0,5,1,1,0.42,0.4242,0.38,0,20,391,411
1956,2011-03-27,2,0,3,7,0,0,0,3,0.16,0.1667,0.86,0.1642,0,7,7
16241,2012-11-14,4,1,11,10,0,3,1,1,0.32,0.2879,0.45,0.3582,18,153,171
10476,2012-03-17,1,1,3,14,0,6,0,1,0.62,0.6212,0.53,0.0896,352,338,690
15020,2012-09-23,4,1,9,0,0,0,0,1,0.62,0.6212,0.38,0.2537,34,146,180
14439,2012-08-29,3,1,8,19,0,3,1,1,0.7,0.6515,0.54,0.194,120,523,643
4787,2011-07-23,3,0,7,8,0,6,0,1,0.84,0.7879,0.49,0.2537,24,85,109
1400,2011-03-03,1,0,3,14,0,4,1,1,0.24,0.2576,0.21,0.1045,18,60,78
15996,2012-11-04,4,1,11,4,0,0,0,1,0.26,0.2727,0.65,0.1343,2,7,9
12325,2012-06-02,2,1,6,17,0,6,0,1,0.64,0.6212,0.36,0,248,338,586
13065,2012-07-03,3,1,7,13,0,2,1,1,0.9,0.7727,0.25,0.1343,80,203,283
12984,2012-06-30,3,1,6,4,0,6,0,2,0.62,0.5455,0.94,0,3,15,18
3069,2011-05-12,2,0,5,18,0,4,1,1,0.62,0.6061,0.69,0.2239,64,463,527
15317,2012-10-05,4,1,10,9,0,5,1,1,0.6,0.6061,0.6,0.0896,58,326,384
2235,2011-04-07,2,0,4,23,0,4,1,1,0.38,0.3939,0.76,0.2537,9,45,54
7705,2011-11-22,4,0,11,15,0,2,1,3,0.44,0.4394,0.94,0,2,32,34
15707,2012-10-21,4,1,10,15,0,0,0,1,0.56,0.5303,0.35,0.3284,240,383,623
11314,2012-04-21,2,1,4,14,0,6,0,1,0.7,0.6364,0.45,0.2836,278,331,609
5307,2011-08-14,3,0,8,0,0,0,0,3,0.66,0.6061,0.83,0.2985,19,71,90
10033,2012-02-28,1,1,2,1,0,2,1,1,0.38,0.3939,0.62,0.1642,0,6,6
4550,2011-07-13,3,0,7,11,0,3,1,1,0.84,0.7424,0.39,0.1642,55,110,165
9627,2012-02-11,1,1,2,1,0,6,0,3,0.28,0.2879,0.81,0.1343,2,43,45
17238,2012-12-26,1,1,12,2,0,3,1,2,0.26,0.2273,0.65,0.2985,0,1,1
14133,2012-08-17,3,1,8,1,0,5,1,1,0.66,0.2424,0.65,0.1045,16,38,54
6386,2011-09-28,4,0,9,15,0,3,1,1,0.7,0.6515,0.7,0.1343,35,146,181
13697,2012-07-29,3,1,7,21,0,0,0,1,0.72,0.6818,0.7,0.1343,72,199,271
3818,2011-06-12,2,0,6,23,0,0,0,1,0.64,0.5909,0.78,0.194,33,74,107
5736,2011-09-01,3,0,9,10,0,4,1,1,0.68,0.6364,0.61,0.1343,46,92,138
12417,2012-06-06,2,1,6,13,0,3,1,1,0.62,0.6212,0.41,0.0896,73,230,303
5328,2011-08-14,3,0,8,21,0,0,0,3,0.6,0.5455,0.88,0.4925,51,104,155
1435,2011-03-05,1,0,3,1,0,6,0,2,0.3,0.3182,0.81,0.1045,5,20,25
17367,2012-12-31,1,1,12,11,0,1,1,2,0.22,0.2273,0.6,0.194,43,114,157
12408,2012-06-06,2,1,6,4,0,3,1,1,0.46,0.4545,0.82,0.1045,3,7,10
14077,2012-08-14,3,1,8,17,0,2,1,3,0.76,0.7273,0.66,0.2537,78,734,812
8397,2011-12-21,1,0,12,12,0,3,1,3,0.46,0.4545,0.88,0.3881,3,58,61
342,2011-01-15,1,0,1,17,0,6,0,2,0.32,0.303,0.36,0.2836,29,54,83
16666,2012-12-02,4,1,12,4,0,0,0,2,0.26,0.303,0.93,0,1,6,7
15093,2012-09-26,4,1,9,1,0,3,1,1,0.58,0.5455,0.64,0.3284,10,19,29
9718,2012-02-14,1,1,2,20,0,2,1,2,0.38,0.3939,0.46,0.1343,6,178,184
16704,2012-12-03,4,1,12,18,0,1,1,1,0.5,0.4848,0.68,0.0896,26,666,692
10647,2012-03-24,2,1,3,17,0,6,0,3,0.5,0.4848,0.88,0.2239,47,68,115
5474,2011-08-20,3,0,8,23,0,6,0,1,0.7,0.6667,0.74,0.1343,59,98,157
3379,2011-05-25,2,0,5,16,0,3,1,1,0.74,0.6667,0.51,0.2836,61,238,299
5181,2011-08-08,3,0,8,18,0,1,1,1,0.84,0.7576,0.41,0.1343,64,465,529
2778,2011-04-30,2,0,4,15,0,6,0,1,0.56,0.5303,0.37,0.1343,217,282,499
12056,2012-05-22,2,1,5,12,0,2,1,2,0.62,0.5909,0.78,0.1045,76,178,254
429,2011-01-19,1,0,1,21,0,3,1,1,0.32,0.2879,0.49,0.4179,4,55,59
7690,2011-11-22,4,0,11,0,0,2,1,3,0.38,0.3939,0.94,0.1045,0,14,14
9658,2012-02-12,1,1,2,8,0,0,0,1,0.08,0.0758,0.53,0.2537,0,26,26
15038,2012-09-23,4,1,9,18,0,0,0,1,0.54,0.5152,0.37,0.194,135,405,540
9811,2012-02-18,1,1,2,17,0,6,0,1,0.48,0.4697,0.36,0.2836,142,222,364
7977,2011-12-04,4,0,12,0,0,0,0,1,0.3,0.3182,0.7,0.1045,19,64,83
17134,2012-12-21,1,1,12,16,0,5,1,2,0.3,0.2727,0.39,0.3284,28,253,281
3479,2011-05-29,2,0,5,20,0,0,0,1,0.7,0.6667,0.79,0.194,91,128,219
4505,2011-07-11,3,0,7,14,0,1,1,1,0.86,0.8333,0.53,0.2836,40,94,134
6464,2011-10-01,4,0,10,21,0,6,0,3,0.36,0.3636,0.87,0.1045,3,53,56
9673,2012-02-12,1,1,2,23,0,0,0,1,0.14,0.1364,0.43,0.2239,0,23,23
15448,2012-10-10,4,1,10,20,0,3,1,1,0.52,0.5,0.48,0.4925,21,371,392
6591,2011-10-07,4,0,10,4,0,5,1,1,0.4,0.4091,0.87,0.1045,0,5,5
66,2011-01-03,1,0,1,20,0,1,1,1,0.2,0.2273,0.47,0.1045,3,49,52
15506,2012-10-13,4,1,10,6,0,6,0,1,0.3,0.2879,0.61,0.194,5,23,28
7279,2011-11-04,4,0,11,21,0,5,1,1,0.34,0.3182,0.46,0.2537,8,115,123
11347,2012-04-22,2,1,4,23,0,0,0,3,0.36,0.3182,0.81,0.4627,0,17,17
6352,2011-09-27,4,0,9,5,0,2,1,3,0.62,0.5455,0.94,0.0896,0,24,24
5046,2011-08-03,3,0,8,3,0,3,1,2,0.76,0.697,0.55,0.0896,0,4,4
14757,2012-09-12,3,1,9,1,0,3,1,1,0.52,0.5,0.72,0.1045,2,19,21
16173,2012-11-11,4,1,11,14,0,0,0,1,0.6,0.6212,0.33,0.1642,292,362,654
2866,2011-05-04,2,0,5,7,0,3,1,3,0.34,0.303,0.93,0.3582,6,46,52
5365,2011-08-16,3,0,8,10,0,2,1,1,0.7,0.6515,0.58,0.3881,28,83,111
9606,2012-02-10,1,1,2,4,0,5,1,1,0.26,0.2879,0.56,0.0896,0,2,2
6387,2011-09-28,4,0,9,16,0,3,1,1,0.7,0.6515,0.7,0.194,39,241,280
6202,2011-09-20,3,0,9,23,0,2,1,1,0.56,0.5303,0.94,0,11,70,81
5114,2011-08-05,3,0,8,23,0,5,1,1,0.68,0.6364,0.69,0.2239,37,102,139
12777,2012-06-21,3,1,6,13,0,4,1,1,0.9,0.8182,0.35,0,31,141,172
15659,2012-10-19,4,1,10,15,0,5,1,1,0.64,0.6061,0.65,0.2985,93,302,395
8958,2012-01-14,1,1,1,2,0,6,0,1,0.16,0.1667,0.47,0.1642,6,32,38
1692,2011-03-16,1,0,3,3,0,3,1,2,0.28,0.2727,1,0.2239,1,2,3
14790,2012-09-13,3,1,9,10,0,4,1,1,0.64,0.6212,0.61,0.0896,63,149,212
14049,2012-08-13,3,1,8,13,0,1,1,1,0.78,0.697,0.4,0.1642,79,175,254
1422,2011-03-04,1,0,3,12,0,5,1,1,0.32,0.303,0.43,0.1642,10,87,97
8825,2012-01-08,1,1,1,12,0,0,0,1,0.38,0.3939,0.43,0.2239,78,273,351
6261,2011-09-23,4,0,9,10,0,5,1,3,0.62,0.5152,1,0.1045,7,28,35
16789,2012-12-07,4,1,12,7,0,5,1,3,0.28,0.2727,0.81,0.1642,3,212,215
820,2011-02-06,1,0,2,14,0,0,0,1,0.34,0.3485,0.46,0.0896,47,114,161
15324,2012-10-05,4,1,10,16,0,5,1,1,0.72,0.6515,0.37,0,153,481,634
7591,2011-11-17,4,0,11,21,0,4,1,1,0.3,0.2879,0.42,0.2537,3,113,116
5750,2011-09-02,3,0,9,0,0,5,1,1,0.64,0.6061,0.65,0.194,6,58,64
1844,2011-03-22,2,0,3,13,0,2,1,1,0.5,0.4848,0.45,0.2239,21,85,106
13856,2012-08-05,3,1,8,12,0,0,0,1,0.86,0.803,0.47,0.5224,161,330,491
9724,2012-02-15,1,1,2,2,0,3,1,1,0.3,0.3333,0.61,0,0,4,4
10982,2012-04-07,2,1,4,17,0,6,0,1,0.54,0.5152,0.19,0.4179,299,268,567
1286,2011-02-26,1,0,2,17,0,6,0,1,0.36,0.3485,0.43,0.2239,53,130,183
16760,2012-12-06,4,1,12,2,0,4,1,1,0.24,0.2121,0.52,0.2836,0,9,9
4304,2011-07-03,3,0,7,5,0,0,0,3,0.62,0.5758,0.83,0.194,0,1,1
6367,2011-09-27,4,0,9,20,0,2,1,1,0.62,0.5909,0.78,0,17,221,238
1942,2011-03-26,2,0,3,16,0,6,0,1,0.34,0.3333,0.23,0.194,118,130,248
16398,2012-11-20,4,1,11,23,0,2,1,1,0.32,0.3333,0.81,0.1045,1,82,83
1092,2011-02-18,1,0,2,5,0,5,1,2,0.46,0.4545,0.67,0.1045,1,6,7
6892,2011-10-19,4,0,10,18,0,3,1,3,0.56,0.5303,1,0.1642,8,132,140
74,2011-01-04,1,0,1,5,0,2,1,1,0.12,0.1515,0.68,0.1045,0,4,4
3398,2011-05-26,2,0,5,11,0,4,1,1,0.74,0.697,0.66,0.2239,36,124,160
14068,2012-08-14,3,1,8,8,0,2,1,2,0.66,0.5909,0.89,0.0896,27,591,618
8605,2011-12-30,1,0,12,7,0,5,1,1,0.24,0.2576,0.75,0.0896,3,92,95
4193,2011-06-28,3,0,6,14,0,2,1,1,0.86,0.7879,0.44,0.2239,43,117,160
14876,2012-09-17,3,1,9,0,0,1,1,1,0.54,0.5152,0.68,0.1642,14,31,45
14489,2012-08-31,3,1,8,21,0,5,1,1,0.76,0.7121,0.58,0.194,71,232,303
9150,2012-01-22,1,1,1,3,0,0,0,2,0.18,0.1667,0.69,0.2836,1,20,21
5065,2011-08-03,3,0,8,22,0,3,1,3,0.68,0.6364,0.89,0.1045,11,66,77
4388,2011-07-06,3,0,7,17,0,3,1,1,0.78,0.7424,0.59,0.2239,79,517,596
17127,2012-12-21,1,1,12,9,0,5,1,2,0.32,0.2727,0.45,0.5522,2,265,267
16540,2012-11-26,4,1,11,21,0,1,1,1,0.34,0.3636,0.49,0,9,172,181
12561,2012-06-12,2,1,6,13,0,2,1,3,0.66,0.6061,0.83,0.194,11,48,59
10270,2012-03-08,1,1,3,23,0,4,1,2,0.56,0.5303,0.49,0.4478,6,88,94
14107,2012-08-15,3,1,8,23,0,3,1,1,0.68,0.6364,0.65,0.1045,18,120,138
13140,2012-07-06,3,1,7,16,0,5,1,1,0.92,0.8182,0.29,0.1045,69,300,369
7883,2011-11-30,4,0,11,2,0,3,1,1,0.32,0.3182,0.7,0.1642,0,5,5
11115,2012-04-13,2,1,4,7,0,5,1,1,0.34,0.3182,0.61,0.2239,13,283,296
3964,2011-06-19,2,0,6,1,0,0,0,2,0.7,0.6515,0.65,0.0896,17,59,76
7874,2011-11-29,4,0,11,17,0,2,1,2,0.4,0.4091,0.87,0.2985,8,346,354
6930,2011-10-21,4,0,10,8,0,5,1,1,0.4,0.4091,0.62,0.194,16,386,402
7287,2011-11-05,4,0,11,5,0,6,0,1,0.26,0.2273,0.6,0.3284,0,2,2
10485,2012-03-17,1,1,3,23,0,6,0,1,0.5,0.4848,0.77,0.1642,34,151,185
1111,2011-02-19,1,0,2,0,0,6,0,1,0.48,0.4697,0.12,0.4925,6,23,29
4415,2011-07-07,3,0,7,20,0,4,1,1,0.76,0.7121,0.58,0.3582,61,224,285
6504,2011-10-03,4,0,10,13,0,1,1,3,0.42,0.4242,0.67,0.1642,16,102,118
13650,2012-07-27,3,1,7,22,0,5,1,1,0.78,0.7424,0.59,0.1343,48,151,199
16581,2012-11-28,4,1,11,14,0,3,1,1,0.36,0.3333,0.4,0.2985,15,161,176
10857,2012-04-02,2,1,4,12,0,1,1,1,0.44,0.4394,0.44,0.4478,100,181,281
1826,2011-03-21,2,0,3,19,0,1,1,1,0.58,0.5455,0.6,0.4179,22,199,221
3147,2011-05-16,2,0,5,0,0,1,1,1,0.52,0.5,0.94,0.1045,17,21,38
7794,2011-11-26,4,0,11,8,0,6,0,1,0.32,0.3333,0.76,0.0896,10,50,60
14854,2012-09-16,3,1,9,2,0,0,0,1,0.52,0.5,0.63,0,27,62,89
13693,2012-07-29,3,1,7,17,0,0,0,1,0.82,0.7424,0.41,0.1642,164,367,531
145,2011-01-07,1,0,1,7,0,5,1,1,0.2,0.2121,0.69,0.1343,8,76,84
11153,2012-04-14,2,1,4,21,0,6,0,2,0.56,0.5303,0.43,0.1343,53,167,220
11265,2012-04-19,2,1,4,13,0,4,1,1,0.56,0.5303,0.46,0,52,186,238
3515,2011-05-31,2,0,5,8,0,2,1,1,0.78,0.7424,0.59,0.1343,34,372,406
11179,2012-04-15,2,1,4,23,0,0,0,1,0.66,0.6212,0.5,0.3881,25,65,90
17243,2012-12-26,1,1,12,7,0,3,1,3,0.2,0.1818,0.86,0.3284,0,26,26
5849,2011-09-06,3,0,9,4,0,2,1,2,0.54,0.5152,0.94,0.2985,1,3,4
7473,2011-11-12,4,0,11,23,0,6,0,1,0.4,0.4091,0.58,0.1642,23,78,101
10748,2012-03-28,2,1,3,22,0,3,1,1,0.56,0.5303,0.64,0.1343,21,151,172
10187,2012-03-05,1,1,3,12,0,1,1,2,0.26,0.303,0.52,0,15,122,137
15994,2012-11-04,4,1,11,2,0,0,0,1,0.3,0.3333,0.65,0,6,31,37
1831,2011-03-22,2,0,3,0,0,2,1,1,0.46,0.4545,0.88,0.194,4,7,11
11055,2012-04-10,2,1,4,18,0,2,1,1,0.54,0.5152,0.22,0.4179,78,626,704
4182,2011-06-28,3,0,6,3,0,2,1,2,0.66,0.6212,0.74,0,0,2,2
14682,2012-09-08,3,1,9,22,0,6,0,2,0.58,0.5455,0.78,0.2985,18,176,194
1220,2011-02-23,1,0,2,21,0,3,1,1,0.24,0.2879,0.48,0,2,89,91
7684,2011-11-21,4,0,11,18,0,1,1,3,0.42,0.4242,0.88,0.194,8,184,192
17028,2012-12-17,4,1,12,6,0,1,1,2,0.36,0.3485,0.93,0.1343,1,107,108
10633,2012-03-24,2,1,3,3,0,6,0,1,0.54,0.5152,0.77,0.1045,10,22,32
8929,2012-01-12,1,1,1,21,0,4,1,1,0.44,0.4394,0.67,0.1343,12,162,174
6299,2011-09-25,4,0,9,0,0,0,0,2,0.6,0.5455,0.88,0,37,136,173
8510,2011-12-26,1,0,12,7,1,1,0,1,0.32,0.3182,0.45,0.194,2,17,19
16210,2012-11-13,4,1,11,3,0,2,1,3,0.36,0.3333,0.87,0.3582,2,3,5
1056,2011-02-16,1,0,2,17,0,3,1,1,0.46,0.4545,0.28,0.2836,11,244,255
15387,2012-10-08,4,1,10,7,1,1,0,2,0.34,0.3333,0.76,0.1642,3,151,154
595,2011-01-27,1,0,1,23,0,4,1,1,0.18,0.197,0.8,0.1642,0,16,16
7111,2011-10-28,4,0,10,21,0,5,1,3,0.32,0.3182,0.7,0.1642,5,69,74
16101,2012-11-08,4,1,11,14,0,4,1,1,0.44,0.4394,0.18,0.4179,33,149,182
11946,2012-05-17,2,1,5,22,0,4,1,1,0.56,0.5303,0.43,0.0896,42,209,251
5837,2011-09-05,3,0,9,15,1,1,0,2,0.68,0.6364,0.79,0.2836,111,142,253
14048,2012-08-13,3,1,8,12,0,1,1,1,0.78,0.697,0.4,0.194,96,180,276
4703,2011-07-19,3,0,7,20,0,2,1,1,0.74,0.7273,0.74,0.0896,48,229,277
13049,2012-07-02,3,1,7,21,0,1,1,1,0.76,0.6818,0.45,0.1343,17,241,258
14793,2012-09-13,3,1,9,13,0,4,1,1,0.7,0.6364,0.42,0,60,223,283
6481,2011-10-02,4,0,10,14,0,0,0,3,0.36,0.3485,0.81,0.1642,61,195,256
11392,2012-04-24,2,1,4,20,0,2,1,1,0.48,0.4697,0.21,0.3284,16,269,285
13191,2012-07-08,3,1,7,19,0,0,0,1,0.78,0.7424,0.62,0.1642,66,184,250
7808,2011-11-26,4,0,11,22,0,6,0,2,0.38,0.3939,0.76,0,14,51,65
5938,2011-09-09,3,0,9,22,0,5,1,1,0.62,0.5455,0.94,0,33,127,160
16832,2012-12-09,4,1,12,2,0,0,0,2,0.4,0.4091,0.87,0.1045,8,70,78
5383,2011-08-17,3,0,8,4,0,3,1,1,0.64,0.6061,0.73,0,0,5,5
17286,2012-12-28,1,1,12,2,0,5,1,1,0.24,0.2273,0.6,0.2537,0,5,5
7467,2011-11-12,4,0,11,17,0,6,0,1,0.5,0.4848,0.34,0.2537,92,193,285
13492,2012-07-21,3,1,7,8,0,6,0,2,0.58,0.5455,0.83,0.2537,18,94,112
4975,2011-07-31,3,0,7,4,0,0,0,1,0.72,0.6818,0.7,0,6,7,13
82,2011-01-04,1,0,1,13,0,2,1,1,0.24,0.2273,0.56,0.194,18,79,97
7970,2011-12-03,4,0,12,17,0,6,0,1,0.36,0.3788,0.62,0,46,186,232
533,2011-01-24,1,0,1,8,0,1,1,1,0.04,0.1364,0.49,0,6,171,177
959,2011-02-12,1,0,2,13,0,6,0,1,0.3,0.2727,0.39,0.4179,32,103,135
473,2011-01-21,1,0,1,17,0,5,1,1,0.14,0.1212,0.28,0.3582,10,151,161
10330,2012-03-11,1,1,3,12,0,0,0,1,0.4,0.4091,0.37,0.2985,146,264,410
2291,2011-04-10,2,0,4,7,0,0,0,2,0.36,0.3636,1,0.0896,3,7,10
13054,2012-07-03,3,1,7,2,0,2,1,1,0.72,0.6667,0.58,0,2,8,10
13451,2012-07-19,3,1,7,15,0,4,1,1,0.84,0.7727,0.47,0.0896,66,226,292
15868,2012-10-28,4,1,10,8,0,0,0,2,0.5,0.4848,0.59,0.5522,55,118,173
2900,2011-05-05,2,0,5,17,0,4,1,1,0.56,0.5303,0.26,0.3881,66,467,533
3955,2011-06-18,2,0,6,16,0,6,0,2,0.76,0.697,0.52,0.2239,193,275,468
4404,2011-07-07,3,0,7,9,0,4,1,1,0.74,0.697,0.7,0.1642,25,154,179
14267,2012-08-22,3,1,8,15,0,3,1,1,0.76,0.6818,0.48,0.1343,94,222,316
6279,2011-09-24,4,0,9,4,0,6,0,1,0.56,0.5303,0.94,0.1045,1,7,8
12685,2012-06-17,2,1,6,17,0,0,0,1,0.64,0.6212,0.57,0.2239,232,361,593
5997,2011-09-12,3,0,9,10,0,1,1,1,0.68,0.6364,0.62,0.1642,40,89,129
13312,2012-07-13,3,1,7,20,0,5,1,1,0.74,0.6667,0.48,0.1343,95,294,389
8396,2011-12-21,1,0,12,11,0,3,1,2,0.48,0.4697,0.82,0.4179,3,53,56
5354,2011-08-15,3,0,8,23,0,1,1,1,0.64,0.6061,0.69,0.2239,11,77,88
11321,2012-04-21,2,1,4,21,0,6,0,3,0.5,0.4848,0.82,0.3881,20,82,102
16420,2012-11-21,4,1,11,21,0,3,1,1,0.36,0.3788,0.5,0,8,97,105
12442,2012-06-07,2,1,6,14,0,4,1,1,0.72,0.6515,0.37,0.2537,67,198,265
14697,2012-09-09,3,1,9,13,0,0,0,1,0.68,0.6364,0.39,0,238,491,729
15831,2012-10-26,4,1,10,19,0,5,1,2,0.54,0.5152,0.83,0.1642,72,399,471
8349,2011-12-19,4,0,12,12,0,1,1,1,0.3,0.2727,0.61,0.3284,13,128,141
7972,2011-12-03,4,0,12,19,0,6,0,1,0.3,0.3182,0.61,0.0896,31,144,175
8371,2011-12-20,4,0,12,10,0,2,1,2,0.42,0.4242,0.58,0.194,20,109,129
10511,2012-03-19,1,1,3,1,0,1,1,1,0.46,0.4545,0.88,0.1045,0,15,15
13344,2012-07-15,3,1,7,4,0,0,0,2,0.68,0.6364,0.89,0.1045,8,11,19
9331,2012-01-29,1,1,1,16,0,0,0,1,0.36,0.3333,0.21,0.4179,54,268,322
16592,2012-11-29,4,1,11,1,0,4,1,1,0.22,0.2576,0.64,0.0896,1,15,16
3725,2011-06-09,2,0,6,2,0,4,1,2,0.72,0.7121,0.84,0.1642,0,6,6
1265,2011-02-25,1,0,2,20,0,5,1,1,0.3,0.2576,0.49,0.6119,2,60,62
4868,2011-07-26,3,0,7,17,0,2,1,1,0.86,0.7576,0.36,0.3582,72,465,537
4601,2011-07-15,3,0,7,14,0,5,1,1,0.7,0.6515,0.51,0.194,105,160,265
14996,2012-09-22,3,1,9,0,0,6,0,1,0.6,0.5909,0.73,0.2836,32,140,172
14213,2012-08-20,3,1,8,9,0,1,1,2,0.64,0.6061,0.69,0,55,302,357
5101,2011-08-05,3,0,8,10,0,5,1,1,0.74,0.6818,0.55,0.1343,50,113,163
4372,2011-07-06,3,0,7,1,0,3,1,1,0.7,0.6667,0.74,0.1343,4,11,15
13379,2012-07-16,3,1,7,15,0,1,1,1,0.86,0.803,0.47,0.2537,61,176,237
6651,2011-10-09,4,0,10,16,0,0,0,1,0.66,0.6212,0.5,0.1343,223,247,470
4375,2011-07-06,3,0,7,4,0,3,1,2,0.68,0.6364,0.83,0.0896,0,6,6
1273,2011-02-26,1,0,2,4,0,6,0,2,0.22,0.2576,0.6,0.0896,1,1,2
4088,2011-06-24,3,0,6,5,0,5,1,1,0.64,0.5758,0.89,0.0896,2,18,20
16622,2012-11-30,4,1,11,8,0,5,1,2,0.22,0.2576,0.8,0.0896,20,709,729
14638,2012-09-07,3,1,9,2,0,5,1,1,0.62,0.5758,0.83,0.0896,1,10,11
5771,2011-09-02,3,0,9,21,0,5,1,2,0.64,0.6061,0.73,0.0896,28,121,149
1898,2011-03-24,2,0,3,20,0,4,1,1,0.28,0.2576,0.61,0.2836,8,110,118
14708,2012-09-10,3,1,9,0,0,1,1,1,0.56,0.5303,0.52,0.2836,6,35,41
9223,2012-01-25,1,1,1,4,0,3,1,1,0.26,0.2424,0.7,0.2836,0,4,4
17236,2012-12-26,1,1,12,0,0,3,1,2,0.28,0.2727,0.65,0.2537,1,8,9
13786,2012-08-02,3,1,8,14,0,4,1,1,0.86,0.7879,0.41,0.1343,54,171,225
1459,2011-03-06,1,0,3,1,0,0,0,2,0.42,0.4242,0.77,0.2836,12,27,39
9412,2012-02-02,1,1,2,1,0,4,1,2,0.46,0.4545,0.55,0,3,14,17
16409,2012-11-21,4,1,11,10,0,3,1,1,0.36,0.3788,0.62,0,22,150,172
7736,2011-11-23,4,0,11,22,0,3,1,1,0.34,0.303,0.61,0.4478,3,59,62
3762,2011-06-10,2,0,6,15,0,5,1,1,0.84,0.7576,0.44,0.1045,49,163,212
3586,2011-06-03,2,0,6,7,0,5,1,1,0.54,0.5152,0.45,0.2537,25,252,277
716,2011-02-02,1,0,2,4,0,3,1,3,0.22,0.2121,0.93,0.2836,0,1,1
12999,2012-06-30,3,1,6,19,0,6,0,1,0.84,0.7576,0.44,0.2537,134,240,374
15757,2012-10-23,4,1,10,17,0,2,1,1,0.68,0.6364,0.41,0,67,871,938
1119,2011-02-19,1,0,2,8,0,6,0,1,0.38,0.3939,0.17,0.5821,9,36,45
8744,2012-01-05,1,1,1,3,0,4,1,1,0.2,0.2576,0.61,0,0,4,4
1288,2011-02-26,1,0,2,19,0,6,0,1,0.32,0.303,0.49,0.2537,30,64,94
5558,2011-08-24,3,0,8,11,0,3,1,1,0.72,0.6667,0.54,0.2985,57,128,185
6212,2011-09-21,3,0,9,9,0,3,1,2,0.56,0.5303,1,0.0896,21,187,208
6356,2011-09-27,4,0,9,9,0,2,1,3,0.64,0.5758,0.89,0.194,20,173,193
2317,2011-04-11,2,0,4,10,0,1,1,2,0.56,0.5303,0.83,0.2985,41,55,96
1418,2011-03-04,1,0,3,8,0,5,1,1,0.18,0.197,0.74,0.1343,6,222,228
8731,2012-01-04,1,1,1,14,0,3,1,2,0.14,0.1212,0.46,0.2537,6,69,75
13910,2012-08-07,3,1,8,18,0,2,1,2,0.76,0.7121,0.62,0.1642,103,711,814
12495,2012-06-09,2,1,6,19,0,6,0,1,0.8,0.697,0.29,0.1642,128,232,360
14918,2012-09-18,3,1,9,18,0,2,1,2,0.6,0.5455,0.88,0.1642,19,262,281
995,2011-02-14,1,0,2,2,0,1,1,1,0.36,0.3333,0.4,0.2985,0,2,2
13527,2012-07-22,3,1,7,19,0,0,0,1,0.72,0.6818,0.7,0.1642,180,342,522
4293,2011-07-02,3,0,7,18,0,6,0,1,0.82,0.7121,0.3,0.2836,193,190,383
6493,2011-10-03,4,0,10,2,0,1,1,1,0.36,0.3636,0.76,0.1045,0,4,4
2637,2011-04-24,2,0,4,18,0,0,0,1,0.64,0.6061,0.69,0.1642,96,174,270
13094,2012-07-04,3,1,7,18,1,3,0,1,0.9,0.8485,0.42,0.194,159,271,430
297,2011-01-13,1,0,1,19,0,4,1,1,0.16,0.1515,0.47,0.2537,1,98,99
1865,2011-03-23,2,0,3,11,0,3,1,2,0.34,0.3333,0.87,0.194,18,53,71
16898,2012-12-11,4,1,12,20,0,2,1,1,0.32,0.303,0.53,0.2239,9,248,257
11882,2012-05-15,2,1,5,6,0,2,1,3,0.56,0.5303,0.94,0.2239,2,22,24
7306,2011-11-06,4,0,11,0,0,0,0,1,0.28,0.3182,0.75,0,10,65,75
1146,2011-02-20,1,0,2,12,0,0,0,1,0.3,0.3182,0.33,0.1045,62,120,182
16827,2012-12-08,4,1,12,21,0,6,0,2,0.36,0.3788,1,0,34,175,209
13467,2012-07-20,3,1,7,7,0,5,1,2,0.66,0.5909,0.89,0.194,14,346,360
13815,2012-08-03,3,1,8,19,0,5,1,2,0.8,0.7879,0.63,0.2239,81,388,469
16431,2012-11-22,4,1,11,8,1,4,0,1,0.24,0.2424,0.75,0.1343,20,77,97
4830,2011-07-25,3,0,7,3,0,1,1,1,0.74,0.7121,0.79,0,2,2,4
10948,2012-04-06,2,1,4,7,0,5,1,1,0.3,0.2879,0.49,0.2836,15,231,246
7933,2011-12-02,4,0,12,4,0,5,1,1,0.22,0.2727,0.8,0,0,3,3
12283,2012-05-31,2,1,5,23,0,4,1,1,0.66,0.6212,0.54,0.2239,26,114,140
11666,2012-05-06,2,1,5,6,0,0,0,3,0.52,0.5,0.83,0.2239,3,14,17
14045,2012-08-13,3,1,8,9,0,1,1,2,0.74,0.6667,0.45,0,40,265,305
8524,2011-12-26,1,0,12,21,1,1,0,1,0.26,0.303,0.7,0,10,39,49
6703,2011-10-11,4,0,10,20,0,2,1,2,0.58,0.5455,0.83,0.2239,31,203,234
7497,2011-11-13,4,0,11,23,0,0,0,1,0.46,0.4545,0.51,0.2985,18,49,67
1836,2011-03-22,2,0,3,5,0,2,1,2,0.4,0.4091,0.87,0.1343,1,11,12
9832,2012-02-19,1,1,2,14,0,0,0,2,0.32,0.3182,0.45,0.194,48,189,237
8615,2011-12-30,1,0,12,17,0,5,1,1,0.38,0.3939,0.54,0.1642,54,188,242
13684,2012-07-29,3,1,7,8,0,0,0,1,0.7,0.6515,0.65,0.2239,37,90,127
6700,2011-10-11,4,0,10,17,0,2,1,2,0.6,0.5758,0.78,0.2537,70,534,604
9996,2012-02-26,1,1,2,12,0,0,0,1,0.3,0.303,0.39,0.1343,49,256,305
15863,2012-10-28,4,1,10,3,0,0,0,2,0.5,0.4848,0.63,0.3284,18,61,79
5853,2011-09-06,3,0,9,8,0,2,1,3,0.54,0.5152,0.83,0.3881,15,349,364
14541,2012-09-03,3,1,9,1,1,1,0,2,0.68,0.6364,0.89,0.1642,18,37,55
17358,2012-12-31,1,1,12,2,0,1,1,1,0.16,0.1667,0.59,0.1642,3,8,11
6394,2011-09-28,4,0,9,23,0,3,1,1,0.6,0.5152,0.94,0.1343,12,59,71
478,2011-01-21,1,0,1,22,0,5,1,1,0.06,0.0303,0.41,0.3881,1,33,34
8154,2011-12-11,4,0,12,9,0,0,0,1,0.2,0.2576,0.59,0,19,88,107
6163,2011-09-19,3,0,9,8,0,1,1,2,0.52,0.5,0.77,0.1343,29,391,420
4191,2011-06-28,3,0,6,12,0,2,1,1,0.84,0.7727,0.47,0.2239,41,161,202
16724,2012-12-04,4,1,12,14,0,2,1,2,0.58,0.5455,0.56,0.2239,39,231,270
6506,2011-10-03,4,0,10,15,0,1,1,3,0.4,0.4091,0.76,0,22,79,101
9020,2012-01-16,1,1,1,16,1,1,0,1,0.26,0.2273,0.44,0.3582,22,158,180
643,2011-01-30,1,0,1,1,0,0,0,1,0.14,0.2121,0.8,0,7,22,29
7150,2011-10-30,4,0,10,12,0,0,0,1,0.38,0.3939,0.5,0.194,85,229,314
4463,2011-07-09,3,0,7,20,0,6,0,1,0.76,0.7121,0.58,0.2239,129,185,314
13631,2012-07-27,3,1,7,3,0,5,1,1,0.7,0.6667,0.74,0.1642,3,9,12
15010,2012-09-22,3,1,9,14,0,6,0,1,0.76,0.6818,0.48,0.2836,250,404,654
14080,2012-08-14,3,1,8,20,0,2,1,1,0.74,0.7121,0.74,0.2239,65,371,436
1794,2011-03-20,1,0,3,10,0,0,0,2,0.32,0.3485,0.45,0,55,81,136
1693,2011-03-16,1,0,3,4,0,3,1,2,0.3,0.303,0.93,0.1642,0,1,1
17104,2012-12-20,4,1,12,10,0,4,1,2,0.32,0.3333,0.66,0,23,138,161
5431,2011-08-19,3,0,8,4,0,5,1,1,0.64,0.5758,0.83,0,1,7,8
9416,2012-02-02,1,1,2,5,0,4,1,3,0.4,0.4091,0.82,0,0,19,19
494,2011-01-22,1,0,1,15,0,6,0,1,0.12,0.1515,0.28,0,10,93,103
16569,2012-11-28,4,1,11,2,0,3,1,2,0.26,0.2576,0.75,0.2239,0,1,1
4254,2011-07-01,3,0,7,3,0,5,1,1,0.64,0.6212,0.53,0,5,6,11
16679,2012-12-02,4,1,12,17,0,0,0,3,0.4,0.4091,0.76,0.194,59,244,303
1464,2011-03-06,1,0,3,7,0,0,0,3,0.42,0.4242,1,0.4478,0,5,5
8233,2011-12-14,4,0,12,16,0,3,1,2,0.38,0.3939,0.54,0.1045,12,233,245
10125,2012-03-02,1,1,3,22,0,5,1,2,0.36,0.3788,0.87,0,6,69,75
10222,2012-03-06,1,1,3,23,0,2,1,1,0.28,0.2727,0.61,0.2239,3,51,54
6340,2011-09-26,4,0,9,17,0,1,1,1,0.7,0.6515,0.7,0.1343,61,509,570
11727,2012-05-08,2,1,5,19,0,2,1,2,0.64,0.6061,0.69,0.2836,59,399,458
7890,2011-11-30,4,0,11,9,0,3,1,1,0.3,0.2879,0.75,0.2836,7,186,193
2288,2011-04-10,2,0,4,4,0,0,0,2,0.36,0.3636,0.93,0.1045,3,2,5
16454,2012-11-23,4,1,11,7,0,5,1,1,0.24,0.2879,0.81,0,5,72,77
7153,2011-10-30,4,0,10,15,0,0,0,1,0.42,0.4242,0.35,0.1642,88,202,290
7454,2011-11-12,4,0,11,4,0,6,0,1,0.2,0.2121,0.8,0.1343,0,7,7
966,2011-02-12,1,0,2,20,0,6,0,1,0.26,0.2576,0.41,0.2239,1,39,40
445,2011-01-20,1,0,1,13,0,4,1,2,0.28,0.2879,0.45,0.1045,12,86,98
10115,2012-03-02,1,1,3,12,0,5,1,1,0.4,0.4091,0.43,0.1642,40,194,234
9621,2012-02-10,1,1,2,19,0,5,1,2,0.32,0.3485,0.57,0,16,246,262
439,2011-01-20,1,0,1,7,0,4,1,1,0.22,0.2121,0.55,0.2239,1,100,101
11156,2012-04-15,2,1,4,0,0,0,0,2,0.54,0.5152,0.56,0.194,30,94,124
10224,2012-03-07,1,1,3,1,0,3,1,1,0.3,0.2727,0.61,0.2985,1,4,5
12196,2012-05-28,2,1,5,8,1,1,0,1,0.66,0.6212,0.69,0,62,93,155
13489,2012-07-21,3,1,7,5,0,6,0,3,0.58,0.5455,0.88,0.2537,7,10,17
15263,2012-10-03,4,1,10,3,0,3,1,2,0.6,0.5152,0.94,0,0,7,7
17302,2012-12-28,1,1,12,18,0,5,1,1,0.24,0.2424,0.6,0.1343,16,197,213
5262,2011-08-12,3,0,8,3,0,5,1,1,0.62,0.6212,0.53,0.1642,0,9,9
468,2011-01-21,1,0,1,12,0,5,1,1,0.22,0.1818,0.27,0.5821,11,67,78
12421,2012-06-06,2,1,6,17,0,3,1,1,0.62,0.6212,0.43,0.1343,72,652,724
3752,2011-06-10,2,0,6,5,0,5,1,1,0.66,0.6061,0.78,0.1642,0,28,28
7052,2011-10-26,4,0,10,10,0,3,1,2,0.52,0.5,0.62,0.2537,26,105,131
757,2011-02-03,1,0,2,22,0,4,1,1,0.18,0.2121,0.51,0.0896,2,39,41
7075,2011-10-27,4,0,10,9,0,4,1,2,0.5,0.4848,0.82,0.1642,16,155,171
2689,2011-04-26,2,0,4,22,0,2,1,2,0.6,0.5606,0.83,0.194,32,116,148
5187,2011-08-09,3,0,8,0,0,2,1,1,0.72,0.697,0.79,0.1343,10,25,35
9164,2012-01-22,1,1,1,17,0,0,0,2,0.16,0.1818,0.8,0.1045,8,100,108
6885,2011-10-19,4,0,10,11,0,3,1,3,0.52,0.5,0.94,0.2537,33,116,149
3959,2011-06-18,2,0,6,20,0,6,0,2,0.72,0.6667,0.58,0.1343,61,127,188
916,2011-02-10,1,0,2,16,0,4,1,1,0.2,0.1818,0.27,0.2985,4,76,80
11634,2012-05-04,2,1,5,22,0,5,1,1,0.6,0.5606,0.83,0.1343,50,182,232
4512,2011-07-11,3,0,7,21,0,1,1,1,0.7,0.6667,0.79,0.4179,21,109,130
1375,2011-03-02,1,0,3,13,0,3,1,1,0.5,0.4848,0.25,0,35,90,125
10313,2012-03-10,1,1,3,18,0,6,0,1,0.36,0.3636,0.21,0.0896,67,230,297
11771,2012-05-10,2,1,5,15,0,4,1,1,0.54,0.5152,0.37,0.3881,79,192,271
16842,2012-12-09,4,1,12,12,0,0,0,2,0.4,0.4091,0.82,0.2985,60,255,315
9129,2012-01-21,1,1,1,6,0,6,0,3,0.16,0.1667,0.93,0.1642,0,1,1
12055,2012-05-22,2,1,5,11,0,2,1,2,0.6,0.5758,0.78,0,39,150,189
13634,2012-07-27,3,1,7,6,0,5,1,1,0.7,0.6667,0.79,0,10,129,139
10684,2012-03-26,2,1,3,6,0,1,1,1,0.42,0.4242,0.82,0.194,7,110,117
538,2011-01-24,1,0,1,13,0,1,1,2,0.14,0.1364,0.43,0.2239,6,54,60
8254,2011-12-15,4,0,12,13,0,4,1,2,0.5,0.4848,0.55,0.3582,14,150,164
16591,2012-11-29,4,1,11,0,0,4,1,1,0.24,0.2576,0.56,0.0896,4,25,29
5216,2011-08-10,3,0,8,5,0,3,1,1,0.68,0.6364,0.61,0.0896,2,30,32
8540,2011-12-27,1,0,12,13,0,2,1,3,0.3,0.303,0.87,0.1343,1,19,20
14721,2012-09-10,3,1,9,13,0,1,1,1,0.64,0.6212,0.38,0.2239,72,251,323
16549,2012-11-27,4,1,11,6,0,2,1,2,0.3,0.303,0.81,0.1642,3,97,100
8811,2012-01-07,1,1,1,22,0,6,0,1,0.44,0.4394,0.38,0.2537,16,93,109
11326,2012-04-22,2,1,4,2,0,0,0,1,0.46,0.4545,0.72,0.2836,7,49,56
2187,2011-04-05,2,0,4,23,0,2,1,1,0.3,0.2879,0.49,0.2836,3,23,26
11918,2012-05-16,2,1,5,18,0,3,1,1,0.72,0.6667,0.51,0.2239,97,749,846
14713,2012-09-10,3,1,9,5,0,1,1,1,0.5,0.4848,0.72,0.2537,4,36,40
15340,2012-10-06,4,1,10,8,0,6,0,1,0.56,0.5303,0.83,0.194,22,184,206
10382,2012-03-13,1,1,3,16,0,2,1,1,0.72,0.6515,0.34,0.3881,53,312,365
1433,2011-03-04,1,0,3,23,0,5,1,2,0.3,0.303,0.75,0.1642,6,40,46
13420,2012-07-18,3,1,7,8,0,3,1,1,0.78,0.7424,0.62,0.1045,55,624,679
12335,2012-06-03,2,1,6,3,0,0,0,1,0.52,0.5,0.63,0.1045,16,34,50
7518,2011-11-14,4,0,11,20,0,1,1,1,0.6,0.6212,0.53,0.3582,30,210,240
333,2011-01-15,1,0,1,8,0,6,0,1,0.14,0.1515,0.63,0.1343,1,22,23
3031,2011-05-11,2,0,5,4,0,3,1,2,0.48,0.4697,0.88,0.1343,0,2,2
2103,2011-04-02,2,0,4,11,0,6,0,2,0.4,0.4091,0.47,0.1642,72,126,198
16284,2012-11-16,4,1,11,5,0,5,1,2,0.3,0.3182,0.65,0.0896,2,34,36
15706,2012-10-21,4,1,10,14,0,0,0,1,0.56,0.5303,0.35,0.194,235,405,640
3892,2011-06-16,2,0,6,1,0,4,1,1,0.58,0.5455,0.6,0,4,13,17
6791,2011-10-15,4,0,10,12,0,6,0,1,0.58,0.5455,0.35,0.5522,195,261,456
1996,2011-03-29,2,0,3,0,0,2,1,1,0.26,0.2273,0.28,0.3284,1,15,16
2953,2011-05-07,2,0,5,22,0,6,0,1,0.54,0.5152,0.49,0.194,26,94,120
6701,2011-10-11,4,0,10,18,0,2,1,2,0.6,0.5758,0.78,0.2239,46,493,539
16221,2012-11-13,4,1,11,14,0,2,1,1,0.38,0.3939,0.46,0.3881,34,169,203
5404,2011-08-18,3,0,8,1,0,4,1,2,0.66,0.6212,0.65,0.1642,13,11,24
9515,2012-02-06,1,1,2,9,0,1,1,1,0.18,0.2121,0.8,0.1045,8,269,277
5293,2011-08-13,3,0,8,10,0,6,0,2,0.72,0.697,0.74,0.2239,97,163,260
13596,2012-07-25,3,1,7,16,0,3,1,1,0.8,0.697,0.29,0.1642,91,393,484
16800,2012-12-07,4,1,12,18,0,5,1,2,0.38,0.3939,0.71,0.1045,25,473,498
4926,2011-07-29,3,0,7,3,0,5,1,1,0.74,0.7121,0.79,0,2,9,11
8818,2012-01-08,1,1,1,5,0,0,0,2,0.32,0.3333,0.49,0.1045,0,2,2
11737,2012-05-09,2,1,5,5,0,3,1,2,0.56,0.5303,0.88,0.1343,1,27,28
10275,2012-03-09,1,1,3,4,0,5,1,3,0.4,0.4091,0.66,0.2836,0,1,1
2448,2011-04-16,2,0,4,21,0,6,0,2,0.44,0.4394,0.94,0,1,13,14
14493,2012-09-01,3,1,9,1,0,6,0,1,0.72,0.697,0.74,0.1343,11,68,79
12702,2012-06-18,2,1,6,10,0,1,1,3,0.54,0.5152,0.88,0.1045,13,78,91
14561,2012-09-03,3,1,9,21,1,1,0,1,0.72,0.6818,0.76,0.1045,42,142,184
14175,2012-08-18,3,1,8,19,0,6,0,1,0.7,0.6364,0.45,0.1642,164,324,488
1116,2011-02-19,1,0,2,5,0,6,0,1,0.4,0.4091,0.15,0.3284,0,3,3
14998,2012-09-22,3,1,9,2,0,6,0,1,0.56,0.5303,0.88,0.2537,10,73,83
7338,2011-11-07,4,0,11,8,0,1,1,2,0.3,0.3182,1,0.0896,13,397,410
11193,2012-04-16,2,1,4,13,1,1,0,1,0.74,0.6667,0.45,0.2985,79,184,263
15591,2012-10-16,4,1,10,19,0,2,1,1,0.48,0.4697,0.48,0,40,491,531
5146,2011-08-07,3,0,8,7,0,0,0,1,0.7,0.6667,0.84,0.194,11,28,39
13643,2012-07-27,3,1,7,15,0,5,1,1,0.86,0.7879,0.41,0.2239,81,242,323
11027,2012-04-09,2,1,4,14,0,1,1,1,0.56,0.5303,0.28,0.5522,66,152,218
4340,2011-07-04,3,0,7,17,1,1,0,1,0.8,0.7273,0.46,0,240,196,436
9163,2012-01-22,1,1,1,16,0,0,0,2,0.16,0.1515,0.8,0.194,12,143,155
9599,2012-02-09,1,1,2,21,0,4,1,1,0.3,0.3182,0.52,0.0896,8,169,177
11101,2012-04-12,2,1,4,17,0,4,1,1,0.5,0.4848,0.27,0.3881,60,596,656
13916,2012-08-08,3,1,8,0,0,3,1,1,0.7,0.6667,0.84,0,12,46,58
5071,2011-08-04,3,0,8,4,0,4,1,2,0.68,0.6364,0.89,0,0,7,7
5826,2011-09-05,3,0,9,4,1,1,0,2,0.68,0.6364,0.69,0.2836,3,5,8
8420,2011-12-22,1,0,12,11,0,4,1,2,0.44,0.4394,0.77,0,10,135,145
6293,2011-09-24,4,0,9,18,0,6,0,1,0.64,0.5909,0.78,0.1045,157,243,400
14066,2012-08-14,3,1,8,6,0,2,1,3,0.64,0.5758,0.83,0.194,1,63,64
8493,2011-12-25,1,0,12,13,0,0,0,1,0.32,0.303,0.7,0.2537,40,39,79
10283,2012-03-09,1,1,3,12,0,5,1,1,0.36,0.3333,0.34,0.4179,27,174,201
15754,2012-10-23,4,1,10,14,0,2,1,1,0.68,0.6364,0.41,0.1642,67,229,296
135,2011-01-06,1,0,1,20,0,4,1,1,0.2,0.2121,0.51,0.1642,3,66,69
10287,2012-03-09,1,1,3,16,0,5,1,1,0.48,0.4697,0.23,0.4179,51,292,343
17323,2012-12-29,1,1,12,15,0,6,0,2,0.24,0.2424,0.87,0,19,110,129
800,2011-02-05,1,0,2,18,0,6,0,2,0.28,0.2424,0.93,0.4478,2,81,83
10539,2012-03-20,1,1,3,5,0,2,1,2,0.52,0.5,0.94,0,0,20,20
428,2011-01-19,1,0,1,20,0,3,1,1,0.32,0.303,0.49,0.2985,2,74,76
11592,2012-05-03,2,1,5,4,0,4,1,2,0.46,0.4545,0.88,0.2537,0,2,2
7559,2011-11-16,4,0,11,13,0,3,1,3,0.46,0.4545,0.94,0.1343,6,52,58
7884,2011-11-30,4,0,11,3,0,3,1,1,0.32,0.3182,0.7,0.1642,0,1,1
7841,2011-11-28,4,0,11,8,0,1,1,2,0.42,0.4242,0.94,0,13,394,407
17097,2012-12-20,4,1,12,3,0,4,1,2,0.3,0.3182,0.7,0.0896,1,3,4
2539,2011-04-20,2,0,4,16,0,3,1,2,0.76,0.6667,0.35,0.3582,54,201,255
5993,2011-09-12,3,0,9,6,0,1,1,1,0.56,0.5303,0.83,0,1,108,109
1256,2011-02-25,1,0,2,11,0,5,1,1,0.52,0.5,0.77,0.4478,9,50,59
9005,2012-01-16,1,1,1,1,1,1,0,1,0.14,0.1667,0.43,0.1045,2,18,20
10435,2012-03-15,1,1,3,21,0,4,1,1,0.54,0.5152,0.68,0.2836,36,207,243
8342,2011-12-19,4,0,12,5,0,1,1,1,0.14,0.1667,0.93,0.1045,0,21,21
8110,2011-12-09,4,0,12,13,0,5,1,1,0.38,0.3939,0.5,0.194,27,141,168
2725,2011-04-28,2,0,4,10,0,4,1,2,0.62,0.5606,0.88,0.2836,9,45,54
8495,2011-12-25,1,0,12,15,0,0,0,1,0.34,0.3333,0.61,0.194,43,48,91
11996,2012-05-20,2,1,5,0,0,0,0,1,0.58,0.5455,0.53,0.1045,42,128,170
3132,2011-05-15,2,0,5,9,0,0,0,1,0.58,0.5455,0.83,0.2537,36,98,134
1927,2011-03-26,2,0,3,1,0,6,0,1,0.26,0.2273,0.38,0.2985,3,24,27
13198,2012-07-09,3,1,7,2,0,1,1,3,0.7,0.6667,0.89,0.194,1,4,5
3038,2011-05-11,2,0,5,11,0,3,1,1,0.56,0.5303,0.64,0.0896,18,123,141
8266,2011-12-16,4,0,12,1,0,5,1,1,0.5,0.4848,0.72,0.2239,3,28,31
7439,2011-11-11,4,0,11,13,1,5,0,1,0.38,0.3939,0.37,0.5522,57,179,236
10960,2012-04-06,2,1,4,19,0,5,1,1,0.48,0.4697,0.23,0.2985,115,297,412
10990,2012-04-08,2,1,4,1,0,0,0,1,0.44,0.4394,0.24,0.2239,14,50,64
6909,2011-10-20,4,0,10,11,0,4,1,1,0.48,0.4697,0.55,0.5224,30,99,129
14657,2012-09-07,3,1,9,21,0,5,1,1,0.7,0.6667,0.74,0.1642,55,246,301
11976,2012-05-19,2,1,5,4,0,6,0,1,0.48,0.4697,0.59,0.0896,6,8,14
7554,2011-11-16,4,0,11,8,0,3,1,3,0.46,0.4545,0.94,0,9,223,232
6144,2011-09-18,3,0,9,13,0,0,0,1,0.56,0.5303,0.6,0.1343,162,214,376
9797,2012-02-18,1,1,2,3,0,6,0,1,0.28,0.2879,0.65,0.1045,3,15,18
3747,2011-06-10,2,0,6,0,0,5,1,3,0.7,0.6515,0.65,0.2239,8,61,69
16974,2012-12-15,4,1,12,0,0,6,0,1,0.3,0.3333,0.7,0,4,90,94
5370,2011-08-16,3,0,8,15,0,2,1,1,0.8,0.7121,0.41,0.2985,36,123,159
5923,2011-09-09,3,0,9,7,0,5,1,3,0.62,0.5152,1,0.2537,4,104,108
7445,2011-11-11,4,0,11,19,1,5,0,1,0.32,0.3182,0.39,0.1642,17,182,199
17070,2012-12-19,4,1,12,0,0,3,1,1,0.3,0.3182,0.61,0,6,35,41
12619,2012-06-14,2,1,6,23,0,4,1,2,0.62,0.6061,0.69,0.1642,36,136,172
16106,2012-11-08,4,1,11,19,0,4,1,1,0.38,0.3939,0.27,0.3582,14,359,373
14995,2012-09-21,3,1,9,23,0,5,1,1,0.6,0.5909,0.73,0.3284,23,163,186
17265,2012-12-27,1,1,12,5,0,4,1,1,0.24,0.2424,0.75,0.1642,1,10,11
6019,2011-09-13,3,0,9,8,0,2,1,1,0.6,0.5606,0.81,0.1045,26,399,425
4097,2011-06-24,3,0,6,14,0,5,1,1,0.78,0.697,0.43,0.2836,67,162,229
8240,2011-12-14,4,0,12,23,0,3,1,1,0.32,0.3182,0.7,0.1642,3,48,51
17141,2012-12-21,1,1,12,23,0,5,1,1,0.26,0.2424,0.44,0.2836,1,39,40
14018,2012-08-12,3,1,8,6,0,0,0,1,0.64,0.6061,0.65,0.1642,2,14,16
13574,2012-07-24,3,1,7,18,0,2,1,1,0.76,0.7121,0.62,0.3284,110,767,877
15183,2012-09-29,4,1,9,19,0,6,0,1,0.52,0.5,0.55,0.1642,119,351,470
3504,2011-05-30,2,0,5,21,1,1,0,1,0.74,0.697,0.7,0.1343,42,107,149
14215,2012-08-20,3,1,8,11,0,1,1,1,0.66,0.6212,0.65,0.1045,90,151,241
11280,2012-04-20,2,1,4,4,0,5,1,1,0.42,0.4242,0.94,0.1045,0,3,3
10058,2012-02-29,1,1,2,2,0,3,1,1,0.3,0.2879,0.56,0.2239,0,4,4
8424,2011-12-22,1,0,12,15,0,4,1,2,0.48,0.4697,0.59,0,28,186,214
6419,2011-09-30,4,0,9,0,0,5,1,1,0.52,0.5,0.83,0.1045,7,53,60
2315,2011-04-11,2,0,4,8,0,1,1,2,0.52,0.5,0.88,0.2836,28,286,314
17139,2012-12-21,1,1,12,21,0,5,1,1,0.26,0.2273,0.41,0.4179,2,68,70
11416,2012-04-25,2,1,4,20,0,3,1,1,0.56,0.5303,0.22,0.0896,22,358,380
7672,2011-11-21,4,0,11,6,0,1,1,2,0.42,0.4242,1,0,0,76,76
2019,2011-03-29,2,0,3,23,0,2,1,2,0.32,0.3333,0.57,0.1045,8,27,35
9252,2012-01-26,1,1,1,9,0,4,1,2,0.3,0.3333,0.81,0,18,256,274
11718,2012-05-08,2,1,5,10,0,2,1,2,0.58,0.5455,0.68,0.4179,46,111,157
7912,2011-12-01,4,0,12,7,0,4,1,1,0.24,0.2121,0.65,0.3582,11,265,276
6947,2011-10-22,4,0,10,1,0,6,0,1,0.4,0.4091,0.62,0.194,20,50,70
6940,2011-10-21,4,0,10,18,0,5,1,2,0.44,0.4394,0.54,0.2537,43,354,397
6552,2011-10-05,4,0,10,13,0,3,1,1,0.64,0.6212,0.41,0.2239,30,189,219
7460,2011-11-12,4,0,11,10,0,6,0,1,0.34,0.3182,0.61,0.2836,62,170,232
5227,2011-08-10,3,0,8,16,0,3,1,1,0.86,0.7424,0.26,0.2985,76,206,282
15472,2012-10-11,4,1,10,20,0,4,1,1,0.42,0.4242,0.62,0.1642,27,388,415
4541,2011-07-13,3,0,7,2,0,3,1,1,0.76,0.697,0.55,0,2,3,5
6370,2011-09-27,4,0,9,23,0,2,1,1,0.6,0.5455,0.88,0.0896,11,82,93
15219,2012-10-01,4,1,10,7,0,1,1,1,0.44,0.4394,0.77,0.1642,13,470,483
6012,2011-09-13,3,0,9,1,0,2,1,1,0.58,0.5455,0.83,0.1045,4,6,10
10733,2012-03-28,2,1,3,7,0,3,1,1,0.36,0.3333,0.46,0.3284,10,348,358
14421,2012-08-29,3,1,8,1,0,3,1,1,0.64,0.6061,0.69,0.1343,2,12,14
4127,2011-06-25,3,0,6,20,0,6,0,1,0.7,0.6515,0.48,0.194,74,195,269
3640,2011-06-05,2,0,6,13,0,0,0,1,0.66,0.6212,0.65,0.1045,154,213,367
10521,2012-03-19,1,1,3,11,0,1,1,1,0.56,0.5303,0.68,0.1642,56,145,201
7949,2011-12-02,4,0,12,20,0,5,1,1,0.38,0.3939,0.4,0.2836,12,178,190
16415,2012-11-21,4,1,11,16,0,3,1,1,0.44,0.4394,0.33,0.1343,59,410,469
9691,2012-02-13,1,1,2,17,0,1,1,1,0.36,0.3485,0.23,0.194,8,399,407
4081,2011-06-23,3,0,6,22,0,4,1,2,0.7,0.6667,0.74,0.2239,23,139,162
14752,2012-09-11,3,1,9,20,0,2,1,1,0.58,0.5455,0.56,0.1343,40,421,461
3449,2011-05-28,2,0,5,14,0,6,0,1,0.74,0.6818,0.58,0.2239,172,210,382
4963,2011-07-30,3,0,7,16,0,6,0,1,0.9,0.7879,0.27,0.2239,126,176,302
13862,2012-08-05,3,1,8,18,0,0,0,3,0.7,0.6667,0.74,0.1343,75,154,229
44,2011-01-02,1,0,1,20,0,0,0,1,0.3,0.2727,0.39,0.3582,5,17,22
18,2011-01-01,1,0,1,17,0,6,0,2,0.44,0.4394,0.82,0.2836,15,52,67
798,2011-02-05,1,0,2,16,0,6,0,3,0.22,0.2273,1,0.1343,8,63,71
5468,2011-08-20,3,0,8,17,0,6,0,1,0.8,0.7424,0.49,0.194,180,203,383
1884,2011-03-24,2,0,3,6,0,4,1,2,0.28,0.2727,0.93,0.2239,0,41,41
6694,2011-10-11,4,0,10,11,0,2,1,2,0.6,0.5909,0.73,0.1642,31,92,123
12295,2012-06-01,2,1,6,11,0,5,1,2,0.7,0.6667,0.74,0.2836,42,193,235
2373,2011-04-13,2,0,4,18,0,3,1,1,0.44,0.4394,0.62,0.3881,28,293,321
15485,2012-10-12,4,1,10,9,0,5,1,1,0.5,0.4848,0.39,0.2985,26,374,400
8497,2011-12-25,1,0,12,17,0,0,0,1,0.34,0.3333,0.61,0.1343,11,33,44
9731,2012-02-15,1,1,2,9,0,3,1,1,0.32,0.303,0.61,0.3284,5,226,231
15385,2012-10-08,4,1,10,5,1,1,0,1,0.34,0.3182,0.76,0.2239,2,17,19
6168,2011-09-19,3,0,9,13,0,1,1,2,0.6,0.6061,0.6,0,53,124,177
4095,2011-06-24,3,0,6,12,0,5,1,1,0.8,0.7121,0.41,0.2836,51,150,201
8257,2011-12-15,4,0,12,16,0,4,1,3,0.46,0.4545,0.72,0.1642,7,124,131
481,2011-01-22,1,0,1,1,0,6,0,2,0.04,0,0.41,0.3881,3,9,12
8716,2012-01-03,1,1,1,23,0,2,1,1,0.1,0.0758,0.46,0.3881,0,18,18
12251,2012-05-30,2,1,5,15,0,3,1,1,0.72,0.6667,0.51,0.1343,54,221,275
11586,2012-05-02,2,1,5,22,0,3,1,1,0.5,0.4848,0.82,0.2239,27,146,173
16635,2012-11-30,4,1,11,21,0,5,1,1,0.3,0.3182,0.75,0.0896,14,169,183
10412,2012-03-14,1,1,3,22,0,3,1,1,0.52,0.5,0.55,0.1343,43,159,202
1332,2011-02-28,1,0,2,18,0,1,1,3,0.46,0.4545,0.94,0.194,4,127,131
16065,2012-11-07,4,1,11,1,0,3,1,2,0.28,0.2727,0.61,0.2537,6,86,92
12841,2012-06-24,3,1,6,5,0,0,0,1,0.62,0.6061,0.69,0.1343,1,7,8
3306,2011-05-22,2,0,5,15,0,0,0,2,0.66,0.6212,0.61,0.1642,110,221,331
4356,2011-07-05,3,0,7,9,0,2,1,1,0.74,0.6818,0.58,0.1343,50,177,227
12746,2012-06-20,2,1,6,6,0,3,1,2,0.64,0.5758,0.89,0.0896,9,156,165
444,2011-01-20,1,0,1,12,0,4,1,2,0.3,0.3333,0.42,0,7,77,84
11328,2012-04-22,2,1,4,4,0,0,0,2,0.44,0.4394,0.77,0.1642,0,7,7
7524,2011-11-15,4,0,11,2,0,2,1,1,0.56,0.5303,0.64,0.2537,7,8,15
16839,2012-12-09,4,1,12,9,0,0,0,2,0.4,0.4091,0.87,0.2537,9,94,103
14152,2012-08-17,3,1,8,20,0,5,1,2,0.72,0.2424,0.58,0.2239,97,262,359
1421,2011-03-04,1,0,3,11,0,5,1,1,0.28,0.2727,0.52,0.2239,16,73,89
5206,2011-08-09,3,0,8,19,0,2,1,1,0.8,0.7424,0.49,0.1045,69,302,371
14724,2012-09-10,3,1,9,16,0,1,1,1,0.66,0.6212,0.34,0.3284,108,380,488
15274,2012-10-03,4,1,10,14,0,3,1,2,0.72,0.6818,0.7,0.1642,56,195,251
15222,2012-10-01,4,1,10,10,0,1,1,1,0.54,0.5152,0.56,0,44,135,179
15777,2012-10-24,4,1,10,13,0,3,1,1,0.66,0.6212,0.54,0,65,241,306
1064,2011-02-17,1,0,2,1,0,4,1,1,0.34,0.3182,0.53,0.2239,0,6,6
431,2011-01-19,1,0,1,23,0,3,1,1,0.3,0.2727,0.52,0.4627,1,27,28
16564,2012-11-27,4,1,11,21,0,2,1,1,0.24,0.2121,0.81,0.2836,6,179,185
14725,2012-09-10,3,1,9,17,0,1,1,1,0.66,0.6212,0.34,0.3284,127,744,871
2329,2011-04-11,2,0,4,22,0,1,1,2,0.64,0.6212,0.5,0.2836,25,66,91
228,2011-01-10,1,0,1,18,0,1,1,1,0.2,0.197,0.4,0.2239,1,154,155
14727,2012-09-10,3,1,9,19,0,1,1,1,0.62,0.6212,0.38,0.2985,71,562,633
578,2011-01-26,1,0,1,8,0,3,1,3,0.22,0.2121,0.87,0.2985,3,69,72
4234,2011-06-30,3,0,6,7,0,4,1,1,0.62,0.6061,0.61,0.2239,29,291,320
8198,2011-12-13,4,0,12,5,0,2,1,1,0.18,0.2424,0.86,0,0,20,20
685,2011-01-31,1,0,1,20,0,1,1,3,0.16,0.1667,0.59,0.1642,0,78,78
5221,2011-08-10,3,0,8,10,0,3,1,1,0.8,0.7273,0.43,0.2239,41,72,113
12472,2012-06-08,2,1,6,20,0,5,1,1,0.72,0.6515,0.32,0.1343,117,291,408
3786,2011-06-11,2,0,6,15,0,6,0,1,0.82,0.7727,0.49,0.1045,142,232,374
6632,2011-10-08,4,0,10,21,0,6,0,1,0.52,0.5,0.77,0,54,133,187
5795,2011-09-03,3,0,9,21,0,6,0,1,0.68,0.6364,0.83,0.1343,71,93,164
762,2011-02-04,1,0,2,3,0,5,1,2,0.14,0.1667,0.63,0.1045,0,1,1
3589,2011-06-03,2,0,6,10,0,5,1,1,0.62,0.6212,0.33,0.2537,54,107,161
7020,2011-10-25,4,0,10,2,0,2,1,1,0.42,0.4242,0.82,0.1343,2,3,5
797,2011-02-05,1,0,2,15,0,6,0,3,0.22,0.2727,1,0,11,49,60
6495,2011-10-03,4,0,10,4,0,1,1,1,0.34,0.3485,0.87,0.1045,2,6,8
6292,2011-09-24,4,0,9,17,0,6,0,1,0.66,0.6212,0.74,0.1045,180,246,426
12383,2012-06-05,2,1,6,3,0,2,1,3,0.5,0.4848,0.82,0.194,0,5,5
10255,2012-03-08,1,1,3,8,0,4,1,1,0.44,0.4394,0.77,0.3881,12,573,585
11674,2012-05-06,2,1,5,14,0,0,0,2,0.6,0.6061,0.64,0.1045,226,292,518
15474,2012-10-11,4,1,10,22,0,4,1,1,0.4,0.4091,0.66,0.1642,10,167,177
15191,2012-09-30,4,1,9,3,0,0,0,1,0.46,0.4545,0.67,0.0896,17,41,58
11056,2012-04-10,2,1,4,19,0,2,1,1,0.52,0.5,0.2,0.3582,51,428,479
6038,2011-09-14,3,0,9,3,0,3,1,1,0.6,0.5455,0.88,0.1343,1,7,8
434,2011-01-20,1,0,1,2,0,4,1,1,0.26,0.2727,0.56,0,0,2,2
529,2011-01-24,1,0,1,4,0,1,1,1,0.02,0.0606,0.48,0.1343,0,1,1
2759,2011-04-29,2,0,4,20,0,5,1,1,0.48,0.4697,0.48,0.2239,34,160,194
5689,2011-08-30,3,0,8,11,0,2,1,1,0.72,0.6515,0.37,0.194,60,115,175
13507,2012-07-21,3,1,7,23,0,6,0,2,0.6,0.5455,0.88,0,32,117,149
8409,2011-12-22,1,0,12,0,0,4,1,2,0.5,0.4848,0.82,0.1045,3,24,27
1655,2011-03-14,1,0,3,12,0,1,1,1,0.38,0.3939,0.37,0,40,54,94
1293,2011-02-27,1,0,2,0,0,0,0,1,0.26,0.2424,0.87,0.2836,8,26,34
15292,2012-10-04,4,1,10,8,0,4,1,1,0.64,0.5758,0.89,0,27,711,738
14017,2012-08-12,3,1,8,5,0,0,0,1,0.64,0.6212,0.61,0.194,1,9,10
592,2011-01-27,1,0,1,20,0,4,1,1,0.18,0.2121,0.74,0.0896,4,55,59
14231,2012-08-21,3,1,8,3,0,2,1,1,0.56,0.5303,0.88,0,0,3,3
9398,2012-02-01,1,1,2,11,0,3,1,1,0.4,0.4091,0.58,0.1642,27,116,143
5138,2011-08-06,3,0,8,23,0,6,0,3,0.7,0.6667,0.84,0.2836,29,79,108
2393,2011-04-14,2,0,4,14,0,4,1,1,0.56,0.5303,0.35,0.0896,36,101,137
2222,2011-04-07,2,0,4,10,0,4,1,2,0.42,0.4242,0.67,0.1045,29,66,95
14294,2012-08-23,3,1,8,18,0,4,1,1,0.74,0.6667,0.48,0.2239,130,811,941
6699,2011-10-11,4,0,10,16,0,2,1,2,0.6,0.5909,0.73,0.1642,63,257,320
16586,2012-11-28,4,1,11,19,0,3,1,1,0.32,0.3182,0.36,0.1642,9,378,387
1279,2011-02-26,1,0,2,10,0,6,0,2,0.3,0.303,0.49,0.1343,14,71,85
7404,2011-11-10,4,0,11,2,0,4,1,2,0.38,0.3939,0.94,0,0,5,5
12582,2012-06-13,2,1,6,10,0,3,1,2,0.64,0.6061,0.65,0.4179,64,134,198
9845,2012-02-20,1,1,2,3,1,1,0,2,0.24,0.2273,0.81,0.194,0,8,8
14963,2012-09-20,3,1,9,15,0,4,1,1,0.66,0.6212,0.47,0.194,60,231,291
17287,2012-12-28,1,1,12,3,0,5,1,2,0.24,0.2424,0.6,0.1642,0,2,2
6587,2011-10-07,4,0,10,0,0,5,1,1,0.44,0.4394,0.88,0,19,48,67
5698,2011-08-30,3,0,8,20,0,2,1,1,0.66,0.6212,0.5,0,39,259,298
12568,2012-06-12,2,1,6,20,0,2,1,1,0.68,0.6364,0.83,0.194,36,350,386
13277,2012-07-12,3,1,7,9,0,4,1,1,0.72,0.6667,0.58,0.1045,42,285,327
13366,2012-07-16,3,1,7,2,0,1,1,1,0.7,0.6667,0.74,0.1045,4,11,15
10862,2012-04-02,2,1,4,17,0,1,1,1,0.5,0.4848,0.29,0.2836,128,601,729
14032,2012-08-12,3,1,8,20,0,0,0,1,0.72,0.6515,0.45,0,96,204,300
15397,2012-10-08,4,1,10,17,1,1,0,2,0.42,0.4242,0.66,0.2537,81,416,497
10261,2012-03-08,1,1,3,14,0,4,1,2,0.62,0.6212,0.43,0.6418,48,155,203
12386,2012-06-05,2,1,6,6,0,2,1,1,0.48,0.4697,0.82,0.2537,7,177,184
5082,2011-08-04,3,0,8,15,0,4,1,1,0.8,0.7576,0.55,0.2537,50,115,165
14146,2012-08-17,3,1,8,14,0,5,1,1,0.86,0.2424,0.34,0.4179,128,200,328
17353,2012-12-30,1,1,12,21,0,0,0,1,0.2,0.2121,0.51,0.1642,5,42,47
16127,2012-11-09,4,1,11,16,0,5,1,1,0.46,0.4545,0.38,0.1642,57,377,434
7599,2011-11-18,4,0,11,5,0,5,1,1,0.22,0.2273,0.44,0.1343,0,22,22
12954,2012-06-28,3,1,6,22,0,4,1,1,0.76,0.697,0.52,0.1642,50,224,274
6743,2011-10-13,4,0,10,12,0,4,1,2,0.62,0.5606,0.88,0,10,95,105
10157,2012-03-04,1,1,3,6,0,0,0,2,0.3,0.2727,0.52,0.2985,0,5,5
4636,2011-07-17,3,0,7,1,0,0,0,1,0.64,0.6061,0.69,0.194,16,86,102
6757,2011-10-14,4,0,10,2,0,5,1,1,0.56,0.5303,0.94,0.1642,0,6,6
17233,2012-12-25,1,1,12,21,1,2,0,2,0.3,0.2879,0.65,0.194,8,26,34
3541,2011-06-01,2,0,6,10,0,3,1,2,0.76,0.7424,0.75,0.2537,31,84,115
12264,2012-05-31,2,1,5,4,0,4,1,1,0.62,0.6061,0.69,0,0,8,8
15491,2012-10-12,4,1,10,15,0,5,1,1,0.52,0.5,0.42,0.4478,138,317,455
16058,2012-11-06,4,1,11,18,0,2,1,1,0.32,0.303,0.57,0.2985,20,477,497
5978,2011-09-11,3,0,9,14,0,0,0,1,0.72,0.6667,0.58,0.2836,120,222,342
1161,2011-02-21,1,0,2,3,1,1,0,2,0.34,0.303,0.42,0.2985,2,3,5
15095,2012-09-26,4,1,9,3,0,3,1,2,0.58,0.5455,0.64,0.2836,4,6,10
5956,2011-09-10,3,0,9,16,0,6,0,1,0.74,0.6818,0.55,0.194,170,261,431
14862,2012-09-16,3,1,9,10,0,0,0,1,0.62,0.6212,0.5,0.1045,160,330,490
14420,2012-08-29,3,1,8,0,0,3,1,1,0.66,0.6212,0.69,0,8,39,47
10108,2012-03-02,1,1,3,5,0,5,1,1,0.3,0.3333,0.7,0,0,24,24
7285,2011-11-05,4,0,11,3,0,6,0,1,0.3,0.2727,0.52,0.2985,0,8,8
7387,2011-11-09,4,0,11,9,0,3,1,1,0.34,0.3636,0.93,0,22,197,219
8479,2011-12-24,1,0,12,22,0,6,0,1,0.24,0.2879,0.52,0,8,12,20
14634,2012-09-06,3,1,9,22,0,4,1,1,0.64,0.5758,0.89,0.1642,24,193,217
14586,2012-09-04,3,1,9,22,0,2,1,1,0.74,0.697,0.7,0.2836,25,154,179
1574,2011-03-11,1,0,3,0,0,5,1,2,0.34,0.3485,1,0.0896,0,6,6
13868,2012-08-06,3,1,8,0,0,1,1,2,0.72,0.697,0.79,0,9,24,33
15986,2012-11-03,4,1,11,18,0,6,0,2,0.36,0.3333,0.46,0.2836,58,239,297
13915,2012-08-07,3,1,8,23,0,2,1,1,0.72,0.697,0.79,0,18,120,138
9900,2012-02-22,1,1,2,12,0,3,1,1,0.4,0.4091,0.62,0.2836,21,186,207
9637,2012-02-11,1,1,2,11,0,6,0,2,0.24,0.2576,0.81,0.1045,26,157,183
5377,2011-08-16,3,0,8,22,0,2,1,1,0.7,0.6515,0.61,0,31,121,152
15430,2012-10-10,4,1,10,2,0,3,1,2,0.46,0.4545,0.88,0,2,6,8
13214,2012-07-09,3,1,7,18,0,1,1,1,0.76,0.6818,0.48,0.1343,82,790,872
1330,2011-02-28,1,0,2,16,0,1,1,3,0.42,0.4242,1,0.1343,2,40,42
9681,2012-02-13,1,1,2,7,0,1,1,1,0.1,0.1061,0.54,0.194,1,194,195
7633,2011-11-19,4,0,11,15,0,6,0,1,0.42,0.4242,0.41,0.194,120,262,382
3773,2011-06-11,2,0,6,2,0,6,0,1,0.7,0.6667,0.79,0.1045,10,50,60
5485,2011-08-21,3,0,8,10,0,0,0,1,0.74,0.7121,0.74,0.2537,97,177,274
6082,2011-09-15,3,0,9,23,0,4,1,1,0.44,0.4394,0.67,0.2239,8,61,69
14629,2012-09-06,3,1,9,17,0,4,1,1,0.74,0.697,0.7,0.2537,67,741,808
15873,2012-10-28,4,1,10,13,0,0,0,2,0.48,0.4697,0.59,0.4179,75,316,391
3351,2011-05-24,2,0,5,12,0,2,1,1,0.76,0.6818,0.45,0.3881,41,129,170
1887,2011-03-24,2,0,3,9,0,4,1,2,0.26,0.2576,0.93,0.2239,3,94,97
624,2011-01-29,1,0,1,6,0,6,0,1,0.16,0.1818,0.64,0.1343,0,2,2
13433,2012-07-18,3,1,7,21,0,3,1,1,0.76,0.7121,0.62,0,53,266,319
1340,2011-03-01,1,0,3,2,0,2,1,1,0.24,0.2121,0.65,0.3881,0,4,4
17283,2012-12-27,1,1,12,23,0,4,1,2,0.24,0.2273,0.6,0.2537,2,24,26
5838,2011-09-05,3,0,9,16,1,1,0,2,0.68,0.6364,0.79,0.2836,92,192,284
12897,2012-06-26,3,1,6,13,0,2,1,1,0.7,0.6364,0.3,0.4627,74,232,306
7327,2011-11-06,4,0,11,21,0,0,0,1,0.36,0.3636,0.81,0.0896,11,77,88
3081,2011-05-13,2,0,5,6,0,5,1,3,0.5,0.4848,0.88,0.1343,6,76,82
13830,2012-08-04,3,1,8,10,0,6,0,1,0.82,0.7727,0.57,0.194,108,288,396
3795,2011-06-12,2,0,6,0,0,0,0,1,0.66,0.6061,0.78,0.2239,19,100,119
1502,2011-03-07,1,0,3,22,0,1,1,1,0.26,0.2576,0.48,0.1642,1,34,35
4996,2011-08-01,3,0,8,1,0,1,1,1,0.72,0.697,0.74,0.194,5,12,17
12797,2012-06-22,3,1,6,9,0,5,1,1,0.76,0.7121,0.58,0.2239,55,278,333
8627,2011-12-31,1,0,12,5,0,6,0,2,0.36,0.3485,0.76,0.2239,1,0,1
2387,2011-04-14,2,0,4,8,0,4,1,1,0.42,0.4242,0.58,0.1642,21,316,337
15676,2012-10-20,4,1,10,8,0,6,0,1,0.46,0.4545,0.67,0.1343,29,164,193
11975,2012-05-19,2,1,5,3,0,6,0,1,0.5,0.4848,0.48,0.1045,10,23,33
8332,2011-12-18,4,0,12,19,0,0,0,1,0.26,0.2727,0.52,0.1343,5,130,135
7921,2011-12-01,4,0,12,16,0,4,1,1,0.4,0.4091,0.4,0.194,9,192,201
14340,2012-08-25,3,1,8,16,0,6,0,2,0.66,0.6212,0.74,0.2985,174,260,434
10407,2012-03-14,1,1,3,17,0,3,1,1,0.7,0.6364,0.28,0.0896,140,642,782
5710,2011-08-31,3,0,8,8,0,3,1,1,0.62,0.6061,0.69,0,27,440,467
2533,2011-04-20,2,0,4,10,0,3,1,1,0.62,0.6061,0.69,0.0896,45,86,131
517,2011-01-23,1,0,1,15,0,0,0,1,0.16,0.1364,0.28,0.3582,13,64,77
673,2011-01-31,1,0,1,8,0,1,1,2,0.16,0.1364,0.59,0.2836,3,182,185
15233,2012-10-01,4,1,10,21,0,1,1,2,0.54,0.5152,0.73,0.1343,13,205,218
13935,2012-08-08,3,1,8,19,0,3,1,1,0.76,0.7273,0.66,0.2239,119,567,686
15277,2012-10-03,4,1,10,17,0,3,1,1,0.7,0.6515,0.65,0,84,833,917
15775,2012-10-24,4,1,10,11,0,3,1,1,0.58,0.5455,0.64,0,47,189,236
9092,2012-01-19,1,1,1,17,0,4,1,2,0.26,0.2273,0.44,0.3284,21,364,385
10308,2012-03-10,1,1,3,13,0,6,0,1,0.32,0.303,0.29,0.2836,89,268,357
7440,2011-11-11,4,0,11,14,1,5,0,1,0.38,0.3939,0.37,0.4627,64,183,247
4723,2011-07-20,3,0,7,16,0,3,1,1,0.84,0.8182,0.56,0,30,204,234
16759,2012-12-06,4,1,12,1,0,4,1,1,0.26,0.2424,0.48,0.2836,0,16,16
6113,2011-09-17,3,0,9,6,0,6,0,2,0.46,0.4545,0.72,0.2239,5,17,22
4239,2011-06-30,3,0,6,12,0,4,1,1,0.76,0.6667,0.35,0.1642,50,183,233
13481,2012-07-20,3,1,7,21,0,5,1,3,0.62,0.5758,0.83,0.3284,14,108,122
10740,2012-03-28,2,1,3,14,0,3,1,1,0.62,0.6212,0.38,0.3582,52,169,221
14150,2012-08-17,3,1,8,18,0,5,1,2,0.82,0.2424,0.38,0.2537,108,561,669
7720,2011-11-23,4,0,11,6,0,3,1,2,0.44,0.4394,1,0,1,68,69
10933,2012-04-05,2,1,4,16,0,4,1,1,0.5,0.4848,0.31,0.194,84,318,402
1473,2011-03-06,1,0,3,16,0,0,0,3,0.36,0.3333,1,0.2836,3,8,11
10582,2012-03-22,2,1,3,0,0,4,1,1,0.52,0.5,0.83,0.0896,9,32,41
8619,2011-12-30,1,0,12,21,0,5,1,2,0.36,0.3636,0.66,0.1045,11,84,95
15715,2012-10-21,4,1,10,23,0,0,0,1,0.44,0.4394,0.54,0,7,59,66
8956,2012-01-14,1,1,1,0,0,6,0,1,0.16,0.1818,0.47,0.1045,2,42,44
850,2011-02-07,1,0,2,20,0,1,1,2,0.32,0.3333,0.7,0.1045,6,82,88
16819,2012-12-08,4,1,12,13,0,6,0,2,0.4,0.4091,0.87,0.1642,148,399,547
9072,2012-01-18,1,1,1,21,0,3,1,1,0.2,0.1667,0.4,0.4179,5,119,124
10762,2012-03-29,2,1,3,12,0,4,1,1,0.5,0.4848,0.42,0.4925,64,228,292
9682,2012-02-13,1,1,2,8,0,1,1,1,0.1,0.1212,0.54,0.1343,4,413,417
10944,2012-04-06,2,1,4,3,0,5,1,1,0.34,0.303,0.53,0.3284,3,5,8
2211,2011-04-06,2,0,4,23,0,3,1,1,0.46,0.4545,0.41,0.2985,11,29,40
13050,2012-07-02,3,1,7,22,0,1,1,1,0.74,0.6667,0.51,0.1642,19,169,188
3527,2011-05-31,2,0,5,20,0,2,1,1,0.78,0.7424,0.62,0.1045,38,213,251
9073,2012-01-18,1,1,1,22,0,3,1,1,0.18,0.1667,0.47,0.2537,4,74,78
3203,2011-05-18,2,0,5,8,0,3,1,1,0.56,0.5303,0.88,0.2836,25,428,453
10414,2012-03-15,1,1,3,0,0,4,1,1,0.54,0.5152,0.49,0.1343,14,46,60
983,2011-02-13,1,0,2,14,0,0,0,2,0.4,0.4091,0.3,0.4179,51,110,161
16496,2012-11-25,4,1,11,1,0,0,0,1,0.22,0.2273,0.44,0.194,4,32,36
14520,2012-09-02,3,1,9,4,0,0,0,1,0.66,0.5909,0.89,0,7,15,22
7137,2011-10-29,4,0,10,23,0,6,0,1,0.22,0.2273,0.87,0.194,3,33,36
13406,2012-07-17,3,1,7,18,0,2,1,1,0.9,0.803,0.33,0.194,60,712,772
3425,2011-05-27,2,0,5,14,0,5,1,1,0.76,0.697,0.55,0.2537,51,188,239
415,2011-01-19,1,0,1,7,0,3,1,2,0.24,0.2576,0.92,0.1045,1,89,90
3594,2011-06-03,2,0,6,15,0,5,1,1,0.7,0.6364,0.28,0.2836,56,156,212
14886,2012-09-17,3,1,9,10,0,1,1,2,0.62,0.6061,0.65,0.194,73,129,202
7937,2011-12-02,4,0,12,8,0,5,1,1,0.24,0.2879,0.87,0,13,432,445
12747,2012-06-20,2,1,6,7,0,3,1,2,0.66,0.5909,0.89,0,20,444,464
8601,2011-12-30,1,0,12,3,0,5,1,1,0.24,0.2576,0.7,0.1045,0,6,6
10152,2012-03-04,1,1,3,1,0,0,0,2,0.38,0.3939,0.34,0.194,16,60,76
14843,2012-09-15,3,1,9,15,0,6,0,2,0.68,0.6364,0.34,0.2836,312,342,654
4718,2011-07-20,3,0,7,11,0,3,1,1,0.8,0.7879,0.63,0.0896,26,116,142
2095,2011-04-02,2,0,4,3,0,6,0,1,0.24,0.2424,0.7,0.1642,1,8,9
1005,2011-02-14,1,0,2,12,0,1,1,1,0.56,0.5303,0.22,0.4478,27,99,126
11728,2012-05-08,2,1,5,20,0,2,1,2,0.64,0.6061,0.69,0.2836,40,262,302
7625,2011-11-19,4,0,11,7,0,6,0,1,0.24,0.2273,0.6,0.2537,3,38,41
16682,2012-12-02,4,1,12,20,0,0,0,2,0.42,0.4242,0.82,0.194,12,142,154
2341,2011-04-12,2,0,4,10,0,2,1,3,0.5,0.4848,0.82,0.4179,6,34,40
266,2011-01-12,1,0,1,12,0,3,1,1,0.2,0.1515,0.47,0.5821,3,52,55
9227,2012-01-25,1,1,1,8,0,3,1,1,0.24,0.2273,0.7,0.2537,18,495,513
10761,2012-03-29,2,1,3,11,0,4,1,1,0.5,0.4848,0.45,0.4179,54,166,220
9059,2012-01-18,1,1,1,8,0,3,1,1,0.3,0.2727,0.52,0.4179,15,474,489
12013,2012-05-20,2,1,5,17,0,0,0,1,0.72,0.6515,0.45,0.3284,209,340,549
6573,2011-10-06,4,0,10,10,0,4,1,1,0.52,0.5,0.52,0,24,105,129
3334,2011-05-23,2,0,5,19,0,1,1,1,0.7,0.6667,0.74,0.2239,56,302,358
12354,2012-06-03,2,1,6,22,0,0,0,1,0.62,0.6212,0.5,0.3881,61,165,226
11676,2012-05-06,2,1,5,16,0,0,0,2,0.62,0.6061,0.61,0,181,363,544
9564,2012-02-08,1,1,2,10,0,3,1,2,0.26,0.2576,0.7,0.2239,1,107,108
3543,2011-06-01,2,0,6,12,0,3,1,1,0.86,0.8333,0.53,0,32,137,169
13440,2012-07-19,3,1,7,4,0,4,1,1,0.72,0.6818,0.7,0.1045,0,8,8
254,2011-01-11,1,0,1,22,0,2,1,3,0.16,0.1818,0.93,0.1045,1,28,29
11905,2012-05-16,2,1,5,5,0,3,1,1,0.54,0.5152,0.94,0.1045,4,34,38
17296,2012-12-28,1,1,12,12,0,5,1,2,0.3,0.303,0.49,0.1343,72,150,222
1149,2011-02-20,1,0,2,15,0,0,0,1,0.36,0.3636,0.27,0.0896,66,102,168
2143,2011-04-04,2,0,4,3,0,1,1,1,0.38,0.3939,0.66,0.2836,1,0,1
6093,2011-09-16,3,0,9,10,0,5,1,2,0.5,0.4848,0.51,0.2836,36,104,140
6404,2011-09-29,4,0,9,9,0,4,1,1,0.62,0.5909,0.78,0.2537,27,198,225
3852,2011-06-14,2,0,6,9,0,2,1,1,0.62,0.6212,0.46,0.194,19,174,193
7722,2011-11-23,4,0,11,8,0,3,1,2,0.48,0.4697,0.94,0.1045,7,316,323
1083,2011-02-17,1,0,2,20,0,4,1,1,0.48,0.4697,0.59,0.3284,8,131,139
1672,2011-03-15,1,0,3,6,0,2,1,1,0.22,0.2273,0.8,0.194,3,32,35
11763,2012-05-10,2,1,5,7,0,4,1,1,0.44,0.4394,0.72,0.2985,8,393,401
3243,2011-05-20,2,0,5,0,0,5,1,1,0.46,0.4545,0.94,0.0896,15,33,48
6819,2011-10-16,4,0,10,16,0,0,0,1,0.6,0.6212,0.46,0.3881,177,289,466
15511,2012-10-13,4,1,10,11,0,6,0,1,0.42,0.4242,0.35,0.1343,192,335,527
1504,2011-03-08,1,0,3,0,0,2,1,1,0.26,0.2879,0.48,0.0896,1,9,10
9888,2012-02-22,1,1,2,0,0,3,1,1,0.32,0.303,0.66,0.2239,5,19,24
1972,2011-03-27,2,0,3,23,0,0,0,1,0.26,0.2576,0.44,0.194,3,16,19
13825,2012-08-04,3,1,8,5,0,6,0,1,0.7,0.6667,0.84,0.2239,1,16,17
3799,2011-06-12,2,0,6,4,0,0,0,1,0.62,0.5606,0.88,0.1642,8,6,14
4864,2011-07-26,3,0,7,13,0,2,1,1,0.84,0.7273,0.32,0.2985,43,139,182
7290,2011-11-05,4,0,11,8,0,6,0,1,0.28,0.2576,0.56,0.3284,4,80,84
695,2011-02-01,1,0,2,7,0,2,1,3,0.16,0.2273,0.93,0,0,52,52
5730,2011-09-01,3,0,9,4,0,4,1,1,0.56,0.5303,0.83,0.0896,0,7,7
13937,2012-08-08,3,1,8,21,0,3,1,1,0.74,0.697,0.66,0.1045,70,311,381
3856,2011-06-14,2,0,6,13,0,2,1,1,0.64,0.6212,0.44,0.2239,33,176,209
5965,2011-09-11,3,0,9,1,0,0,0,2,0.62,0.5606,0.88,0,22,66,88
14660,2012-09-08,3,1,9,0,0,6,0,1,0.66,0.5909,0.89,0.2537,20,130,150
14308,2012-08-24,3,1,8,8,0,5,1,2,0.66,0.6212,0.74,0,41,703,744
13450,2012-07-19,3,1,7,14,0,4,1,1,0.86,0.7879,0.44,0.0896,46,151,197
17010,2012-12-16,4,1,12,12,0,0,0,2,0.38,0.3939,0.82,0.194,67,350,417
11493,2012-04-29,2,1,4,1,0,0,0,2,0.36,0.3485,0.81,0.1343,5,37,42
11933,2012-05-17,2,1,5,9,0,4,1,1,0.54,0.5152,0.52,0.4179,57,289,346
999,2011-02-14,1,0,2,6,0,1,1,1,0.34,0.303,0.46,0.2985,1,25,26
3095,2011-05-13,2,0,5,20,0,5,1,2,0.52,0.5,0.83,0.1343,22,130,152
10646,2012-03-24,2,1,3,16,0,6,0,3,0.5,0.4848,0.94,0.2985,49,128,177
2115,2011-04-02,2,0,4,23,0,6,0,1,0.32,0.3182,0.61,0.1642,20,33,53
15290,2012-10-04,4,1,10,6,0,4,1,3,0.62,0.5455,0.94,0.0896,1,132,133
2274,2011-04-09,2,0,4,14,0,6,0,2,0.36,0.3485,0.81,0.1343,94,118,212
7301,2011-11-05,4,0,11,19,0,6,0,1,0.34,0.3636,0.53,0,45,159,204
8893,2012-01-11,1,1,1,9,0,3,1,2,0.2,0.2121,0.86,0.1343,7,218,225
3245,2011-05-20,2,0,5,2,0,5,1,1,0.44,0.4394,1,0.0896,4,4,8
10515,2012-03-19,1,1,3,5,0,1,1,1,0.44,0.4394,0.94,0,0,31,31
6183,2011-09-20,3,0,9,4,0,2,1,1,0.54,0.5152,0.88,0.194,2,4,6
3101,2011-05-14,2,0,5,2,0,6,0,2,0.5,0.4848,0.88,0.1343,15,37,52
12597,2012-06-14,2,1,6,1,0,4,1,1,0.6,0.6212,0.56,0.2239,4,17,21
4818,2011-07-24,3,0,7,15,0,0,0,1,0.9,0.8485,0.42,0.2537,68,170,238
15823,2012-10-26,4,1,10,11,0,5,1,2,0.56,0.5303,0.78,0.1642,68,222,290
7976,2011-12-03,4,0,12,23,0,6,0,1,0.3,0.303,0.7,0.1343,12,73,85
3564,2011-06-02,2,0,6,9,0,4,1,1,0.72,0.6364,0.26,0.3582,28,197,225
14715,2012-09-10,3,1,9,7,0,1,1,1,0.52,0.5,0.68,0.2239,20,427,447
13079,2012-07-04,3,1,7,3,1,3,0,1,0.68,0.6364,0.74,0.194,9,23,32
8655,2012-01-01,1,1,1,9,0,0,0,1,0.26,0.2727,0.93,0.1045,13,27,40
4473,2011-07-10,3,0,7,6,0,0,0,1,0.64,0.5909,0.78,0.0896,8,17,25
6177,2011-09-19,3,0,9,22,0,1,1,2,0.56,0.5303,0.68,0.1642,25,104,129
17027,2012-12-17,4,1,12,5,0,1,1,2,0.38,0.3939,0.87,0,0,24,24
6313,2011-09-25,4,0,9,14,0,0,0,2,0.66,0.6061,0.78,0,116,231,347
16822,2012-12-08,4,1,12,16,0,6,0,1,0.42,0.4242,0.82,0.1642,139,368,507
16151,2012-11-10,4,1,11,16,0,6,0,1,0.54,0.5152,0.37,0,227,378,605
15753,2012-10-23,4,1,10,13,0,2,1,2,0.64,0.6212,0.44,0,59,244,303
15186,2012-09-29,4,1,9,22,0,6,0,1,0.5,0.4848,0.63,0.1045,48,173,221
14777,2012-09-12,3,1,9,21,0,3,1,1,0.6,0.6061,0.6,0.1343,27,279,306
16702,2012-12-03,4,1,12,16,0,1,1,1,0.6,0.6212,0.53,0.1343,45,397,442
9280,2012-01-27,1,1,1,13,0,5,1,1,0.5,0.4848,0.59,0.4627,26,175,201
2636,2011-04-24,2,0,4,17,0,0,0,1,0.66,0.6212,0.65,0.2985,142,189,331
7746,2011-11-24,4,0,11,8,1,4,0,1,0.3,0.3182,0.65,0.0896,4,42,46
14633,2012-09-06,3,1,9,21,0,4,1,1,0.64,0.5758,0.89,0.1642,32,240,272
15118,2012-09-27,4,1,9,2,0,4,1,1,0.6,0.5758,0.78,0.0896,3,13,16
3232,2011-05-19,2,0,5,13,0,4,1,3,0.58,0.5455,0.64,0.2537,44,139,183
12294,2012-06-01,2,1,6,10,0,5,1,2,0.66,0.6061,0.78,0.2836,49,155,204
14355,2012-08-26,3,1,8,7,0,0,0,1,0.64,0.5758,0.89,0.194,11,23,34
2485,2011-04-18,2,0,4,10,0,1,1,2,0.52,0.5,0.55,0.1045,41,68,109
4843,2011-07-25,3,0,7,16,0,1,1,1,0.7,0.6667,0.84,0.2239,37,161,198
10785,2012-03-30,2,1,3,11,0,5,1,2,0.36,0.3788,0.53,0,48,153,201
14354,2012-08-26,3,1,8,6,0,0,0,1,0.62,0.5606,0.88,0.2985,5,16,21
4591,2011-07-15,3,0,7,4,0,5,1,1,0.6,0.5909,0.73,0.1642,2,8,10
5968,2011-09-11,3,0,9,4,0,0,0,1,0.6,0.5606,0.83,0.1343,3,6,9
15046,2012-09-24,4,1,9,2,0,1,1,2,0.46,0.4545,0.63,0.1343,0,8,8
8350,2011-12-19,4,0,12,13,0,1,1,1,0.34,0.303,0.49,0.3284,15,127,142
5351,2011-08-15,3,0,8,20,0,1,1,1,0.66,0.6212,0.74,0.1343,45,240,285
953,2011-02-12,1,0,2,7,0,6,0,1,0.12,0.1515,0.8,0.1045,2,9,11
12180,2012-05-27,2,1,5,16,0,0,0,1,0.78,0.7121,0.52,0.2836,258,243,501
14559,2012-09-03,3,1,9,19,1,1,0,1,0.72,0.697,0.74,0.194,73,301,374
5665,2011-08-29,3,0,8,11,0,1,1,1,0.66,0.6212,0.47,0.1642,38,100,138
12191,2012-05-28,2,1,5,3,1,1,0,1,0.62,0.5909,0.73,0.1642,6,12,18
3410,2011-05-26,2,0,5,23,0,4,1,1,0.7,0.6515,0.65,0.194,17,73,90
8300,2011-12-17,4,0,12,11,0,6,0,2,0.28,0.2576,0.45,0.3284,21,188,209
4776,2011-07-22,3,0,7,21,0,5,1,1,0.82,0.803,0.59,0.0896,38,152,190
1719,2011-03-17,1,0,3,6,0,4,1,1,0.32,0.3182,0.76,0.194,4,47,51
7809,2011-11-26,4,0,11,23,0,6,0,1,0.36,0.3788,0.81,0,18,51,69
10722,2012-03-27,2,1,3,20,0,2,1,1,0.42,0.4242,0.17,0.0896,28,266,294
12547,2012-06-11,2,1,6,23,0,1,1,2,0.7,0.6515,0.58,0.2239,8,72,80
16331,2012-11-18,4,1,11,4,0,0,0,2,0.3,0.2879,0.81,0.194,4,8,12
8442,2011-12-23,1,0,12,9,0,5,1,1,0.4,0.4091,0.66,0.2985,4,152,156
10361,2012-03-12,1,1,3,19,0,1,1,2,0.56,0.5303,0.49,0.2239,67,379,446
13311,2012-07-13,3,1,7,19,0,5,1,1,0.74,0.6667,0.51,0.1642,103,385,488
6483,2011-10-02,4,0,10,16,0,0,0,3,0.36,0.3485,0.87,0.194,44,162,206
7979,2011-12-04,4,0,12,2,0,0,0,1,0.26,0.303,0.81,0,11,51,62
7418,2011-11-10,4,0,11,16,0,4,1,3,0.36,0.3485,0.81,0.2239,6,67,73
13749,2012-08-01,3,1,8,1,0,3,1,1,0.66,0.6061,0.83,0.0896,5,28,33
2565,2011-04-21,2,0,4,18,0,4,1,1,0.5,0.4848,0.25,0.2836,71,381,452
5929,2011-09-09,3,0,9,13,0,5,1,1,0.7,0.6667,0.79,0.0896,14,108,122
15238,2012-10-02,4,1,10,2,0,2,1,2,0.54,0.5152,0.77,0.1045,0,2,2
7886,2011-11-30,4,0,11,5,0,3,1,1,0.28,0.2727,0.81,0.194,1,21,22
5153,2011-08-07,3,0,8,14,0,0,0,1,0.86,0.803,0.47,0.194,130,192,322
1147,2011-02-20,1,0,2,13,0,0,0,1,0.34,0.3333,0.29,0,76,122,198
13392,2012-07-17,3,1,7,4,0,2,1,1,0.72,0.6818,0.62,0,0,7,7
1938,2011-03-26,2,0,3,12,0,6,0,1,0.3,0.2879,0.36,0.194,98,129,227
15149,2012-09-28,4,1,9,9,0,5,1,2,0.62,0.5758,0.83,0.1045,27,399,426
1032,2011-02-15,1,0,2,16,0,2,1,1,0.34,0.3182,0.19,0.2537,21,77,98
3885,2011-06-15,2,0,6,18,0,3,1,1,0.72,0.6515,0.32,0.1343,80,527,607
14104,2012-08-15,3,1,8,20,0,3,1,1,0.7,0.6515,0.61,0.1343,72,355,427
7653,2011-11-20,4,0,11,11,0,0,0,2,0.5,0.4848,0.63,0.1045,74,212,286
17172,2012-12-23,1,1,12,6,0,0,0,1,0.16,0.197,0.64,0.0896,4,5,9
12385,2012-06-05,2,1,6,5,0,2,1,3,0.48,0.4697,0.82,0.1642,1,35,36
457,2011-01-21,1,0,1,1,0,5,1,2,0.24,0.2273,0.7,0.2537,0,6,6
11252,2012-04-19,2,1,4,0,0,4,1,3,0.42,0.4242,0.77,0,5,20,25
3337,2011-05-23,2,0,5,22,0,1,1,1,0.62,0.5455,0.94,0.2239,25,106,131
5398,2011-08-17,3,0,8,19,0,3,1,1,0.76,0.697,0.55,0.2239,50,297,347
10130,2012-03-03,1,1,3,3,0,6,0,2,0.36,0.3485,0.93,0.1642,1,20,21
3859,2011-06-14,2,0,6,16,0,2,1,1,0.68,0.6364,0.41,0.194,51,279,330
97,2011-01-05,1,0,1,5,0,3,1,1,0.22,0.2273,0.47,0.1642,0,3,3
3508,2011-05-31,2,0,5,1,0,2,1,1,0.68,0.6364,0.89,0.0896,8,9,17
3131,2011-05-15,2,0,5,8,0,0,0,2,0.54,0.5152,0.94,0.1343,24,46,70
2475,2011-04-18,2,0,4,0,0,1,1,1,0.46,0.4545,0.47,0.0896,15,24,39
3932,2011-06-17,2,0,6,17,0,5,1,3,0.76,0.6818,0.4,0.194,85,467,552
2628,2011-04-24,2,0,4,9,0,0,0,1,0.56,0.5303,0.88,0.2537,73,104,177
3774,2011-06-11,2,0,6,3,0,6,0,1,0.68,0.6364,0.83,0.0896,10,18,28
14606,2012-09-05,3,1,9,18,0,3,1,1,0.76,0.7424,0.75,0.194,82,757,839
2240,2011-04-08,2,0,4,4,0,5,1,2,0.34,0.3333,0.86,0.1343,0,1,1
12789,2012-06-22,3,1,6,1,0,5,1,1,0.76,0.7424,0.75,0.1642,3,28,31
7094,2011-10-28,4,0,10,4,0,5,1,1,0.3,0.2879,0.65,0.2836,5,5,10
7895,2011-11-30,4,0,11,14,0,3,1,2,0.38,0.3939,0.43,0.3582,13,99,112
7513,2011-11-14,4,0,11,15,0,1,1,1,0.64,0.6212,0.44,0.3284,53,142,195
13638,2012-07-27,3,1,7,10,0,5,1,1,0.84,0.7727,0.47,0,85,146,231
3028,2011-05-11,2,0,5,1,0,3,1,2,0.5,0.4848,0.59,0.1045,4,16,20
5748,2011-09-01,3,0,9,22,0,4,1,2,0.66,0.6212,0.57,0.2239,34,145,179
5139,2011-08-07,3,0,8,0,0,0,0,2,0.7,0.6667,0.84,0.2836,14,66,80
12213,2012-05-29,2,1,5,1,0,2,1,1,0.7,0.6667,0.79,0.194,1,13,14
2390,2011-04-14,2,0,4,11,0,4,1,1,0.52,0.5,0.45,0.1642,28,87,115
7947,2011-12-02,4,0,12,18,0,5,1,1,0.4,0.4091,0.5,0,10,362,372
16820,2012-12-08,4,1,12,14,0,6,0,2,0.4,0.4091,0.87,0.2836,164,378,542
1593,2011-03-11,1,0,3,20,0,5,1,1,0.3,0.303,0.56,0.1642,6,70,76
2392,2011-04-14,2,0,4,13,0,4,1,1,0.56,0.5303,0.37,0.2239,38,121,159
3083,2011-05-13,2,0,5,8,0,5,1,2,0.5,0.4848,0.88,0.194,26,361,387
7590,2011-11-17,4,0,11,20,0,4,1,1,0.3,0.2879,0.42,0.2836,7,162,169
8012,2011-12-05,4,0,12,11,0,1,1,2,0.36,0.3636,0.87,0.0896,17,106,123
11741,2012-05-09,2,1,5,9,0,3,1,2,0.6,0.5606,0.83,0,40,285,325
6835,2011-10-17,4,0,10,8,0,1,1,2,0.5,0.4848,0.51,0.2537,33,381,414
15703,2012-10-21,4,1,10,11,0,0,0,1,0.52,0.5,0.44,0.3284,191,356,547
13251,2012-07-11,3,1,7,7,0,3,1,2,0.66,0.6061,0.83,0.1045,26,471,497
5157,2011-08-07,3,0,8,18,0,0,0,1,0.72,0.697,0.74,0.0896,74,155,229
7664,2011-11-20,4,0,11,22,0,0,0,3,0.46,0.4545,0.88,0.0896,5,35,40
14434,2012-08-29,3,1,8,14,0,3,1,1,0.76,0.6818,0.4,0.0896,87,214,301
16400,2012-11-21,4,1,11,1,0,3,1,1,0.32,0.3333,0.81,0.1045,1,13,14
1664,2011-03-14,1,0,3,21,0,1,1,1,0.34,0.3333,0.46,0.1343,5,58,63
2902,2011-05-05,2,0,5,19,0,4,1,1,0.54,0.5152,0.28,0.2239,56,305,361
4100,2011-06-24,3,0,6,17,0,5,1,1,0.76,0.6667,0.37,0.2537,85,472,557
14917,2012-09-18,3,1,9,17,0,2,1,3,0.6,0.5455,0.88,0.194,36,302,338
17103,2012-12-20,4,1,12,9,0,4,1,2,0.3,0.3333,0.7,0,14,303,317
5089,2011-08-04,3,0,8,22,0,4,1,1,0.68,0.6364,0.74,0.194,33,141,174
15145,2012-09-28,4,1,9,5,0,5,1,1,0.56,0.5303,0.88,0,1,37,38
2541,2011-04-20,2,0,4,18,0,3,1,1,0.74,0.6515,0.3,0.3582,56,385,441
12964,2012-06-29,3,1,6,8,0,5,1,2,0.74,0.6818,0.55,0.1045,48,576,624
10548,2012-03-20,1,1,3,14,0,2,1,2,0.6,0.5909,0.73,0.1642,66,182,248
11959,2012-05-18,2,1,5,11,0,5,1,1,0.62,0.6212,0.43,0,109,225,334
6408,2011-09-29,4,0,9,13,0,4,1,1,0.64,0.6212,0.61,0.194,36,175,211
12274,2012-05-31,2,1,5,14,0,4,1,1,0.76,0.6667,0.31,0.194,61,193,254
7793,2011-11-26,4,0,11,7,0,6,0,1,0.26,0.2727,0.87,0.1045,4,13,17
6841,2011-10-17,4,0,10,14,0,1,1,1,0.58,0.5455,0.49,0.194,44,122,166
2355,2011-04-13,2,0,4,0,0,3,1,2,0.4,0.4091,1,0.2985,3,12,15
2135,2011-04-03,2,0,4,19,0,0,0,2,0.42,0.4242,0.44,0.194,51,93,144
9842,2012-02-20,1,1,2,0,1,1,0,2,0.24,0.2576,0.87,0.0896,5,36,41
2398,2011-04-14,2,0,4,19,0,4,1,1,0.54,0.5152,0.32,0,37,222,259
16004,2012-11-04,4,1,11,12,0,0,0,1,0.38,0.3939,0.46,0.2239,150,354,504
4185,2011-06-28,3,0,6,6,0,2,1,1,0.66,0.6061,0.83,0.1642,7,117,124
15499,2012-10-12,4,1,10,23,0,5,1,1,0.36,0.3485,0.57,0.194,11,89,100
2577,2011-04-22,2,0,4,6,0,5,1,1,0.34,0.3182,0.53,0.2836,2,47,49
2374,2011-04-13,2,0,4,19,0,3,1,1,0.44,0.4394,0.62,0.2537,15,160,175
11810,2012-05-12,2,1,5,6,0,6,0,1,0.42,0.4242,0.67,0.0896,10,23,33
13716,2012-07-30,3,1,7,16,0,1,1,1,0.8,0.7424,0.49,0.2836,88,337,425
11400,2012-04-25,2,1,4,4,0,3,1,1,0.34,0.3485,0.66,0.0896,0,6,6
8766,2012-01-06,1,1,1,1,0,5,1,1,0.22,0.2727,0.75,0,2,6,8
15655,2012-10-19,4,1,10,11,0,5,1,1,0.6,0.5606,0.83,0.194,41,211,252
1282,2011-02-26,1,0,2,13,0,6,0,2,0.34,0.3182,0.42,0.2537,38,136,174
8631,2011-12-31,1,0,12,9,0,6,0,1,0.38,0.3939,0.76,0,18,72,90
15172,2012-09-29,4,1,9,8,0,6,0,1,0.5,0.4848,0.68,0.2836,37,174,211
5641,2011-08-28,3,0,8,11,0,0,0,1,0.7,0.6515,0.58,0.3881,59,178,237
15155,2012-09-28,4,1,9,15,0,5,1,2,0.68,0.6364,0.54,0.2836,104,288,392
9836,2012-02-19,1,1,2,18,0,0,0,2,0.3,0.2727,0.49,0.3284,23,144,167
11421,2012-04-26,2,1,4,1,0,4,1,2,0.48,0.4697,0.48,0.0896,1,22,23
2516,2011-04-19,2,0,4,17,0,2,1,1,0.56,0.5303,0.6,0.1045,39,372,411
16076,2012-11-07,4,1,11,12,0,3,1,2,0.32,0.303,0.53,0.2836,24,188,212
4263,2011-07-01,3,0,7,12,0,5,1,1,0.8,0.697,0.26,0,83,180,263
12170,2012-05-27,2,1,5,6,0,0,0,1,0.62,0.5758,0.83,0.1642,8,14,22
15662,2012-10-19,4,1,10,18,0,5,1,1,0.56,0.5303,0.83,0.1045,21,212,233
1472,2011-03-06,1,0,3,15,0,0,0,3,0.44,0.4394,1,0.2239,3,4,7
416,2011-01-19,1,0,1,8,0,3,1,2,0.24,0.2576,0.93,0.1045,1,196,197
6957,2011-10-22,4,0,10,11,0,6,0,2,0.44,0.4394,0.62,0.1045,110,172,282
6347,2011-09-27,4,0,9,0,0,2,1,1,0.62,0.5455,0.94,0.1343,9,28,37
5014,2011-08-01,3,0,8,19,0,1,1,1,0.74,0.6667,0.51,0.2239,63,350,413
5779,2011-09-03,3,0,9,5,0,6,0,1,0.62,0.6061,0.69,0.194,3,9,12
12611,2012-06-14,2,1,6,15,0,4,1,1,0.74,0.6667,0.48,0.2985,111,213,324
3696,2011-06-07,2,0,6,21,0,2,1,1,0.72,0.6818,0.7,0.1343,31,187,218
711,2011-02-01,1,0,2,23,0,2,1,3,0.2,0.197,0.93,0.194,1,15,16
12308,2012-06-02,2,1,6,0,0,6,0,2,0.56,0.5303,0.83,0.1343,5,81,86
15032,2012-09-23,4,1,9,12,0,0,0,1,0.56,0.5303,0.43,0.1045,250,526,776
3529,2011-05-31,2,0,5,22,0,2,1,1,0.74,0.697,0.7,0.1642,42,117,159
4504,2011-07-11,3,0,7,13,0,1,1,1,0.86,0.8182,0.5,0.2537,22,119,141
7307,2011-11-06,4,0,11,1,0,0,0,1,0.26,0.303,0.81,0,11,104,115
2529,2011-04-20,2,0,4,6,0,3,1,1,0.42,0.4242,0.94,0.1642,2,62,64
15248,2012-10-02,4,1,10,12,0,2,1,2,0.6,0.5455,0.88,0.194,6,98,104
9202,2012-01-24,1,1,1,7,0,2,1,2,0.32,0.3333,0.93,0.1343,11,221,232
16567,2012-11-28,4,1,11,0,0,3,1,2,0.26,0.2424,0.75,0.2537,1,22,23
2894,2011-05-05,2,0,5,11,0,4,1,1,0.52,0.5,0.36,0.4478,43,105,148
13609,2012-07-26,3,1,7,5,0,4,1,1,0.66,0.6212,0.74,0.194,2,40,42
1496,2011-03-07,1,0,3,16,0,1,1,1,0.34,0.303,0.31,0.3582,26,96,122
6635,2011-10-09,4,0,10,0,0,0,0,1,0.46,0.4545,0.88,0.0896,46,83,129
12571,2012-06-12,2,1,6,23,0,2,1,3,0.66,0.5909,0.94,0.2239,11,78,89
6250,2011-09-22,3,0,9,23,0,4,1,2,0.62,0.5455,0.94,0,14,99,113
6868,2011-10-18,4,0,10,17,0,2,1,1,0.6,0.6061,0.6,0.1343,72,553,625
15908,2012-10-31,4,1,10,12,0,3,1,1,0.4,0.4091,0.58,0.194,44,197,241
4092,2011-06-24,3,0,6,9,0,5,1,1,0.74,0.6818,0.62,0.1343,28,203,231
12069,2012-05-23,2,1,5,1,0,3,1,1,0.6,0.5606,0.83,0.1642,23,9,32
2889,2011-05-05,2,0,5,6,0,4,1,1,0.34,0.3182,0.66,0.2537,3,86,89
13783,2012-08-02,3,1,8,11,0,4,1,1,0.82,0.7727,0.52,0.1045,59,167,226
15079,2012-09-25,4,1,9,11,0,2,1,1,0.6,0.6212,0.46,0.2985,63,155,218
1524,2011-03-08,1,0,3,20,0,2,1,1,0.32,0.3333,0.39,0.0896,2,74,76
10546,2012-03-20,1,1,3,12,0,2,1,1,0.6,0.5758,0.78,0.2537,56,205,261
16794,2012-12-07,4,1,12,12,0,5,1,2,0.34,0.3333,0.71,0.194,36,204,240
5207,2011-08-09,3,0,8,20,0,2,1,1,0.8,0.7273,0.43,0.194,34,258,292
15212,2012-10-01,4,1,10,0,0,1,1,1,0.46,0.4545,0.72,0.1045,6,39,45
1407,2011-03-03,1,0,3,21,0,4,1,1,0.18,0.2121,0.4,0.1045,3,48,51
3320,2011-05-23,2,0,5,5,0,1,1,2,0.54,0.5152,0.94,0,0,11,11
14085,2012-08-15,3,1,8,1,0,3,1,1,0.7,0.6515,0.61,0,6,31,37
13649,2012-07-27,3,1,7,21,0,5,1,1,0.78,0.7424,0.59,0.1045,71,189,260
9469,2012-02-04,1,1,2,10,0,6,0,1,0.24,0.2576,0.87,0.1045,31,193,224
528,2011-01-24,1,0,1,3,0,1,1,1,0.04,0.0303,0.45,0.2537,0,1,1
1812,2011-03-21,2,0,3,5,0,1,1,1,0.32,0.303,0.81,0.2985,1,1,2
8831,2012-01-08,1,1,1,18,0,0,0,1,0.34,0.3182,0.46,0.2239,19,162,181
7402,2011-11-10,4,0,11,0,0,4,1,1,0.4,0.4091,0.87,0,0,24,24
10882,2012-04-03,2,1,4,13,0,2,1,1,0.56,0.5303,0.19,0.2537,120,225,345
13086,2012-07-04,3,1,7,10,1,3,0,1,0.8,0.7273,0.46,0,143,304,447
15463,2012-10-11,4,1,10,11,0,4,1,1,0.46,0.4545,0.36,0,76,175,251
10134,2012-03-03,1,1,3,7,0,6,0,2,0.36,0.3485,0.93,0.1343,2,14,16
12443,2012-06-07,2,1,6,15,0,4,1,1,0.74,0.6515,0.3,0,99,234,333
11631,2012-05-04,2,1,5,19,0,5,1,1,0.7,0.6515,0.51,0.1343,64,388,452
11833,2012-05-13,2,1,5,5,0,0,0,1,0.52,0.5,0.72,0.194,4,8,12
6265,2011-09-23,4,0,9,14,0,5,1,3,0.6,0.5,1,0.0896,3,21,24
8586,2011-12-29,1,0,12,12,0,4,1,2,0.26,0.2727,0.56,0.1045,12,118,130
17092,2012-12-19,4,1,12,22,0,3,1,1,0.34,0.3485,0.61,0.0896,12,117,129
13098,2012-07-04,3,1,7,22,1,3,0,1,0.82,0.7879,0.56,0.2239,175,327,502
4228,2011-06-30,3,0,6,1,0,4,1,1,0.64,0.6212,0.53,0.1343,13,19,32
10075,2012-02-29,1,1,2,20,0,3,1,3,0.42,0.4242,0.88,0.1642,2,95,97
1487,2011-03-07,1,0,3,7,0,1,1,1,0.2,0.1667,0.75,0.4179,3,88,91
8757,2012-01-05,1,1,1,16,0,4,1,1,0.36,0.3333,0.34,0.2836,19,178,197
6108,2011-09-17,3,0,9,1,0,6,0,1,0.46,0.4545,0.72,0.1045,28,52,80
13732,2012-07-31,3,1,7,8,0,2,1,1,0.7,0.6667,0.79,0.1343,30,730,760
3013,2011-05-10,2,0,5,10,0,2,1,2,0.56,0.5303,0.37,0.0896,27,100,127
775,2011-02-04,1,0,2,17,0,5,1,2,0.26,0.2727,0.56,0.1343,10,195,205
10001,2012-02-26,1,1,2,17,0,0,0,1,0.36,0.3485,0.32,0.2239,46,241,287
6456,2011-10-01,4,0,10,13,0,6,0,2,0.4,0.4091,0.82,0.3284,27,98,125
1632,2011-03-13,1,0,3,12,0,0,0,1,0.46,0.4545,0.38,0.3881,74,120,194
8165,2011-12-11,4,0,12,20,0,0,0,1,0.22,0.2424,0.55,0.1045,10,62,72
10290,2012-03-09,1,1,3,19,0,5,1,1,0.42,0.4242,0.28,0.6119,12,232,244
8608,2011-12-30,1,0,12,10,0,5,1,1,0.3,0.2879,0.65,0.2537,10,108,118
9348,2012-01-30,1,1,1,9,0,1,1,1,0.2,0.197,0.47,0.2239,5,193,198
470,2011-01-21,1,0,1,14,0,5,1,1,0.2,0.1515,0.25,0.5224,6,56,62
2751,2011-04-29,2,0,4,12,0,5,1,1,0.56,0.5303,0.37,0.2836,63,160,223
15744,2012-10-23,4,1,10,4,0,2,1,1,0.42,0.4242,0.77,0.1045,1,6,7
13506,2012-07-21,3,1,7,22,0,6,0,2,0.6,0.5455,0.88,0.1045,40,140,180
5701,2011-08-30,3,0,8,23,0,2,1,1,0.62,0.6061,0.61,0,19,74,93
10320,2012-03-11,1,1,3,1,0,0,0,1,0.24,0.2424,0.52,0.1642,4,57,61
15774,2012-10-24,4,1,10,10,0,3,1,2,0.54,0.5152,0.73,0,29,142,171
7365,2011-11-08,4,0,11,11,0,2,1,1,0.46,0.4545,0.63,0.1343,21,126,147
12139,2012-05-25,2,1,5,23,0,5,1,1,0.66,0.6061,0.78,0.2239,34,132,166
12148,2012-05-26,2,1,5,8,0,6,0,1,0.64,0.5909,0.78,0.1343,38,103,141
9255,2012-01-26,1,1,1,12,0,4,1,2,0.34,0.3333,0.81,0.1343,29,136,165
599,2011-01-28,1,0,1,3,0,5,1,2,0.2,0.2273,0.75,0.1045,1,0,1
4563,2011-07-14,3,0,7,0,0,4,1,1,0.66,0.6212,0.69,0.2985,14,32,46
17196,2012-12-24,1,1,12,7,0,1,1,1,0.2,0.2576,0.69,0,3,27,30
15343,2012-10-06,4,1,10,11,0,6,0,1,0.64,0.6061,0.65,0.2537,258,389,647
4002,2011-06-20,2,0,6,15,0,1,1,1,0.66,0.6212,0.61,0.1343,66,139,205
4660,2011-07-18,3,0,7,1,0,1,1,1,0.7,0.6667,0.74,0.2239,17,8,25
1906,2011-03-25,2,0,3,4,0,5,1,1,0.18,0.2121,0.74,0.1045,3,2,5
7206,2011-11-01,4,0,11,20,0,2,1,1,0.4,0.4091,0.71,0,18,191,209
9609,2012-02-10,1,1,2,7,0,5,1,1,0.2,0.2121,0.59,0.1642,5,225,230
4685,2011-07-19,3,0,7,2,0,2,1,1,0.72,0.6818,0.7,0.1642,9,4,13
9483,2012-02-05,1,1,2,0,0,0,0,2,0.24,0.2424,0.87,0.1343,3,58,61
11195,2012-04-16,2,1,4,15,1,1,0,1,0.8,0.697,0.33,0.4478,81,194,275
6932,2011-10-21,4,0,10,10,0,5,1,1,0.46,0.4545,0.51,0.1642,32,106,138
9984,2012-02-26,1,1,2,0,0,0,0,1,0.24,0.2121,0.41,0.3582,7,63,70
5684,2011-08-30,3,0,8,6,0,2,1,1,0.54,0.5152,0.73,0.1045,4,115,119
8127,2011-12-10,4,0,12,6,0,6,0,1,0.24,0.2576,0.65,0.1045,1,10,11
5081,2011-08-04,3,0,8,14,0,4,1,1,0.8,0.7576,0.55,0.1642,53,114,167
9620,2012-02-10,1,1,2,18,0,5,1,3,0.3,0.303,0.61,0.1343,14,345,359
5791,2011-09-03,3,0,9,17,0,6,0,1,0.72,0.6818,0.7,0.2239,170,201,371
10715,2012-03-27,2,1,3,13,0,2,1,1,0.36,0.3485,0.27,0,46,165,211
9660,2012-02-12,1,1,2,10,0,0,0,1,0.12,0.1061,0.42,0.3582,8,83,91
15928,2012-11-01,4,1,11,8,0,4,1,2,0.36,0.3788,0.56,0.1045,12,668,680
11072,2012-04-11,2,1,4,12,0,3,1,2,0.36,0.3333,0.46,0.3881,35,147,182
6832,2011-10-17,4,0,10,5,0,1,1,1,0.5,0.4848,0.63,0.2985,1,28,29
1447,2011-03-05,1,0,3,13,0,6,0,2,0.46,0.4545,0.67,0.2836,60,130,190
12005,2012-05-20,2,1,5,9,0,0,0,1,0.62,0.6212,0.32,0.2537,129,184,313
7579,2011-11-17,4,0,11,9,0,4,1,2,0.34,0.303,0.61,0.3284,14,184,198
14129,2012-08-16,3,1,8,21,0,4,1,1,0.74,0.6667,0.48,0.194,83,273,356
1420,2011-03-04,1,0,3,10,0,5,1,1,0.24,0.2273,0.6,0.2537,10,56,66
7074,2011-10-27,4,0,10,8,0,4,1,3,0.48,0.4697,0.88,0.194,12,304,316
7887,2011-11-30,4,0,11,6,0,3,1,1,0.26,0.2727,0.87,0.1045,3,100,103
14944,2012-09-19,3,1,9,20,0,3,1,1,0.52,0.5,0.48,0.1642,31,378,409
10526,2012-03-19,1,1,3,16,0,1,1,1,0.66,0.6212,0.5,0.2239,65,320,385
6188,2011-09-20,3,0,9,9,0,2,1,3,0.54,0.5152,0.94,0.2239,5,64,69
6001,2011-09-12,3,0,9,14,0,1,1,1,0.74,0.6667,0.51,0.1642,60,129,189
13337,2012-07-14,3,1,7,21,0,6,0,1,0.7,0.6667,0.84,0.2239,69,200,269
2838,2011-05-03,2,0,5,3,0,2,1,1,0.54,0.5152,0.83,0.2836,0,2,2
9094,2012-01-19,1,1,1,19,0,4,1,2,0.26,0.2273,0.48,0.2985,5,229,234
3758,2011-06-10,2,0,6,11,0,5,1,1,0.82,0.7576,0.46,0,46,107,153
3219,2011-05-19,2,0,5,0,0,4,1,1,0.52,0.5,0.94,0.1045,6,23,29
3574,2011-06-02,2,0,6,19,0,4,1,1,0.72,0.6364,0.23,0.2985,58,321,379
3133,2011-05-15,2,0,5,10,0,0,0,1,0.58,0.5455,0.83,0.2239,73,153,226
8890,2012-01-11,1,1,1,6,0,3,1,1,0.2,0.2121,0.86,0.1343,2,72,74
3521,2011-05-31,2,0,5,14,0,2,1,1,0.9,0.8182,0.37,0,41,99,140
6595,2011-10-07,4,0,10,8,0,5,1,1,0.46,0.4545,0.82,0,31,386,417
15012,2012-09-22,3,1,9,16,0,6,0,1,0.74,0.6667,0.51,0.3284,253,427,680
8969,2012-01-14,1,1,1,13,0,6,0,1,0.22,0.2121,0.44,0.2836,38,182,220
17052,2012-12-18,4,1,12,6,0,2,1,1,0.36,0.3485,0.93,0.1642,1,117,118
2589,2011-04-22,2,0,4,18,0,5,1,3,0.32,0.303,0.93,0.2239,4,47,51
14641,2012-09-07,3,1,9,5,0,5,1,1,0.62,0.5606,0.88,0,1,39,40
3339,2011-05-24,2,0,5,0,0,2,1,2,0.6,0.5152,0.94,0.194,12,23,35
4696,2011-07-19,3,0,7,13,0,2,1,1,0.86,0.8333,0.53,0.1045,33,139,172
14429,2012-08-29,3,1,8,9,0,3,1,1,0.7,0.6515,0.51,0.194,40,308,348
13154,2012-07-07,3,1,7,6,0,6,0,1,0.74,0.7121,0.74,0.1045,4,27,31
10703,2012-03-27,2,1,3,1,0,2,1,1,0.3,0.2727,0.26,0.4627,1,4,5
3354,2011-05-24,2,0,5,15,0,2,1,3,0.74,0.6818,0.55,0.4179,59,129,188
4309,2011-07-03,3,0,7,10,0,0,0,1,0.74,0.697,0.66,0.1642,131,133,264
1759,2011-03-18,1,0,3,23,0,5,1,2,0.6,0.6212,0.53,0.2239,26,60,86
14351,2012-08-26,3,1,8,3,0,0,0,2,0.64,0.5758,0.89,0.2537,11,42,53
13089,2012-07-04,3,1,7,13,1,3,0,1,0.9,0.8182,0.35,0,177,322,499
853,2011-02-07,1,0,2,23,0,1,1,2,0.3,0.3333,0.81,0,6,19,25
1495,2011-03-07,1,0,3,15,0,1,1,1,0.34,0.303,0.31,0.3881,32,64,96
10420,2012-03-15,1,1,3,6,0,4,1,1,0.44,0.4394,0.72,0.0896,4,113,117
11397,2012-04-25,2,1,4,1,0,3,1,1,0.42,0.4242,0.41,0,8,17,25
2465,2011-04-17,2,0,4,14,0,0,0,1,0.52,0.5,0.34,0.3881,170,191,361
14334,2012-08-25,3,1,8,10,0,6,0,2,0.7,0.6515,0.65,0.2985,148,294,442
17045,2012-12-17,4,1,12,23,0,1,1,3,0.42,0.4242,0.94,0.2239,6,41,47
14440,2012-08-29,3,1,8,20,0,3,1,1,0.68,0.6364,0.57,0,49,378,427
6385,2011-09-28,4,0,9,14,0,3,1,1,0.72,0.6818,0.62,0.2537,25,145,170
4484,2011-07-10,3,0,7,17,0,0,0,1,0.84,0.7424,0.36,0.2239,146,217,363
11188,2012-04-16,2,1,4,8,1,1,0,2,0.56,0.5303,0.83,0.1642,48,549,597
9526,2012-02-06,1,1,2,20,0,1,1,1,0.34,0.3333,0.46,0.1642,7,194,201
9573,2012-02-08,1,1,2,19,0,3,1,3,0.24,0.2576,0.87,0.1045,3,158,161
5220,2011-08-10,3,0,8,9,0,3,1,1,0.76,0.6818,0.48,0.2239,32,148,180
17006,2012-12-16,4,1,12,8,0,0,0,2,0.36,0.3485,0.87,0.1343,12,76,88
8957,2012-01-14,1,1,1,1,0,6,0,1,0.16,0.1515,0.47,0.194,6,44,50
2333,2011-04-12,2,0,4,2,0,2,1,2,0.6,0.6212,0.53,0.1343,7,7,14
15002,2012-09-22,3,1,9,6,0,6,0,1,0.56,0.5303,0.83,0.2985,6,35,41
8970,2012-01-14,1,1,1,14,0,6,0,1,0.24,0.2121,0.41,0.2985,52,179,231
4609,2011-07-15,3,0,7,22,0,5,1,1,0.66,0.6212,0.57,0.2239,71,152,223
15800,2012-10-25,4,1,10,12,0,4,1,2,0.56,0.5303,0.78,0.1045,61,258,319
13196,2012-07-09,3,1,7,0,0,1,1,2,0.68,0.6364,0.89,0.0896,6,33,39
4575,2011-07-14,3,0,7,12,0,4,1,1,0.74,0.6515,0.35,0.2537,51,172,223
8795,2012-01-07,1,1,1,6,0,6,0,1,0.26,0.2727,0.75,0.1045,0,7,7
501,2011-01-22,1,0,1,22,0,6,0,1,0.06,0.1515,0.49,0,7,23,30
14008,2012-08-11,3,1,8,20,0,6,0,3,0.66,0.5909,0.89,0.4179,31,129,160
7667,2011-11-21,4,0,11,1,0,1,1,3,0.46,0.4545,0.94,0.194,4,8,12
11248,2012-04-18,2,1,4,20,0,3,1,2,0.42,0.4242,0.77,0.1045,8,252,260
1047,2011-02-16,1,0,2,8,0,3,1,2,0.22,0.2273,0.55,0.1642,6,224,230
13125,2012-07-06,3,1,7,1,0,5,1,1,0.78,0.7273,0.55,0.2239,7,22,29
11196,2012-04-16,2,1,4,16,1,1,0,1,0.8,0.697,0.33,0.4627,92,266,358
2634,2011-04-24,2,0,4,15,0,0,0,1,0.66,0.6212,0.61,0.2537,167,202,369
9306,2012-01-28,1,1,1,15,0,6,0,1,0.4,0.4091,0.47,0.3284,90,320,410
9441,2012-02-03,1,1,2,6,0,5,1,1,0.24,0.2424,0.65,0.1642,0,88,88
11355,2012-04-23,2,1,4,7,0,1,1,3,0.3,0.2879,0.81,0.2537,1,206,207
10947,2012-04-06,2,1,4,6,0,5,1,1,0.3,0.2727,0.49,0.3881,0,80,80
10096,2012-03-01,1,1,3,17,0,4,1,1,0.56,0.5303,0.35,0.2985,49,551,600
12721,2012-06-19,2,1,6,5,0,2,1,2,0.6,0.5758,0.78,0.194,3,34,37
13607,2012-07-26,3,1,7,3,0,4,1,1,0.66,0.6212,0.69,0.2239,0,8,8
14393,2012-08-27,3,1,8,21,0,1,1,1,0.72,0.697,0.74,0.194,39,239,278
5626,2011-08-27,3,0,8,7,0,6,0,2,0.7,0.6667,0.84,0.3582,2,26,28
7785,2011-11-25,4,0,11,23,0,5,1,1,0.34,0.3485,0.76,0.1045,5,28,33
14470,2012-08-31,3,1,8,2,0,5,1,1,0.66,0.5909,0.89,0.1343,9,11,20
8987,2012-01-15,1,1,1,7,0,0,0,1,0.12,0.1212,0.54,0.2836,3,14,17
14868,2012-09-16,3,1,9,16,0,0,0,1,0.64,0.6212,0.44,0.1642,194,402,596
12402,2012-06-05,2,1,6,22,0,2,1,1,0.56,0.5303,0.52,0.1045,22,171,193
778,2011-02-04,1,0,2,20,0,5,1,2,0.24,0.2424,0.65,0.1642,2,69,71
16662,2012-12-02,4,1,12,0,0,0,0,2,0.3,0.3182,0.87,0.0896,9,108,117
6444,2011-10-01,4,0,10,1,0,6,0,1,0.48,0.4697,0.67,0.3284,11,47,58
10736,2012-03-28,2,1,3,10,0,3,1,1,0.46,0.4545,0.41,0.4179,33,140,173
7308,2011-11-06,4,0,11,2,0,0,0,1,0.26,0.303,0.81,0,6,23,29
4020,2011-06-21,3,0,6,9,0,2,1,2,0.62,0.5606,0.88,0.2537,32,243,275
1195,2011-02-22,1,0,2,19,0,2,1,1,0.2,0.1818,0.47,0.2836,4,114,118
12586,2012-06-13,2,1,6,14,0,3,1,2,0.72,0.6515,0.37,0.4179,98,222,320
52,2011-01-03,1,0,1,6,0,1,1,1,0.14,0.1061,0.5,0.3881,0,30,30
5653,2011-08-28,3,0,8,23,0,0,0,1,0.62,0.5909,0.73,0.1045,16,48,64
7049,2011-10-26,4,0,10,7,0,3,1,1,0.42,0.4242,0.71,0.1642,15,284,299
2305,2011-04-10,2,0,4,21,0,0,0,1,0.44,0.4394,0.88,0.194,18,77,95
9752,2012-02-16,1,1,2,6,0,4,1,2,0.3,0.3182,0.7,0.0896,4,83,87
8445,2011-12-23,1,0,12,12,0,5,1,1,0.4,0.4091,0.54,0.5224,14,156,170
17220,2012-12-25,1,1,12,8,1,2,0,2,0.24,0.2879,0.87,0,1,10,11
6084,2011-09-16,3,0,9,1,0,5,1,1,0.42,0.4242,0.67,0.194,7,19,26
1114,2011-02-19,1,0,2,3,0,6,0,1,0.42,0.4242,0.14,0.2985,0,7,7
2983,2011-05-09,2,0,5,4,0,1,1,1,0.42,0.4242,0.82,0.1642,0,4,4
657,2011-01-30,1,0,1,16,0,0,0,1,0.3,0.3333,0.56,0,19,104,123
3255,2011-05-20,2,0,5,12,0,5,1,2,0.6,0.6212,0.56,0.2537,69,186,255
9174,2012-01-23,1,1,1,3,0,1,1,2,0.18,0.2424,0.86,0,0,1,1
4922,2011-07-28,3,0,7,23,0,4,1,1,0.76,0.7424,0.75,0.194,28,95,123
5891,2011-09-07,3,0,9,22,0,3,1,3,0.62,0.5455,0.94,0.1642,3,26,29
1188,2011-02-22,1,0,2,12,0,2,1,1,0.2,0.2273,0.59,0.1045,7,48,55
17322,2012-12-29,1,1,12,14,0,6,0,2,0.24,0.2424,0.87,0.0896,10,88,98
13839,2012-08-04,3,1,8,19,0,6,0,1,0.82,0.7727,0.52,0.3582,133,264,397
16253,2012-11-14,4,1,11,22,0,3,1,1,0.28,0.3182,0.61,0,6,167,173
6006,2011-09-12,3,0,9,19,0,1,1,1,0.68,0.6364,0.57,0.1343,63,373,436
566,2011-01-25,1,0,1,18,0,2,1,2,0.3,0.3182,0.49,0.0896,7,218,225
4119,2011-06-25,3,0,6,12,0,6,0,1,0.74,0.6515,0.4,0.2836,140,252,392
5900,2011-09-08,3,0,9,8,0,4,1,3,0.62,0.5455,0.94,0.1343,7,188,195
11240,2012-04-18,2,1,4,12,0,3,1,3,0.46,0.4545,0.51,0.1045,15,95,110
5682,2011-08-30,3,0,8,4,0,2,1,1,0.52,0.5,0.77,0.1642,0,6,6
841,2011-02-07,1,0,2,11,0,1,1,1,0.3,0.3182,0.65,0.0896,11,36,47
3889,2011-06-15,2,0,6,22,0,3,1,1,0.62,0.6212,0.5,0.1045,31,144,175
1643,2011-03-13,1,0,3,23,0,0,0,1,0.26,0.2576,0.65,0.2239,5,23,28
10495,2012-03-18,1,1,3,9,0,0,0,2,0.42,0.4242,0.88,0.0896,65,113,178
7177,2011-10-31,4,0,10,15,0,1,1,1,0.44,0.4394,0.47,0.1642,27,141,168
11079,2012-04-11,2,1,4,19,0,3,1,1,0.4,0.4091,0.4,0.3582,28,356,384
16703,2012-12-03,4,1,12,17,0,1,1,1,0.52,0.5,0.63,0.1045,43,665,708
2667,2011-04-26,2,0,4,0,0,2,1,1,0.62,0.6061,0.69,0.2836,10,17,27
1973,2011-03-28,2,0,3,0,0,1,1,1,0.22,0.2273,0.55,0.194,1,11,12
17073,2012-12-19,4,1,12,3,0,3,1,1,0.26,0.2727,0.75,0.1343,0,5,5
11844,2012-05-13,2,1,5,16,0,0,0,1,0.72,0.6515,0.42,0.2537,225,339,564
1150,2011-02-20,1,0,2,16,0,0,0,1,0.36,0.3636,0.29,0.0896,59,88,147
4784,2011-07-23,3,0,7,5,0,6,0,1,0.76,0.7121,0.62,0.1343,1,6,7
4093,2011-06-24,3,0,6,10,0,5,1,1,0.8,0.7273,0.43,0.2836,43,102,145
12731,2012-06-19,2,1,6,15,0,2,1,1,0.78,0.7424,0.59,0.1642,72,187,259
10525,2012-03-19,1,1,3,15,0,1,1,1,0.64,0.6212,0.57,0.2239,97,189,286
766,2011-02-04,1,0,2,8,0,5,1,1,0.14,0.1515,0.74,0.1343,3,217,220
13183,2012-07-08,3,1,7,11,0,0,0,1,0.92,0.8939,0.42,0.2985,120,269,389
9699,2012-02-14,1,1,2,1,0,2,1,2,0.26,0.303,0.56,0,0,6,6
1486,2011-03-07,1,0,3,6,0,1,1,1,0.2,0.1818,0.75,0.3881,3,31,34
3873,2011-06-15,2,0,6,6,0,3,1,1,0.5,0.4848,0.63,0.2537,11,110,121
5663,2011-08-29,3,0,8,9,0,1,1,1,0.62,0.6212,0.53,0.2537,22,166,188
16631,2012-11-30,4,1,11,17,0,5,1,1,0.36,0.3485,0.5,0.194,31,551,582
4866,2011-07-26,3,0,7,15,0,2,1,1,0.88,0.7576,0.28,0.3284,49,114,163
10909,2012-04-04,2,1,4,16,0,3,1,2,0.64,0.6212,0.44,0.2836,86,304,390
2621,2011-04-24,2,0,4,2,0,0,0,1,0.5,0.4848,0.88,0.194,27,45,72
10432,2012-03-15,1,1,3,18,0,4,1,1,0.66,0.6212,0.44,0.2836,98,648,746
9799,2012-02-18,1,1,2,5,0,6,0,1,0.24,0.2576,0.7,0.0896,0,1,1
6710,2011-10-12,4,0,10,3,0,3,1,3,0.54,0.5152,0.94,0.2985,0,2,2
11570,2012-05-02,2,1,5,6,0,3,1,3,0.56,0.5303,0.84,0,3,117,120
3027,2011-05-11,2,0,5,0,0,3,1,2,0.52,0.5,0.55,0.1343,8,30,38
9721,2012-02-14,1,1,2,23,0,2,1,2,0.36,0.3636,0.5,0.0896,2,55,57
4103,2011-06-24,3,0,6,20,0,5,1,1,0.72,0.6515,0.45,0.1642,66,222,288
1299,2011-02-27,1,0,2,7,0,0,0,1,0.24,0.2424,0.87,0.1343,6,8,14
16919,2012-12-12,4,1,12,17,0,3,1,2,0.32,0.303,0.53,0.2239,21,540,561
5108,2011-08-05,3,0,8,17,0,5,1,1,0.78,0.7121,0.49,0.2985,84,466,550
13899,2012-08-07,3,1,8,7,0,2,1,2,0.7,0.6667,0.74,0.1343,21,481,502
6339,2011-09-26,4,0,9,16,0,1,1,1,0.7,0.6515,0.65,0.1642,74,239,313
2023,2011-03-30,2,0,3,3,0,3,1,2,0.32,0.3485,0.49,0,0,4,4
9800,2012-02-18,1,1,2,6,0,6,0,1,0.24,0.2879,0.7,0,1,8,9
15214,2012-10-01,4,1,10,2,0,1,1,1,0.46,0.4545,0.72,0,6,6,12
6959,2011-10-22,4,0,10,13,0,6,0,1,0.5,0.4848,0.45,0,136,186,322
2686,2011-04-26,2,0,4,19,0,2,1,1,0.64,0.6061,0.73,0.4179,42,286,328
16852,2012-12-09,4,1,12,22,0,0,0,3,0.36,0.3636,0.93,0.1045,3,75,78
11554,2012-05-01,2,1,5,14,0,2,1,2,0.74,0.6667,0.48,0.2537,37,167,204
12008,2012-05-20,2,1,5,12,0,0,0,1,0.68,0.6364,0.36,0.3284,247,390,637
1026,2011-02-15,1,0,2,10,0,2,1,1,0.24,0.2121,0.27,0.2836,5,47,52
10141,2012-03-03,1,1,3,14,0,6,0,2,0.46,0.4545,0.44,0.3582,151,279,430
912,2011-02-10,1,0,2,12,0,4,1,1,0.16,0.1364,0.34,0.3881,4,65,69
7392,2011-11-09,4,0,11,14,0,3,1,1,0.52,0.5,0.48,0.1642,26,153,179
10076,2012-02-29,1,1,2,21,0,3,1,3,0.42,0.4242,0.88,0.1642,0,39,39
15743,2012-10-23,4,1,10,3,0,2,1,1,0.44,0.4394,0.77,0.1343,0,1,1
10220,2012-03-06,1,1,3,21,0,2,1,1,0.32,0.3182,0.49,0.194,5,143,148
5769,2011-09-02,3,0,9,19,0,5,1,1,0.66,0.6212,0.69,0.1343,67,220,287
6077,2011-09-15,3,0,9,18,0,4,1,3,0.48,0.4697,0.67,0.6119,22,222,244
5717,2011-08-31,3,0,8,15,0,3,1,1,0.74,0.6515,0.4,0.1343,34,138,172
9381,2012-01-31,1,1,1,18,0,2,1,1,0.54,0.5152,0.24,0.3582,16,486,502
7727,2011-11-23,4,0,11,13,0,3,1,2,0.44,0.4394,0.54,0.4925,12,162,174
1346,2011-03-01,1,0,3,8,0,2,1,1,0.2,0.1818,0.59,0.3881,10,204,214
1445,2011-03-05,1,0,3,11,0,6,0,2,0.4,0.4091,0.76,0.2239,43,116,159
3499,2011-05-30,2,0,5,16,1,1,0,1,0.88,0.7879,0.37,0.2836,101,208,309
3500,2011-05-30,2,0,5,17,1,1,0,1,0.86,0.7879,0.41,0.2239,102,202,304
15096,2012-09-26,4,1,9,4,0,3,1,1,0.56,0.5303,0.73,0.2537,2,12,14
7745,2011-11-24,4,0,11,7,1,4,0,1,0.26,0.2727,0.75,0.1045,9,31,40
15616,2012-10-17,4,1,10,20,0,3,1,1,0.5,0.4848,0.72,0.1343,54,360,414
6207,2011-09-21,3,0,9,4,0,3,1,2,0.54,0.5152,1,0.1343,2,5,7
8490,2011-12-25,1,0,12,10,0,0,0,1,0.26,0.2424,0.81,0.2537,31,12,43
2423,2011-04-15,2,0,4,20,1,5,0,2,0.4,0.4091,0.76,0.3284,26,92,118
7517,2011-11-14,4,0,11,19,0,1,1,1,0.6,0.6212,0.53,0.2985,28,274,302
2733,2011-04-28,2,0,4,18,0,4,1,1,0.64,0.6212,0.47,0.3582,44,486,530
81,2011-01-04,1,0,1,12,0,2,1,1,0.22,0.2273,0.51,0.1642,12,66,78
4218,2011-06-29,3,0,6,15,0,3,1,1,0.82,0.7121,0.3,0.1642,43,146,189
4243,2011-06-30,3,0,6,16,0,4,1,1,0.8,0.697,0.26,0.1343,63,260,323
12902,2012-06-26,3,1,6,18,0,2,1,1,0.72,0.6515,0.28,0.3582,105,719,824
7248,2011-11-03,4,0,11,14,0,4,1,1,0.52,0.5,0.52,0.1642,32,120,152
7477,2011-11-13,4,0,11,3,0,0,0,2,0.36,0.3485,0.62,0.1343,8,20,28
14596,2012-09-05,3,1,9,8,0,3,1,1,0.72,0.697,0.74,0.194,33,692,725
1360,2011-03-01,1,0,3,22,0,2,1,1,0.24,0.2727,0.62,0.1045,3,44,47
4740,2011-07-21,3,0,7,9,0,4,1,2,0.8,0.8182,0.75,0.2537,34,166,200
7498,2011-11-14,4,0,11,0,0,1,1,1,0.46,0.4545,0.59,0.2836,8,22,30
1573,2011-03-10,1,0,3,23,0,4,1,3,0.34,0.3485,0,0.0896,1,26,27
5915,2011-09-08,3,0,9,23,0,4,1,3,0.62,0.5152,1,0.0896,0,26,26
16072,2012-11-07,4,1,11,8,0,3,1,2,0.26,0.2424,0.6,0.2836,18,583,601
880,2011-02-09,1,0,2,2,0,3,1,1,0.08,0.0758,0.38,0.2836,1,2,3
1579,2011-03-11,1,0,3,6,0,5,1,1,0.26,0.2424,0.81,0.2836,1,31,32
11013,2012-04-09,2,1,4,0,0,1,1,1,0.48,0.4697,0.39,0.2836,8,29,37
1510,2011-03-08,1,0,3,6,0,2,1,1,0.2,0.2576,0.59,0,3,42,45
1897,2011-03-24,2,0,3,19,0,4,1,1,0.3,0.2727,0.56,0.3881,16,122,138
6921,2011-10-20,4,0,10,23,0,4,1,1,0.42,0.4242,0.58,0.2537,7,83,90
13146,2012-07-06,3,1,7,22,0,5,1,1,0.8,0.7576,0.55,0.194,78,210,288
4113,2011-06-25,3,0,6,6,0,6,0,1,0.64,0.6212,0.57,0.2239,12,17,29
10447,2012-03-16,1,1,3,9,0,5,1,2,0.42,0.4242,0.82,0,35,277,312
12086,2012-05-23,2,1,5,18,0,3,1,3,0.64,0.6061,0.69,0.1045,31,296,327
1846,2011-03-22,2,0,3,15,0,2,1,1,0.5,0.4848,0.42,0.2239,55,79,134
10111,2012-03-02,1,1,3,8,0,5,1,1,0.28,0.303,0.75,0.0896,16,533,549
8869,2012-01-10,1,1,1,9,0,2,1,2,0.18,0.197,0.93,0.1642,11,184,195
11424,2012-04-26,2,1,4,4,0,4,1,2,0.48,0.4697,0.59,0.0896,1,2,3
9086,2012-01-19,1,1,1,11,0,4,1,1,0.16,0.1667,0.55,0.1642,6,93,99
4569,2011-07-14,3,0,7,6,0,4,1,1,0.6,0.6061,0.6,0.2239,14,116,130
17351,2012-12-30,1,1,12,19,0,0,0,1,0.34,0.3636,0.61,0,16,86,102
4743,2011-07-21,3,0,7,12,0,4,1,1,0.88,0.8939,0.56,0.3284,29,106,135
5200,2011-08-09,3,0,8,13,0,2,1,1,0.84,0.7879,0.49,0.1642,48,127,175
9200,2012-01-24,1,1,1,5,0,2,1,2,0.3,0.3182,1,0.0896,0,26,26
2606,2011-04-23,2,0,4,11,0,6,0,2,0.46,0.4545,0.88,0.2239,68,164,232
16770,2012-12-06,4,1,12,12,0,4,1,1,0.28,0.3182,0.41,0,29,206,235
11234,2012-04-18,2,1,4,6,0,3,1,2,0.5,0.4848,0.39,0.2836,6,128,134
16511,2012-11-25,4,1,11,16,0,0,0,1,0.3,0.2879,0.39,0.2239,25,203,228
11832,2012-05-13,2,1,5,4,0,0,0,2,0.54,0.5152,0.68,0.194,2,7,9
5097,2011-08-05,3,0,8,6,0,5,1,1,0.64,0.5909,0.78,0.1343,7,94,101
5280,2011-08-12,3,0,8,21,0,5,1,1,0.7,0.6515,0.48,0.1343,73,153,226
14833,2012-09-15,3,1,9,5,0,6,0,1,0.58,0.5455,0.6,0.5224,1,15,16
3487,2011-05-30,2,0,5,4,1,1,0,1,0.62,0.5455,0.94,0.1642,2,4,6
13723,2012-07-30,3,1,7,23,0,1,1,1,0.7,0.6667,0.74,0.194,34,116,150
14364,2012-08-26,3,1,8,16,0,0,0,3,0.64,0.5758,0.89,0.2836,57,116,173
3615,2011-06-04,2,0,6,12,0,6,0,1,0.7,0.6364,0.32,0.1642,150,270,420
12786,2012-06-21,3,1,6,22,0,4,1,1,0.8,0.7879,0.63,0.1642,22,221,243
2109,2011-04-02,2,0,4,17,0,6,0,1,0.38,0.3939,0.54,0.3582,89,95,184
14087,2012-08-15,3,1,8,3,0,3,1,1,0.66,0.6212,0.74,0.1045,1,10,11
4310,2011-07-03,3,0,7,11,0,0,0,1,0.76,0.7121,0.62,0.1045,215,175,390
17310,2012-12-29,1,1,12,2,0,6,0,2,0.24,0.2424,0.7,0,1,18,19
17352,2012-12-30,1,1,12,20,0,0,0,1,0.22,0.197,0.47,0.3284,9,63,72
13865,2012-08-05,3,1,8,21,0,0,0,1,0.72,0.697,0.79,0.1045,51,157,208
5596,2011-08-26,3,0,8,1,0,5,1,1,0.62,0.5758,0.83,0,10,13,23
4697,2011-07-19,3,0,7,14,0,2,1,1,0.86,0.8182,0.5,0.194,41,111,152
8444,2011-12-23,1,0,12,11,0,5,1,1,0.4,0.4091,0.58,0.4478,26,148,174
6033,2011-09-13,3,0,9,22,0,2,1,1,0.64,0.5909,0.78,0.1343,24,120,144
5324,2011-08-14,3,0,8,17,0,0,0,1,0.76,0.7121,0.62,0.1343,133,196,329
13570,2012-07-24,3,1,7,14,0,2,1,2,0.84,0.803,0.53,0.2239,48,196,244
16132,2012-11-09,4,1,11,21,0,5,1,1,0.34,0.3636,0.76,0,23,176,199
9839,2012-02-19,1,1,2,21,0,0,0,3,0.26,0.2576,0.65,0.1642,3,33,36
8137,2011-12-10,4,0,12,16,0,6,0,1,0.32,0.2879,0.31,0.3881,58,183,241
14841,2012-09-15,3,1,9,13,0,6,0,1,0.68,0.6364,0.36,0.194,327,377,704
14073,2012-08-14,3,1,8,13,0,2,1,1,0.8,0.7273,0.46,0.0896,83,203,286
16336,2012-11-18,4,1,11,9,0,0,0,1,0.32,0.303,0.7,0.2537,49,155,204
10398,2012-03-14,1,1,3,8,0,3,1,1,0.44,0.4394,0.82,0,34,628,662
637,2011-01-29,1,0,1,19,0,6,0,2,0.22,0.2121,0.69,0.2537,6,52,58
15889,2012-10-30,4,1,10,17,0,2,1,3,0.3,0.2879,0.87,0.2239,19,105,124
4326,2011-07-04,3,0,7,3,1,1,0,1,0.64,0.5909,0.78,0,13,13,26
3220,2011-05-19,2,0,5,1,0,4,1,1,0.5,0.4848,0.94,0,2,4,6
14198,2012-08-19,3,1,8,18,0,0,0,2,0.64,0.5909,0.78,0.1045,86,291,377
6283,2011-09-24,4,0,9,8,0,6,0,2,0.58,0.5455,0.9,0.0896,19,102,121
16020,2012-11-05,4,1,11,4,0,1,1,2,0.3,0.2879,0.52,0.2537,5,11,16
7450,2011-11-12,4,0,11,0,0,6,0,1,0.24,0.2424,0.6,0.1343,12,52,64
9993,2012-02-26,1,1,2,9,0,0,0,1,0.22,0.2121,0.47,0.2239,11,76,87
1194,2011-02-22,1,0,2,18,0,2,1,1,0.22,0.2273,0.47,0.1343,6,161,167
46,2011-01-02,1,0,1,22,0,0,0,1,0.24,0.2121,0.44,0.2985,0,9,9
7845,2011-11-28,4,0,11,12,0,1,1,1,0.56,0.5303,0.6,0.1045,13,165,178
977,2011-02-13,1,0,2,8,0,0,0,2,0.22,0.2273,0.64,0.194,1,11,12
12510,2012-06-10,2,1,6,10,0,0,0,1,0.76,0.6818,0.4,0.1045,148,265,413
7782,2011-11-25,4,0,11,20,0,5,1,1,0.4,0.4091,0.58,0.0896,19,76,95
5675,2011-08-29,3,0,8,21,0,1,1,1,0.64,0.6212,0.53,0.194,34,168,202
6787,2011-10-15,4,0,10,8,0,6,0,1,0.46,0.4545,0.59,0.2836,24,101,125
13582,2012-07-25,3,1,7,2,0,3,1,1,0.68,0.6364,0.61,0.2239,1,11,12
2964,2011-05-08,2,0,5,9,0,0,0,1,0.56,0.5303,0.52,0.2239,48,112,160
5564,2011-08-24,3,0,8,17,0,3,1,1,0.76,0.697,0.52,0.3582,83,484,567
8650,2012-01-01,1,1,1,4,0,0,0,1,0.28,0.303,0.81,0.0896,0,8,8
1585,2011-03-11,1,0,3,12,0,5,1,2,0.34,0.3182,0.53,0.2537,15,96,111
12017,2012-05-20,2,1,5,21,0,0,0,1,0.64,0.6061,0.69,0.3881,51,182,233
14873,2012-09-16,3,1,9,21,0,0,0,1,0.6,0.6212,0.56,0.1045,43,148,191
4516,2011-07-12,3,0,7,1,0,2,1,1,0.7,0.6667,0.79,0.0896,6,8,14
15826,2012-10-26,4,1,10,14,0,5,1,2,0.6,0.6061,0.64,0.1343,99,252,351
6076,2011-09-15,3,0,9,17,0,4,1,3,0.48,0.4697,0.82,0.4627,31,230,261
11954,2012-05-18,2,1,5,6,0,5,1,1,0.44,0.4394,0.77,0.1343,14,168,182
1976,2011-03-28,2,0,3,3,0,1,1,1,0.22,0.2273,0.44,0.1642,0,2,2
3913,2011-06-16,2,0,6,22,0,4,1,3,0.62,0.5758,0.83,0.2537,24,127,151
16189,2012-11-12,4,1,11,6,1,1,0,1,0.38,0.3939,0.87,0.1045,7,64,71
12080,2012-05-23,2,1,5,12,0,3,1,2,0.66,0.6212,0.69,0.0896,42,206,248
13289,2012-07-12,3,1,7,21,0,4,1,1,0.72,0.6667,0.48,0.2239,44,329,373
4412,2011-07-07,3,0,7,17,0,4,1,1,0.86,0.7576,0.36,0.2537,80,489,569
15905,2012-10-31,4,1,10,9,0,3,1,1,0.34,0.3333,0.76,0.1343,17,280,297
9181,2012-01-23,1,1,1,10,0,1,1,2,0.2,0.2576,0.93,0,10,139,149
16414,2012-11-21,4,1,11,15,0,3,1,1,0.46,0.4545,0.36,0.0896,68,381,449
6890,2011-10-19,4,0,10,16,0,3,1,3,0.56,0.5303,0.94,0.1642,21,180,201
12958,2012-06-29,3,1,6,2,0,5,1,1,0.72,0.6667,0.58,0.194,3,15,18
14437,2012-08-29,3,1,8,17,0,3,1,1,0.78,0.6818,0.35,0.2239,108,762,870
8360,2011-12-19,4,0,12,23,0,1,1,1,0.36,0.3485,0.53,0.1642,10,50,60
2841,2011-05-03,2,0,5,6,0,2,1,2,0.52,0.5,0.94,0.1642,7,102,109
8820,2012-01-08,1,1,1,7,0,0,0,2,0.3,0.3333,0.52,0,1,23,24
12805,2012-06-22,3,1,6,17,0,5,1,2,0.82,0.7273,0.38,0.1642,95,551,646
13371,2012-07-16,3,1,7,7,0,1,1,1,0.72,0.6818,0.7,0.0896,24,459,483
14025,2012-08-12,3,1,8,13,0,0,0,1,0.78,0.697,0.4,0,178,365,543
6213,2011-09-21,3,0,9,10,0,3,1,2,0.6,0.5455,0.88,0,30,103,133
15076,2012-09-25,4,1,9,8,0,2,1,1,0.48,0.4697,0.67,0.194,41,764,805
9750,2012-02-16,1,1,2,4,0,4,1,3,0.3,0.3182,0.7,0.0896,0,3,3
8501,2011-12-25,1,0,12,21,0,0,0,1,0.3,0.303,0.56,0.1343,4,15,19
433,2011-01-20,1,0,1,1,0,4,1,1,0.26,0.2727,0.56,0,2,3,5
7378,2011-11-09,4,0,11,0,0,3,1,1,0.36,0.3788,0.87,0,0,13,13
12300,2012-06-01,2,1,6,16,0,5,1,3,0.74,0.6818,0.58,0.4478,36,186,222
7277,2011-11-04,4,0,11,19,0,5,1,1,0.4,0.4091,0.37,0.3582,14,182,196
1833,2011-03-22,2,0,3,2,0,2,1,1,0.44,0.4394,0.94,0.0896,0,1,1
11855,2012-05-14,2,1,5,3,0,1,1,2,0.58,0.5455,0.68,0.3284,0,2,2
10003,2012-02-26,1,1,2,19,0,0,0,1,0.34,0.3333,0.34,0.1642,13,130,143
15404,2012-10-09,4,1,10,0,0,2,1,2,0.38,0.3939,0.82,0.2239,9,22,31
461,2011-01-21,1,0,1,5,0,5,1,1,0.24,0.197,0.6,0.4179,1,4,5
4506,2011-07-11,3,0,7,15,0,1,1,1,0.86,0.8485,0.56,0.4179,38,108,146
9982,2012-02-25,1,1,2,22,0,6,0,1,0.24,0.197,0.38,0.4627,4,78,82
38,2011-01-02,1,0,1,14,0,0,0,3,0.36,0.3485,0.76,0.194,4,55,59
17308,2012-12-29,1,1,12,0,0,6,0,2,0.24,0.2424,0.7,0,1,25,26
577,2011-01-26,1,0,1,7,0,3,1,3,0.22,0.2121,0.87,0.2985,1,29,30
11502,2012-04-29,2,1,4,10,0,0,0,1,0.42,0.4242,0.67,0.0896,127,253,380
6204,2011-09-21,3,0,9,1,0,3,1,1,0.54,0.5152,0.94,0,0,17,17
3989,2011-06-20,2,0,6,2,0,1,1,1,0.64,0.5758,0.89,0.0896,2,0,2
15913,2012-10-31,4,1,10,17,0,3,1,2,0.4,0.4091,0.58,0.1642,39,684,723
11052,2012-04-10,2,1,4,15,0,2,1,1,0.56,0.5303,0.21,0.2985,46,157,203
714,2011-02-02,1,0,2,2,0,3,1,3,0.22,0.2273,0.93,0.1343,4,0,4
560,2011-01-25,1,0,1,12,0,2,1,2,0.26,0.2879,0.56,0.0896,21,85,106
13296,2012-07-13,3,1,7,4,0,5,1,2,0.66,0.6212,0.61,0,0,11,11
8310,2011-12-17,4,0,12,21,0,6,0,1,0.2,0.2121,0.75,0.1642,8,88,96
5184,2011-08-08,3,0,8,21,0,1,1,1,0.76,0.7121,0.58,0.0896,30,156,186
12923,2012-06-27,3,1,6,15,0,3,1,1,0.8,0.697,0.26,0.4627,61,188,249
2336,2011-04-12,2,0,4,5,0,2,1,2,0.54,0.5152,0.68,0.1343,1,15,16
4900,2011-07-28,3,0,7,1,0,4,1,1,0.72,0.6667,0.51,0,3,26,29
7284,2011-11-05,4,0,11,2,0,6,0,1,0.3,0.2727,0.52,0.3284,7,24,31
4421,2011-07-08,3,0,7,2,0,5,1,2,0.7,0.6667,0.74,0.1642,10,12,22
11597,2012-05-03,2,1,5,9,0,4,1,2,0.48,0.4697,0.88,0.1045,25,279,304
5551,2011-08-24,3,0,8,4,0,3,1,1,0.56,0.5303,0.73,0.1045,0,7,7
9411,2012-02-02,1,1,2,0,0,4,1,1,0.46,0.4545,0.59,0.1343,7,24,31
5070,2011-08-04,3,0,8,3,0,4,1,3,0.66,0.5909,0.94,0.0896,0,3,3
13675,2012-07-28,3,1,7,23,0,6,0,1,0.66,0.6061,0.83,0.0896,52,156,208
882,2011-02-09,1,0,2,5,0,3,1,1,0.06,0.1061,0.45,0.1045,0,7,7
11848,2012-05-13,2,1,5,20,0,0,0,2,0.66,0.6212,0.5,0.2836,67,163,230
10441,2012-03-16,1,1,3,3,0,5,1,2,0.4,0.4091,0.87,0.2836,0,3,3
4901,2011-07-28,3,0,7,2,0,4,1,1,0.72,0.6667,0.54,0.1045,2,5,7
13444,2012-07-19,3,1,7,8,0,4,1,1,0.76,0.7121,0.58,0.2537,32,625,657
568,2011-01-25,1,0,1,20,0,2,1,1,0.24,0.2273,0.65,0.194,16,103,119
9542,2012-02-07,1,1,2,12,0,2,1,1,0.4,0.4091,0.4,0.3284,9,163,172
16480,2012-11-24,4,1,11,9,0,6,0,2,0.26,0.2121,0.41,0.4478,26,96,122
2246,2011-04-08,2,0,4,10,0,5,1,2,0.36,0.3333,0.71,0.2836,10,63,73
7406,2011-11-10,4,0,11,4,0,4,1,1,0.38,0.3939,0.94,0.0896,1,2,3
8361,2011-12-20,4,0,12,0,0,2,1,1,0.36,0.3636,0.57,0.1045,0,21,21
4166,2011-06-27,3,0,6,11,0,1,1,2,0.7,0.6515,0.58,0,55,95,150
17369,2012-12-31,1,1,12,13,0,1,1,2,0.26,0.2576,0.44,0.1642,38,165,203
9871,2012-02-21,1,1,2,7,0,2,1,1,0.22,0.2727,0.64,0,6,273,279
14166,2012-08-18,3,1,8,10,0,6,0,1,0.7,0.6515,0.54,0.1642,166,314,480
10663,2012-03-25,2,1,3,9,0,0,0,2,0.4,0.4091,0.94,0.2537,26,92,118
240,2011-01-11,1,0,1,8,0,2,1,2,0.18,0.2121,0.51,0.0896,3,214,217
13288,2012-07-12,3,1,7,20,0,4,1,1,0.74,0.6667,0.48,0.2239,75,439,514
10827,2012-04-01,2,1,4,5,0,0,0,2,0.34,0.3485,0.81,0.0896,8,10,18
5688,2011-08-30,3,0,8,10,0,2,1,1,0.7,0.6364,0.39,0.2239,28,109,137
13524,2012-07-22,3,1,7,16,0,0,0,1,0.74,0.697,0.66,0.1045,245,383,628
15216,2012-10-01,4,1,10,4,0,1,1,1,0.42,0.4242,0.82,0.1045,0,10,10
1598,2011-03-12,1,0,3,1,0,6,0,1,0.24,0.2273,0.65,0.194,3,15,18
13207,2012-07-09,3,1,7,11,0,1,1,2,0.72,0.6818,0.62,0.1343,72,144,216
16557,2012-11-27,4,1,11,14,0,2,1,3,0.28,0.2576,0.87,0.3582,8,86,94
4491,2011-07-11,3,0,7,0,0,1,1,1,0.7,0.6515,0.65,0.194,10,25,35
6102,2011-09-16,3,0,9,19,0,5,1,2,0.5,0.4848,0.55,0.1642,59,256,315
1902,2011-03-25,2,0,3,0,0,5,1,1,0.24,0.2273,0.6,0.194,1,17,18
8856,2012-01-09,1,1,1,19,0,1,1,3,0.2,0.2273,0.93,0.0896,3,187,190
11435,2012-04-26,2,1,4,15,0,4,1,2,0.52,0.5,0.83,0.3284,39,165,204
5889,2011-09-07,3,0,9,20,0,3,1,3,0.64,0.5758,0.89,0.0896,3,93,96
1181,2011-02-21,1,0,2,23,1,1,0,3,0.2,0.1667,0.75,0.4179,0,2,2
9967,2012-02-25,1,1,2,7,0,6,0,1,0.28,0.2424,0.45,0.4478,3,20,23
14929,2012-09-19,3,1,9,5,0,3,1,2,0.52,0.5,0.68,0.2836,2,54,56
8148,2011-12-11,4,0,12,3,0,0,0,1,0.16,0.1818,0.59,0.1343,2,17,19
4303,2011-07-03,3,0,7,4,0,0,0,3,0.68,0.6364,0.65,0.0896,3,2,5
3007,2011-05-10,2,0,5,4,0,2,1,1,0.42,0.4242,0.62,0.2537,0,2,2
9510,2012-02-06,1,1,2,4,0,1,1,1,0.18,0.2121,0.8,0.1045,0,2,2
11639,2012-05-05,2,1,5,3,0,6,0,1,0.58,0.5455,0.83,0,11,21,32
2782,2011-04-30,2,0,4,19,0,6,0,1,0.54,0.5152,0.43,0.1343,150,237,387
13959,2012-08-09,3,1,8,19,0,4,1,1,0.8,0.7576,0.55,0.194,90,533,623
11779,2012-05-10,2,1,5,23,0,4,1,1,0.48,0.4697,0.48,0.1045,23,112,135
12792,2012-06-22,3,1,6,4,0,5,1,2,0.76,0.7273,0.66,0,3,7,10
626,2011-01-29,1,0,1,8,0,6,0,1,0.18,0.197,0.55,0.1642,3,31,34
5831,2011-09-05,3,0,9,9,1,1,0,3,0.68,0.6364,0.74,0.1642,63,89,152
6976,2011-10-23,4,0,10,6,0,0,0,1,0.32,0.3333,0.87,0.1045,0,12,12
11525,2012-04-30,2,1,4,9,0,1,1,2,0.4,0.4091,0.43,0.194,29,239,268
9288,2012-01-27,1,1,1,21,0,5,1,1,0.34,0.2879,0.53,0.5224,8,127,135
5122,2011-08-06,3,0,8,7,0,6,0,1,0.68,0.6364,0.83,0.1642,14,49,63
8166,2011-12-11,4,0,12,21,0,0,0,1,0.22,0.2727,0.55,0,10,53,63
14160,2012-08-18,3,1,8,4,0,6,0,1,0.62,0.5909,0.73,0.2239,5,8,13
10911,2012-04-04,2,1,4,18,0,3,1,1,0.66,0.6212,0.41,0.2537,113,646,759
2830,2011-05-02,2,0,5,19,0,1,1,2,0.62,0.6061,0.69,0.1343,46,268,314
16627,2012-11-30,4,1,11,13,0,5,1,2,0.4,0.4091,0.4,0.1642,21,241,262
14036,2012-08-13,3,1,8,0,0,1,1,1,0.66,0.6212,0.65,0.1045,14,33,47
8256,2011-12-15,4,0,12,15,0,4,1,3,0.52,0.5,0.55,0.2239,6,76,82
5788,2011-09-03,3,0,9,14,0,6,0,2,0.72,0.6818,0.66,0.1642,204,176,380
13544,2012-07-23,3,1,7,12,0,1,1,2,0.8,0.7424,0.52,0.1642,109,205,314
8087,2011-12-08,4,0,12,14,0,4,1,1,0.32,0.303,0.45,0.2537,16,121,137
14982,2012-09-21,3,1,9,10,0,5,1,1,0.62,0.6061,0.61,0.2239,44,181,225
10183,2012-03-05,1,1,3,8,0,1,1,1,0.2,0.2273,0.59,0.1045,13,415,428
4220,2011-06-29,3,0,6,17,0,3,1,1,0.82,0.7121,0.26,0.4179,78,492,570
3687,2011-06-07,2,0,6,12,0,2,1,2,0.8,0.7273,0.46,0.2836,42,141,183
5981,2011-09-11,3,0,9,17,0,0,0,1,0.72,0.6667,0.51,0.1343,152,228,380
10044,2012-02-28,1,1,2,12,0,2,1,1,0.36,0.3485,0.34,0.1343,19,164,183
15888,2012-10-30,4,1,10,16,0,2,1,3,0.3,0.2879,0.87,0.2537,15,83,98
15938,2012-11-01,4,1,11,18,0,4,1,2,0.4,0.4091,0.5,0.1642,50,628,678
14382,2012-08-27,3,1,8,10,0,1,1,1,0.72,0.697,0.74,0.1343,63,143,206
13756,2012-08-01,3,1,8,8,0,3,1,2,0.66,0.6061,0.78,0.194,32,649,681
12759,2012-06-20,2,1,6,19,0,3,1,1,0.88,0.7879,0.37,0.2537,90,449,539
5341,2011-08-15,3,0,8,10,0,1,1,1,0.68,0.6364,0.69,0.2836,54,87,141
3414,2011-05-27,2,0,5,3,0,5,1,1,0.66,0.6212,0.65,0.0896,1,11,12
7262,2011-11-04,4,0,11,4,0,5,1,2,0.38,0.3939,0.87,0.0896,1,6,7
10032,2012-02-28,1,1,2,0,0,2,1,1,0.42,0.4242,0.54,0.1343,0,10,10
907,2011-02-10,1,0,2,7,0,4,1,1,0.1,0.0758,0.5,0.4179,0,99,99
9421,2012-02-02,1,1,2,10,0,4,1,3,0.42,0.4242,0.77,0.1045,6,72,78
3694,2011-06-07,2,0,6,19,0,2,1,1,0.76,0.6818,0.48,0.2537,69,355,424
761,2011-02-04,1,0,2,2,0,5,1,2,0.14,0.1667,0.63,0.1045,0,1,1
3119,2011-05-14,2,0,5,20,0,6,0,3,0.54,0.5152,0.94,0.1343,42,115,157
15470,2012-10-11,4,1,10,18,0,4,1,1,0.46,0.4545,0.44,0.1642,64,628,692
13039,2012-07-02,3,1,7,11,0,1,1,1,0.84,0.7273,0.28,0.2985,67,134,201
2292,2011-04-10,2,0,4,8,0,0,0,2,0.38,0.3939,0.94,0.0896,17,38,55
11069,2012-04-11,2,1,4,9,0,3,1,2,0.32,0.303,0.49,0.2985,20,282,302
9452,2012-02-03,1,1,2,17,0,5,1,1,0.4,0.4091,0.37,0.0896,30,458,488
8230,2011-12-14,4,0,12,13,0,3,1,2,0.36,0.3636,0.57,0.1045,14,119,133
7500,2011-11-14,4,0,11,2,0,1,1,1,0.46,0.4545,0.63,0.3582,7,10,17
5988,2011-09-12,3,0,9,0,0,1,1,1,0.56,0.5303,0.88,0.0896,5,11,16
7742,2011-11-24,4,0,11,4,1,4,0,1,0.3,0.3182,0.61,0.0896,1,1,2
10650,2012-03-24,2,1,3,20,0,6,0,3,0.44,0.4394,1,0.194,31,80,111
11453,2012-04-27,2,1,4,9,0,5,1,1,0.42,0.4242,0.44,0.4925,42,292,334
296,2011-01-13,1,0,1,18,0,4,1,1,0.2,0.1818,0.4,0.3284,3,141,144
5143,2011-08-07,3,0,8,4,0,0,0,1,0.7,0.6667,0.84,0.1343,1,5,6
7169,2011-10-31,4,0,10,7,0,1,1,1,0.24,0.2879,0.93,0,11,216,227
5602,2011-08-26,3,0,8,7,0,5,1,1,0.64,0.5758,0.83,0,3,263,266
11093,2012-04-12,2,1,4,9,0,4,1,1,0.36,0.3333,0.57,0.3582,16,271,287
11505,2012-04-29,2,1,4,13,0,0,0,1,0.5,0.4848,0.45,0.1045,226,369,595
1786,2011-03-20,1,0,3,2,0,0,0,1,0.3,0.2879,0.52,0.2836,6,24,30
10878,2012-04-03,2,1,4,9,0,2,1,1,0.42,0.4242,0.38,0.0896,54,354,408
4383,2011-07-06,3,0,7,12,0,3,1,2,0.74,0.697,0.66,0.0896,38,114,152
12127,2012-05-25,2,1,5,11,0,5,1,1,0.68,0.6364,0.79,0.1343,90,193,283
5319,2011-08-14,3,0,8,12,0,0,0,2,0.7,0.6667,0.79,0.2239,98,183,281
5855,2011-09-06,3,0,9,10,0,2,1,3,0.54,0.5152,0.83,0.3582,16,90,106
11246,2012-04-18,2,1,4,18,0,3,1,2,0.42,0.4242,0.77,0,27,478,505
1285,2011-02-26,1,0,2,16,0,6,0,1,0.36,0.3333,0.46,0.2836,41,130,171
8009,2011-12-05,4,0,12,8,0,1,1,1,0.32,0.3485,0.93,0,12,392,404
1363,2011-03-02,1,0,3,1,0,3,1,1,0.22,0.2273,0.69,0.194,0,4,4
10884,2012-04-03,2,1,4,15,0,2,1,1,0.6,0.5909,0.2,0.194,109,207,316
15669,2012-10-20,4,1,10,1,0,6,0,1,0.46,0.4545,0.72,0.1343,2,93,95
5454,2011-08-20,3,0,8,3,0,6,0,1,0.62,0.5909,0.78,0,9,42,51
5734,2011-09-01,3,0,9,8,0,4,1,1,0.62,0.5909,0.73,0.1343,31,467,498
5770,2011-09-02,3,0,9,20,0,5,1,1,0.64,0.6061,0.73,0,38,158,196
4455,2011-07-09,3,0,7,12,0,6,0,1,0.8,0.7273,0.46,0.2537,145,221,366
14121,2012-08-16,3,1,8,13,0,4,1,1,0.8,0.697,0.31,0.2239,81,219,300
17114,2012-12-20,4,1,12,20,0,4,1,3,0.34,0.3333,0.76,0.1642,1,49,50
13424,2012-07-18,3,1,7,12,0,3,1,1,0.92,0.8636,0.37,0.1343,36,166,202
12828,2012-06-23,3,1,6,16,0,6,0,1,0.84,0.7121,0.26,0.2985,196,317,513
550,2011-01-25,1,0,1,1,0,2,1,2,0.16,0.1667,0.69,0.1642,0,5,5
15019,2012-09-22,3,1,9,23,0,6,0,1,0.62,0.6212,0.5,0.194,34,137,171
11656,2012-05-05,2,1,5,20,0,6,0,1,0.6,0.5758,0.78,0.2537,100,209,309
6821,2011-10-16,4,0,10,18,0,0,0,1,0.56,0.5303,0.49,0.4478,102,226,328
15732,2012-10-22,4,1,10,16,0,1,1,1,0.62,0.6212,0.33,0.1642,80,444,524
14864,2012-09-16,3,1,9,12,0,0,0,1,0.66,0.6212,0.44,0.1642,188,468,656
3575,2011-06-02,2,0,6,20,0,4,1,1,0.7,0.6364,0.24,0.194,51,286,337
7043,2011-10-26,4,0,10,1,0,3,1,1,0.44,0.4394,0.67,0.2537,3,9,12
8861,2012-01-10,1,1,1,0,0,2,1,2,0.22,0.2424,0.87,0.1045,0,14,14
10487,2012-03-18,1,1,3,1,0,0,0,1,0.46,0.4545,0.82,0.1343,25,88,113
4353,2011-07-05,3,0,7,6,0,2,1,1,0.66,0.6212,0.74,0.0896,3,91,94
11793,2012-05-11,2,1,5,13,0,5,1,1,0.6,0.6061,0.26,0.3881,100,263,363
2649,2011-04-25,2,0,4,6,0,1,1,2,0.5,0.4848,1,0,7,59,66
2587,2011-04-22,2,0,4,16,0,5,1,3,0.34,0.3333,0.87,0.1343,4,58,62
16213,2012-11-13,4,1,11,6,0,2,1,3,0.32,0.2879,0.81,0.4627,2,48,50
4890,2011-07-27,3,0,7,15,0,3,1,1,0.86,0.7424,0.26,0.2537,37,103,140
16186,2012-11-12,4,1,11,3,1,1,0,1,0.4,0.4091,0.76,0.1343,1,3,4
6577,2011-10-06,4,0,10,14,0,4,1,1,0.58,0.5455,0.43,0.0896,56,139,195
3161,2011-05-16,2,0,5,14,0,1,1,1,0.68,0.6364,0.51,0,76,117,193
12605,2012-06-14,2,1,6,9,0,4,1,1,0.62,0.6061,0.61,0.2239,45,312,357
9431,2012-02-02,1,1,2,20,0,4,1,1,0.36,0.3182,0.46,0.5224,9,204,213
3183,2011-05-17,2,0,5,12,0,2,1,3,0.56,0.5303,0.83,0.4179,38,115,153
6467,2011-10-02,4,0,10,0,0,0,0,3,0.36,0.3333,0.93,0.2985,4,43,47
8745,2012-01-05,1,1,1,4,0,4,1,2,0.2,0.2273,0.59,0.0896,0,5,5
3481,2011-05-29,2,0,5,22,0,0,0,1,0.66,0.5909,0.89,0.1343,78,93,171
2378,2011-04-13,2,0,4,23,0,3,1,1,0.4,0.4091,0.71,0.1343,5,57,62
4804,2011-07-24,3,0,7,1,0,0,0,1,0.78,0.7576,0.66,0.1045,33,63,96
14378,2012-08-27,3,1,8,6,0,1,1,1,0.62,0.5606,0.88,0,4,141,145
5693,2011-08-30,3,0,8,15,0,2,1,1,0.74,0.6515,0.35,0.2239,34,162,196
17170,2012-12-23,1,1,12,4,0,0,0,1,0.2,0.2121,0.47,0.1343,1,3,4
9189,2012-01-23,1,1,1,18,0,1,1,2,0.24,0.2424,0.93,0.1343,7,275,282
16288,2012-11-16,4,1,11,9,0,5,1,1,0.34,0.3485,0.53,0.1045,21,330,351
13983,2012-08-10,3,1,8,19,0,5,1,1,0.76,0.7121,0.62,0.2836,98,394,492
8086,2011-12-08,4,0,12,13,0,4,1,1,0.3,0.2727,0.49,0.3582,9,115,124
15059,2012-09-24,4,1,9,15,0,1,1,1,0.6,0.6212,0.31,0,84,216,300
4588,2011-07-15,3,0,7,1,0,5,1,1,0.62,0.5909,0.73,0.194,7,13,20
12332,2012-06-03,2,1,6,0,0,0,0,1,0.54,0.5152,0.6,0.1642,27,142,169
10020,2012-02-27,1,1,2,12,0,1,1,1,0.4,0.4091,0.37,0.2985,13,164,177
9977,2012-02-25,1,1,2,17,0,6,0,1,0.3,0.2727,0.33,0.3582,16,143,159
14981,2012-09-21,3,1,9,9,0,5,1,1,0.58,0.5455,0.68,0.1343,35,348,383
16587,2012-11-28,4,1,11,20,0,3,1,1,0.32,0.3333,0.36,0.1343,5,258,263
17346,2012-12-30,1,1,12,14,0,0,0,1,0.3,0.2727,0.36,0.4627,39,121,160
5400,2011-08-17,3,0,8,21,0,3,1,1,0.72,0.6818,0.62,0.2239,38,192,230
14202,2012-08-19,3,1,8,22,0,0,0,2,0.62,0.5909,0.78,0.1642,6,50,56
10461,2012-03-16,1,1,3,23,0,5,1,2,0.44,0.4394,0.94,0,22,104,126
10338,2012-03-11,1,1,3,20,0,0,0,1,0.44,0.4394,0.47,0.2239,42,129,171
12240,2012-05-30,2,1,5,4,0,3,1,2,0.62,0.5606,0.88,0.1343,0,6,6
9305,2012-01-28,1,1,1,14,0,6,0,1,0.38,0.3939,0.5,0.3881,123,239,362
15436,2012-10-10,4,1,10,8,0,3,1,1,0.5,0.4848,0.77,0.1642,33,806,839
12602,2012-06-14,2,1,6,6,0,4,1,1,0.58,0.5455,0.6,0.2836,12,169,181
13358,2012-07-15,3,1,7,18,0,0,0,3,0.72,0.697,0.79,0.3582,84,228,312
5373,2011-08-16,3,0,8,18,0,2,1,1,0.76,0.6818,0.45,0.2239,54,516,570
15589,2012-10-16,4,1,10,17,0,2,1,1,0.52,0.5,0.39,0.194,104,839,943
4956,2011-07-30,3,0,7,9,0,6,0,1,0.82,0.7576,0.46,0.2985,49,125,174
1614,2011-03-12,1,0,3,17,0,6,0,1,0.46,0.4545,0.44,0.3284,99,114,213
5830,2011-09-05,3,0,9,8,1,1,0,2,0.66,0.6061,0.78,0.194,45,56,101
8394,2011-12-21,1,0,12,9,0,3,1,2,0.4,0.4091,0.87,0.2239,14,220,234
10091,2012-03-01,1,1,3,12,0,4,1,1,0.56,0.5303,0.37,0.2239,16,204,220
15876,2012-10-28,4,1,10,16,0,0,0,3,0.48,0.4697,0.67,0.4627,42,251,293
15836,2012-10-27,4,1,10,0,0,6,0,1,0.5,0.4848,0.88,0.1343,10,132,142
2016,2011-03-29,2,0,3,20,0,2,1,1,0.36,0.3636,0.21,0.0896,13,119,132
15648,2012-10-19,4,1,10,4,0,5,1,2,0.56,0.5303,0.83,0,1,5,6
16613,2012-11-29,4,1,11,23,0,4,1,1,0.28,0.3182,0.61,0,6,124,130
14399,2012-08-28,3,1,8,3,0,2,1,1,0.66,0.5909,0.89,0.1343,0,4,4
5757,2011-09-02,3,0,9,7,0,5,1,1,0.6,0.5606,0.83,0.1045,6,253,259
16202,2012-11-12,4,1,11,19,1,1,0,1,0.54,0.5152,0.73,0.2836,30,323,353
5330,2011-08-14,3,0,8,23,0,0,0,3,0.6,0.5606,0.83,0,5,22,27
13129,2012-07-06,3,1,7,5,0,5,1,1,0.74,0.697,0.66,0.194,4,31,35
2982,2011-05-09,2,0,5,3,0,1,1,1,0.46,0.4545,0.82,0.0896,0,7,7
9956,2012-02-24,1,1,2,20,0,5,1,1,0.44,0.4394,0.62,0.4179,8,159,167
11198,2012-04-16,2,1,4,18,1,1,0,1,0.8,0.697,0.31,0.3881,87,589,676
7013,2011-10-24,4,0,10,19,0,1,1,3,0.48,0.4697,0.82,0,25,212,237
16200,2012-11-12,4,1,11,17,1,1,0,1,0.56,0.5303,0.64,0.2836,66,530,596
244,2011-01-11,1,0,1,12,0,2,1,2,0.2,0.2273,0.51,0.1045,2,55,57
15951,2012-11-02,4,1,11,7,0,5,1,2,0.3,0.303,0.7,0.1343,8,349,357
4879,2011-07-27,3,0,7,4,0,3,1,1,0.72,0.6667,0.51,0.194,1,3,4
11720,2012-05-08,2,1,5,12,0,2,1,2,0.62,0.6061,0.65,0.3284,60,203,263
107,2011-01-05,1,0,1,15,0,3,1,1,0.3,0.2879,0.28,0.194,7,55,62
6803,2011-10-16,4,0,10,0,0,0,0,1,0.46,0.4545,0.44,0.1343,22,85,107
9779,2012-02-17,1,1,2,9,0,5,1,2,0.26,0.303,1,0,8,275,283
6735,2011-10-13,4,0,10,4,0,4,1,2,0.54,0.5152,1,0.1045,2,5,7
15489,2012-10-12,4,1,10,13,0,5,1,1,0.56,0.5303,0.37,0.3881,81,300,381
16388,2012-11-20,4,1,11,13,0,2,1,2,0.44,0.4394,0.58,0,49,218,267
16685,2012-12-02,4,1,12,23,0,0,0,2,0.42,0.4242,0.82,0.1343,7,44,51
16407,2012-11-21,4,1,11,8,0,3,1,2,0.28,0.303,0.81,0.0896,12,539,551
4831,2011-07-25,3,0,7,4,0,1,1,1,0.72,0.7121,0.84,0.0896,0,6,6
9245,2012-01-26,1,1,1,2,0,4,1,2,0.28,0.2727,0.75,0.1642,1,6,7
5345,2011-08-15,3,0,8,14,0,1,1,1,0.74,0.6818,0.55,0.0896,56,95,151
5203,2011-08-09,3,0,8,16,0,2,1,1,0.86,0.7727,0.39,0.2985,57,228,285
12990,2012-06-30,3,1,6,10,0,6,0,1,0.88,0.7727,0.3,0.2537,96,308,404
15688,2012-10-20,4,1,10,20,0,6,0,1,0.5,0.4848,0.39,0.2239,61,198,259
9938,2012-02-24,1,1,2,2,0,5,1,3,0.42,0.4242,0.77,0.2836,1,4,5
15444,2012-10-10,4,1,10,16,0,3,1,1,0.6,0.6212,0.4,0.2239,92,474,566
4606,2011-07-15,3,0,7,19,0,5,1,1,0.7,0.6364,0.45,0.2239,114,280,394
9955,2012-02-24,1,1,2,19,0,5,1,2,0.44,0.4394,0.88,0.1045,6,227,233
8659,2012-01-01,1,1,1,13,0,0,0,1,0.42,0.4242,0.58,0.2836,82,141,223
7519,2011-11-14,4,0,11,21,0,1,1,1,0.6,0.6212,0.53,0.3582,37,176,213
8375,2011-12-20,4,0,12,14,0,2,1,2,0.44,0.4394,0.58,0.1045,11,127,138
3961,2011-06-18,2,0,6,22,0,6,0,2,0.72,0.6818,0.62,0.1343,56,105,161
15087,2012-09-25,4,1,9,19,0,2,1,1,0.62,0.6212,0.5,0.2537,49,490,539
3874,2011-06-15,2,0,6,7,0,3,1,1,0.54,0.5152,0.6,0.1343,22,348,370
180,2011-01-08,1,0,1,18,0,6,0,1,0.14,0.1212,0.39,0.2985,3,52,55
4447,2011-07-09,3,0,7,4,0,6,0,1,0.64,0.5758,0.83,0.2239,2,4,6
12319,2012-06-02,2,1,6,11,0,6,0,1,0.58,0.5455,0.46,0.2836,179,357,536
2837,2011-05-03,2,0,5,2,0,2,1,2,0.56,0.5303,0.78,0.2537,0,5,5
14256,2012-08-22,3,1,8,4,0,3,1,1,0.58,0.5455,0.83,0.1045,1,7,8
8945,2012-01-13,1,1,1,13,0,5,1,1,0.26,0.2121,0.33,0.5224,14,140,154
4794,2011-07-23,3,0,7,15,0,6,0,1,0.94,0.8788,0.38,0,78,137,215
10888,2012-04-03,2,1,4,19,0,2,1,1,0.56,0.5303,0.26,0.1045,98,460,558
5959,2011-09-10,3,0,9,19,0,6,0,1,0.7,0.6515,0.58,0.1343,101,214,315
11515,2012-04-29,2,1,4,23,0,0,0,1,0.48,0.4697,0.59,0,15,67,82
13941,2012-08-09,3,1,8,1,0,4,1,1,0.7,0.6667,0.79,0.1343,5,23,28
11747,2012-05-09,2,1,5,15,0,3,1,2,0.64,0.6212,0.53,0.1045,68,191,259
16536,2012-11-26,4,1,11,17,0,1,1,1,0.42,0.4242,0.32,0,13,540,553
6891,2011-10-19,4,0,10,17,0,3,1,3,0.56,0.5303,0.94,0.1642,11,170,181
14897,2012-09-17,3,1,9,21,0,1,1,3,0.62,0.5758,0.83,0.2239,28,205,233
16728,2012-12-04,4,1,12,18,0,2,1,1,0.5,0.4848,0.63,0.2239,38,693,731
12460,2012-06-08,2,1,6,8,0,5,1,1,0.58,0.5455,0.6,0.0896,37,663,700
11014,2012-04-09,2,1,4,1,0,1,1,1,0.46,0.4545,0.41,0.1343,4,12,16
30,2011-01-02,1,0,1,6,0,0,0,3,0.42,0.4242,0.77,0.2985,0,2,2
16768,2012-12-06,4,1,12,10,0,4,1,1,0.24,0.2273,0.52,0.194,23,122,145
5704,2011-08-31,3,0,8,2,0,3,1,1,0.56,0.5303,0.73,0,1,5,6
2802,2011-05-01,2,0,5,15,0,0,0,2,0.5,0.4848,0.72,0,113,153,266
9249,2012-01-26,1,1,1,6,0,4,1,2,0.28,0.3182,0.81,0,0,88,88
9363,2012-01-31,1,1,1,0,0,2,1,1,0.28,0.2727,0.52,0.2537,0,15,15
2923,2011-05-06,2,0,5,16,0,5,1,1,0.6,0.6212,0.4,0.2537,82,262,344
14494,2012-09-01,3,1,9,2,0,6,0,1,0.7,0.6515,0.7,0.1642,8,61,69
4665,2011-07-18,3,0,7,6,0,1,1,1,0.64,0.5758,0.83,0.1045,10,95,105
15891,2012-10-30,4,1,10,19,0,2,1,2,0.5,0.4848,0.68,0.194,6,109,115
16829,2012-12-08,4,1,12,23,0,6,0,2,0.4,0.4091,0.94,0,18,144,162
13497,2012-07-21,3,1,7,13,0,6,0,3,0.6,0.5606,0.83,0.1642,106,248,354
15799,2012-10-25,4,1,10,11,0,4,1,2,0.54,0.5152,0.83,0.1045,57,181,238
1246,2011-02-25,1,0,2,0,0,5,1,3,0.32,0.3485,0.93,0,1,8,9
12715,2012-06-18,2,1,6,23,0,1,1,3,0.6,0.5758,0.78,0.194,17,57,74
4538,2011-07-12,3,0,7,23,0,2,1,1,0.78,0.7121,0.52,0,20,59,79
5555,2011-08-24,3,0,8,8,0,3,1,1,0.62,0.6061,0.69,0.1343,32,436,468
12125,2012-05-25,2,1,5,9,0,5,1,2,0.64,0.5758,0.89,0.1343,52,288,340
4054,2011-06-22,3,0,6,19,0,3,1,2,0.8,0.7424,0.52,0.2537,62,280,342
5932,2011-09-09,3,0,9,16,0,5,1,1,0.74,0.697,0.66,0.1343,41,244,285
16057,2012-11-06,4,1,11,17,0,2,1,1,0.32,0.303,0.53,0.2239,30,597,627
4413,2011-07-07,3,0,7,18,0,4,1,1,0.84,0.7576,0.44,0.2985,70,492,562
109,2011-01-05,1,0,1,17,0,3,1,1,0.24,0.2273,0.38,0.194,4,186,190
14890,2012-09-17,3,1,9,14,0,1,1,2,0.64,0.6061,0.65,0.2537,129,203,332
9622,2012-02-10,1,1,2,20,0,5,1,2,0.32,0.3485,0.57,0,7,144,151
15231,2012-10-01,4,1,10,19,0,1,1,2,0.54,0.5152,0.68,0.1045,33,483,516
4970,2011-07-30,3,0,7,23,0,6,0,1,0.76,0.697,0.55,0.0896,63,114,177
15611,2012-10-17,4,1,10,15,0,3,1,2,0.58,0.5455,0.43,0.2239,62,239,301
6537,2011-10-04,4,0,10,22,0,2,1,1,0.5,0.4848,0.72,0.1343,8,106,114
13884,2012-08-06,3,1,8,16,0,1,1,1,0.84,0.7576,0.41,0.1045,88,363,451
9368,2012-01-31,1,1,1,5,0,2,1,1,0.3,0.2879,0.49,0.194,0,22,22
8841,2012-01-09,1,1,1,4,0,1,1,1,0.22,0.2424,0.64,0.1045,0,4,4
9442,2012-02-03,1,1,2,7,0,5,1,1,0.24,0.2273,0.65,0.2239,10,216,226
13405,2012-07-17,3,1,7,17,0,2,1,1,0.92,0.8182,0.29,0,95,675,770
13164,2012-07-07,3,1,7,16,0,6,0,1,1,0.8636,0.19,0.1642,102,192,294
5845,2011-09-05,3,0,9,23,1,1,0,3,0.56,0.5303,0.88,0.3881,3,17,20
16474,2012-11-24,4,1,11,3,0,6,0,1,0.28,0.2576,0.41,0.3582,6,5,11
4395,2011-07-07,3,0,7,0,0,4,1,1,0.66,0.5909,0.89,0.1343,6,29,35
5874,2011-09-07,3,0,9,5,0,3,1,2,0.56,0.5303,1,0.1343,1,15,16
15273,2012-10-03,4,1,10,13,0,3,1,2,0.7,0.6667,0.74,0.1045,55,224,279
12025,2012-05-21,2,1,5,5,0,1,1,3,0.56,0.5303,0.88,0.2985,1,14,15
15700,2012-10-21,4,1,10,8,0,0,0,1,0.42,0.4242,0.67,0,39,104,143
10688,2012-03-26,2,1,3,10,0,1,1,1,0.5,0.4848,0.36,0.5821,55,98,153
11528,2012-04-30,2,1,4,12,0,1,1,2,0.44,0.4394,0.47,0.1343,45,180,225
15747,2012-10-23,4,1,10,7,0,2,1,2,0.44,0.4394,0.77,0.1045,12,519,531
4349,2011-07-05,3,0,7,2,0,2,1,1,0.66,0.6212,0.74,0.0896,8,5,13
10812,2012-03-31,2,1,3,14,0,6,0,2,0.5,0.4848,0.63,0.2537,240,311,551
8823,2012-01-08,1,1,1,10,0,0,0,1,0.34,0.3333,0.49,0.1642,27,181,208
9641,2012-02-11,1,1,2,15,0,6,0,2,0.3,0.2727,0.61,0.2985,12,112,124
1159,2011-02-21,1,0,2,1,1,1,0,2,0.34,0.303,0.42,0.3284,2,11,13
16034,2012-11-05,4,1,11,18,0,1,1,1,0.34,0.3182,0.46,0.2239,19,523,542
9376,2012-01-31,1,1,1,13,0,2,1,1,0.46,0.4545,0.36,0.2239,27,171,198
7668,2011-11-21,4,0,11,2,0,1,1,3,0.44,0.4394,1,0.194,1,2,3
3126,2011-05-15,2,0,5,3,0,0,0,2,0.52,0.5,1,0,11,21,32
1866,2011-03-23,2,0,3,12,0,3,1,2,0.34,0.3182,0.87,0.2239,14,73,87
8481,2011-12-25,1,0,12,0,0,0,0,1,0.24,0.2273,0.6,0.194,2,4,6
12987,2012-06-30,3,1,6,7,0,6,0,1,0.64,0.5758,0.89,0.1642,10,82,92
974,2011-02-13,1,0,2,4,0,0,0,2,0.2,0.2121,0.69,0.1642,0,2,2
7666,2011-11-21,4,0,11,0,0,1,1,2,0.46,0.4545,0.94,0,4,13,17
4300,2011-07-03,3,0,7,1,0,0,0,2,0.7,0.6515,0.61,0.1642,23,55,78
16403,2012-11-21,4,1,11,4,0,3,1,1,0.28,0.2879,0.87,0.1045,0,10,10
3654,2011-06-06,2,0,6,3,0,1,1,1,0.58,0.5455,0.88,0,2,3,5
5873,2011-09-07,3,0,9,4,0,3,1,3,0.56,0.5303,0.94,0.1642,0,4,4
10735,2012-03-28,2,1,3,9,0,3,1,1,0.4,0.4091,0.43,0.4478,16,298,314
15013,2012-09-22,3,1,9,17,0,6,0,1,0.74,0.6667,0.51,0.3284,195,451,646
12843,2012-06-24,3,1,6,7,0,0,0,1,0.64,0.6061,0.69,0.1045,23,48,71
10484,2012-03-17,1,1,3,22,0,6,0,1,0.54,0.5152,0.68,0,58,153,211
5548,2011-08-24,3,0,8,1,0,3,1,1,0.6,0.6061,0.6,0.1045,7,17,24
13709,2012-07-30,3,1,7,9,0,1,1,2,0.74,0.697,0.7,0,34,259,293
3089,2011-05-13,2,0,5,14,0,5,1,2,0.52,0.5,0.87,0.2836,70,120,190
10708,2012-03-27,2,1,3,6,0,2,1,1,0.22,0.2273,0.37,0.194,5,96,101
7196,2011-11-01,4,0,11,10,0,2,1,1,0.44,0.4394,0.62,0.1343,21,114,135
8280,2011-12-16,4,0,12,15,0,5,1,2,0.32,0.303,0.45,0.2985,12,141,153
4681,2011-07-18,3,0,7,22,0,1,1,1,0.76,0.7273,0.66,0.2239,36,104,140
14450,2012-08-30,3,1,8,6,0,4,1,1,0.6,0.5606,0.83,0.1642,8,155,163
8243,2011-12-15,4,0,12,2,0,4,1,2,0.32,0.3333,0.7,0.1343,2,5,7
2826,2011-05-02,2,0,5,15,0,1,1,1,0.66,0.6212,0.61,0.194,45,110,155
1039,2011-02-15,1,0,2,23,0,2,1,2,0.22,0.2576,0.44,0.0896,0,20,20
17110,2012-12-20,4,1,12,16,0,4,1,2,0.34,0.303,0.53,0.3284,21,281,302
6331,2011-09-26,4,0,9,8,0,1,1,2,0.62,0.5455,0.94,0,29,326,355
11,2011-01-01,1,0,1,10,0,6,0,1,0.38,0.3939,0.76,0.2537,12,24,36
2648,2011-04-25,2,0,4,5,0,1,1,2,0.46,0.4545,1,0,3,14,17
5869,2011-09-07,3,0,9,0,0,3,1,2,0.54,0.5152,0.94,0.2239,1,12,13
14576,2012-09-04,3,1,9,12,0,2,1,1,0.76,0.7273,0.7,0.2836,54,233,287
1427,2011-03-04,1,0,3,17,0,5,1,2,0.36,0.3333,0.5,0.2537,22,206,228
14967,2012-09-20,3,1,9,19,0,4,1,1,0.58,0.5455,0.6,0.2239,69,534,603
3266,2011-05-20,2,0,5,23,0,5,1,1,0.52,0.5,0.72,0.1642,15,100,115
14550,2012-09-03,3,1,9,10,1,1,0,2,0.74,0.7121,0.74,0.2239,135,224,359
14773,2012-09-12,3,1,9,17,0,3,1,1,0.7,0.6364,0.41,0.2985,114,811,925
4815,2011-07-24,3,0,7,12,0,0,0,1,0.9,0.8636,0.45,0.1642,85,161,246
14788,2012-09-13,3,1,9,8,0,4,1,1,0.56,0.5303,0.73,0,33,725,758
11891,2012-05-15,2,1,5,15,0,2,1,2,0.7,0.6515,0.61,0.0896,51,205,256
1216,2011-02-23,1,0,2,17,0,3,1,1,0.34,0.3485,0.25,0.0896,15,207,222
7271,2011-11-04,4,0,11,13,0,5,1,1,0.44,0.4394,0.51,0.4179,33,161,194
14516,2012-09-02,3,1,9,0,0,0,0,2,0.66,0.5909,0.89,0.0896,27,72,99
2394,2011-04-14,2,0,4,15,0,4,1,1,0.6,0.6212,0.31,0.0896,57,85,142
2785,2011-04-30,2,0,4,22,0,6,0,1,0.44,0.4394,0.67,0.1045,37,106,143
16432,2012-11-22,4,1,11,9,1,4,0,1,0.3,0.3333,0.65,0,25,94,119
16124,2012-11-09,4,1,11,13,0,5,1,1,0.46,0.4545,0.38,0.2985,62,237,299
9145,2012-01-21,1,1,1,22,0,6,0,2,0.18,0.1667,0.74,0.2985,3,56,59
324,2011-01-14,1,0,1,23,0,5,1,2,0.18,0.2424,0.55,0,1,26,27
1345,2011-03-01,1,0,3,7,0,2,1,1,0.2,0.1818,0.59,0.3284,2,105,107
13080,2012-07-04,3,1,7,4,1,3,0,1,0.68,0.6364,0.69,0.2537,5,11,16
4458,2011-07-09,3,0,7,15,0,6,0,1,0.84,0.7273,0.34,0.0896,182,220,402
373,2011-01-17,1,0,1,0,1,1,0,2,0.2,0.197,0.47,0.2239,1,16,17
910,2011-02-10,1,0,2,10,0,4,1,1,0.12,0.1061,0.42,0.2985,1,34,35
6724,2011-10-12,4,0,10,17,0,3,1,3,0.54,0.5152,0.94,0.2239,16,235,251
12502,2012-06-10,2,1,6,2,0,0,0,1,0.64,0.6061,0.69,0.1343,17,56,73
5084,2011-08-04,3,0,8,17,0,4,1,1,0.76,0.7121,0.62,0.3284,91,464,555
3400,2011-05-26,2,0,5,13,0,4,1,1,0.82,0.7727,0.52,0.2836,52,145,197
497,2011-01-22,1,0,1,18,0,6,0,1,0.08,0.0909,0.35,0.194,0,54,54
5847,2011-09-06,3,0,9,2,0,2,1,3,0.54,0.5152,0.94,0.2537,0,2,2
11507,2012-04-29,2,1,4,15,0,0,0,1,0.56,0.5303,0.37,0.1343,279,324,603
10154,2012-03-04,1,1,3,3,0,0,0,2,0.36,0.3485,0.43,0.1343,5,21,26
12680,2012-06-17,2,1,6,12,0,0,0,1,0.62,0.6212,0.57,0,260,355,615
8143,2011-12-10,4,0,12,22,0,6,0,1,0.22,0.2273,0.41,0.1343,7,88,95
15832,2012-10-26,4,1,10,20,0,5,1,2,0.54,0.5152,0.83,0.1642,40,271,311
3471,2011-05-29,2,0,5,12,0,0,0,2,0.7,0.6667,0.74,0.2239,216,186,402
5303,2011-08-13,3,0,8,20,0,6,0,2,0.68,0.6364,0.83,0.2239,78,105,183
7503,2011-11-14,4,0,11,5,0,1,1,2,0.44,0.4394,0.67,0.2537,0,19,19
16285,2012-11-16,4,1,11,6,0,5,1,2,0.3,0.3182,0.61,0.0896,4,126,130
1245,2011-02-24,1,0,2,23,0,4,1,2,0.32,0.303,0.93,0.2239,3,47,50
4366,2011-07-05,3,0,7,19,0,2,1,1,0.8,0.7727,0.59,0.1343,71,297,368
16235,2012-11-14,4,1,11,4,0,3,1,1,0.22,0.2273,0.69,0.194,0,6,6
1196,2011-02-22,1,0,2,20,0,2,1,1,0.2,0.197,0.47,0.2239,3,102,105
14086,2012-08-15,3,1,8,2,0,3,1,1,0.68,0.6364,0.65,0,1,7,8
4954,2011-07-30,3,0,7,7,0,6,0,1,0.76,0.7273,0.66,0.194,3,39,42
13168,2012-07-07,3,1,7,20,0,6,0,1,0.9,0.8182,0.37,0.1642,79,197,276
1424,2011-03-04,1,0,3,14,0,5,1,1,0.36,0.3333,0.4,0.2836,30,65,95
8294,2011-12-17,4,0,12,5,0,6,0,2,0.26,0.2576,0.6,0.194,2,7,9
257,2011-01-12,1,0,1,1,0,3,1,2,0.16,0.1818,0.86,0.1045,0,6,6
15617,2012-10-17,4,1,10,21,0,3,1,1,0.46,0.4545,0.82,0.194,28,301,329
11178,2012-04-15,2,1,4,22,0,0,0,1,0.68,0.6364,0.44,0.3582,37,97,134
289,2011-01-13,1,0,1,11,0,4,1,2,0.2,0.1667,0.44,0.4478,4,33,37
6288,2011-09-24,4,0,9,13,0,6,0,1,0.64,0.5909,0.78,0,170,290,460
6578,2011-10-06,4,0,10,15,0,4,1,1,0.58,0.5455,0.46,0.1343,62,157,219
8872,2012-01-10,1,1,1,12,0,2,1,1,0.42,0.4242,0.38,0.2985,13,127,140
8507,2011-12-26,1,0,12,4,1,1,0,1,0.34,0.303,0.46,0.2985,0,2,2
10570,2012-03-21,2,1,3,12,0,3,1,2,0.54,0.5152,0.77,0,58,171,229
12432,2012-06-07,2,1,6,4,0,4,1,1,0.46,0.4545,0.88,0.1045,0,6,6
10190,2012-03-05,1,1,3,15,0,1,1,2,0.3,0.2879,0.53,0.194,20,110,130
4485,2011-07-10,3,0,7,18,0,0,0,1,0.82,0.7424,0.43,0.2836,141,222,363
11097,2012-04-12,2,1,4,13,0,4,1,1,0.48,0.4697,0.36,0.4478,55,148,203
13593,2012-07-25,3,1,7,13,0,3,1,1,0.78,0.6818,0.31,0.1642,81,231,312
8367,2011-12-20,4,0,12,6,0,2,1,2,0.36,0.3788,0.57,0,1,71,72
12390,2012-06-05,2,1,6,10,0,2,1,2,0.52,0.5,0.63,0.2985,58,118,176
1233,2011-02-24,1,0,2,11,0,4,1,2,0.32,0.2879,0.57,0.3881,8,71,79
1281,2011-02-26,1,0,2,12,0,6,0,2,0.32,0.3182,0.45,0.1642,45,115,160
7182,2011-10-31,4,0,10,20,0,1,1,1,0.4,0.4091,0.66,0.0896,18,154,172
10890,2012-04-03,2,1,4,21,0,2,1,1,0.54,0.5152,0.45,0,33,210,243
14827,2012-09-14,3,1,9,23,0,5,1,1,0.62,0.5909,0.78,0.0896,27,168,195
2676,2011-04-26,2,0,4,9,0,2,1,1,0.64,0.6061,0.73,0.3582,35,164,199
1113,2011-02-19,1,0,2,2,0,6,0,1,0.44,0.4394,0.13,0.3881,3,14,17
7804,2011-11-26,4,0,11,18,0,6,0,2,0.42,0.4242,0.62,0.1642,67,118,185
10389,2012-03-13,1,1,3,23,0,2,1,1,0.56,0.5303,0.56,0.1343,8,79,87
4222,2011-06-29,3,0,6,19,0,3,1,1,0.76,0.6667,0.35,0.3881,60,341,401
14810,2012-09-14,3,1,9,6,0,5,1,1,0.54,0.5152,0.88,0,8,144,152
5131,2011-08-06,3,0,8,16,0,6,0,3,0.74,0.7121,0.79,0.1642,155,188,343
7536,2011-11-15,4,0,11,14,0,2,1,2,0.54,0.5152,0.6,0.2836,27,120,147
5525,2011-08-23,3,0,8,2,0,2,1,1,0.56,0.5303,0.52,0.194,2,4,6
268,2011-01-12,1,0,1,14,0,3,1,1,0.2,0.1818,0.47,0.3284,0,44,44
12909,2012-06-27,3,1,6,1,0,3,1,1,0.6,0.6212,0.43,0.1642,5,18,23
13268,2012-07-12,3,1,7,0,0,4,1,2,0.68,0.6364,0.61,0,1,55,56
15402,2012-10-08,4,1,10,22,1,1,0,3,0.4,0.4091,0.76,0.2537,6,101,107
16693,2012-12-03,4,1,12,7,0,1,1,2,0.34,0.3636,0.93,0,9,387,396
6128,2011-09-17,3,0,9,21,0,6,0,2,0.5,0.4848,0.72,0.194,49,121,170
9203,2012-01-24,1,1,1,8,0,2,1,2,0.32,0.3333,0.93,0.1343,11,479,490
11256,2012-04-19,2,1,4,4,0,4,1,2,0.42,0.4242,0.71,0,0,4,4
402,2011-01-18,1,0,1,17,0,2,1,2,0.22,0.2273,0.82,0.194,1,124,125
5822,2011-09-05,3,0,9,0,1,1,0,2,0.7,0.6667,0.74,0.2239,31,66,97
6508,2011-10-03,4,0,10,17,0,1,1,2,0.4,0.4091,0.76,0.1642,40,455,495
9782,2012-02-17,1,1,2,12,0,5,1,1,0.38,0.3939,0.46,0.3881,21,177,198
3049,2011-05-11,2,0,5,22,0,3,1,1,0.5,0.4848,0.72,0.2537,12,134,146
2046,2011-03-31,2,0,3,2,0,4,1,3,0.24,0.2273,0.93,0.194,0,5,5
10963,2012-04-06,2,1,4,22,0,5,1,1,0.4,0.4091,0.35,0.2239,34,124,158
1380,2011-03-02,1,0,3,18,0,3,1,1,0.46,0.4545,0.23,0.4925,8,193,201
8797,2012-01-07,1,1,1,8,0,6,0,1,0.24,0.2576,0.75,0.1045,0,64,64
14242,2012-08-21,3,1,8,14,0,2,1,1,0.76,0.6667,0.37,0.0896,110,192,302
14592,2012-09-05,3,1,9,4,0,3,1,1,0.7,0.6667,0.79,0.2836,2,3,5
16498,2012-11-25,4,1,11,3,0,0,0,1,0.22,0.2727,0.44,0,0,8,8
4760,2011-07-22,3,0,7,5,0,5,1,1,0.74,0.7121,0.79,0.1045,2,17,19
15015,2012-09-22,3,1,9,19,0,6,0,1,0.7,0.6515,0.58,0.194,99,308,407
9562,2012-02-08,1,1,2,8,0,3,1,2,0.24,0.2273,0.7,0.2239,13,495,508
9053,2012-01-18,1,1,1,2,0,3,1,2,0.44,0.4394,0.51,0.4925,1,1,2
9234,2012-01-25,1,1,1,15,0,3,1,1,0.36,0.3788,0.46,0,30,125,155
3791,2011-06-11,2,0,6,20,0,6,0,1,0.68,0.6364,0.74,0.2537,95,180,275
621,2011-01-29,1,0,1,2,0,6,0,1,0.22,0.2273,0.64,0.1642,0,15,15
5800,2011-09-04,3,0,9,2,0,0,0,1,0.66,0.6061,0.83,0.194,17,43,60
653,2011-01-30,1,0,1,12,0,0,0,1,0.3,0.3182,0.52,0.1045,10,87,97
9386,2012-01-31,1,1,1,23,0,2,1,1,0.44,0.4394,0.38,0.2537,2,61,63
10011,2012-02-27,1,1,2,3,0,1,1,1,0.24,0.2424,0.75,0.1642,0,2,2
13626,2012-07-26,3,1,7,22,0,4,1,1,0.8,0.7424,0.49,0.6119,33,201,234
3474,2011-05-29,2,0,5,15,0,0,0,1,0.74,0.697,0.7,0.2985,221,155,376
15262,2012-10-03,4,1,10,2,0,3,1,2,0.62,0.5455,0.94,0,2,7,9
8318,2011-12-18,4,0,12,5,0,0,0,1,0.2,0.2273,0.59,0.1045,1,4,5
5329,2011-08-14,3,0,8,22,0,0,0,3,0.6,0.5455,0.88,0.4925,14,25,39
7220,2011-11-02,4,0,11,10,0,3,1,1,0.4,0.4091,0.71,0.0896,25,108,133
7948,2011-12-02,4,0,12,19,0,5,1,1,0.34,0.3182,0.53,0.2537,13,252,265
10236,2012-03-07,1,1,3,13,0,3,1,1,0.5,0.4848,0.34,0.4179,26,179,205
5020,2011-08-02,3,0,8,1,0,2,1,1,0.66,0.6212,0.74,0.1045,4,8,12
8846,2012-01-09,1,1,1,9,0,1,1,2,0.22,0.2727,0.64,0,9,188,197
6153,2011-09-18,3,0,9,22,0,0,0,2,0.54,0.5152,0.68,0.0896,9,75,84
14531,2012-09-02,3,1,9,15,0,0,0,3,0.74,0.7121,0.74,0.1343,179,176,355
2517,2011-04-19,2,0,4,18,0,2,1,2,0.54,0.5152,0.64,0.1343,44,377,421
9575,2012-02-08,1,1,2,21,0,3,1,3,0.24,0.2273,0.87,0.194,3,126,129
14347,2012-08-25,3,1,8,23,0,6,0,2,0.62,0.5758,0.83,0.2537,34,124,158
13456,2012-07-19,3,1,7,20,0,4,1,1,0.82,0.7727,0.49,0.1642,65,440,505
10565,2012-03-21,2,1,3,7,0,3,1,3,0.48,0.4697,0.94,0.194,34,338,372
16408,2012-11-21,4,1,11,9,0,3,1,1,0.32,0.3333,0.76,0.0896,45,320,365
5287,2011-08-13,3,0,8,4,0,6,0,2,0.64,0.6061,0.73,0.1343,5,5,10
10263,2012-03-08,1,1,3,16,0,4,1,2,0.62,0.6212,0.41,0.6418,37,305,342
11513,2012-04-29,2,1,4,21,0,0,0,1,0.52,0.5,0.48,0.1343,65,139,204
13333,2012-07-14,3,1,7,17,0,6,0,3,0.7,0.6667,0.79,0.1642,199,259,458
11881,2012-05-15,2,1,5,5,0,2,1,3,0.56,0.5303,0.94,0.2239,0,8,8
14504,2012-09-01,3,1,9,12,0,6,0,2,0.8,0.7576,0.55,0.1642,187,284,471
3604,2011-06-04,2,0,6,1,0,6,0,1,0.54,0.5152,0.64,0.1045,14,80,94
12616,2012-06-14,2,1,6,20,0,4,1,1,0.66,0.6212,0.65,0.2537,84,351,435
16958,2012-12-14,4,1,12,8,0,5,1,1,0.2,0.2273,0.69,0.0896,13,623,636
7031,2011-10-25,4,0,10,13,0,2,1,1,0.56,0.5303,0.37,0.3881,37,161,198
2917,2011-05-06,2,0,5,10,0,5,1,2,0.54,0.5152,0.49,0.3284,30,97,127
11053,2012-04-10,2,1,4,16,0,2,1,1,0.58,0.5455,0.21,0.2537,66,296,362
1507,2011-03-08,1,0,3,3,0,2,1,1,0.24,0.2576,0.52,0.0896,5,2,7
13594,2012-07-25,3,1,7,14,0,3,1,1,0.8,0.697,0.29,0.1343,88,159,247
16073,2012-11-07,4,1,11,9,0,3,1,2,0.26,0.2424,0.6,0.2836,17,351,368
8066,2011-12-07,4,0,12,17,0,3,1,3,0.4,0.4091,1,0.3284,4,48,52
9896,2012-02-22,1,1,2,8,0,3,1,1,0.3,0.3182,0.75,0.0896,9,567,576
13500,2012-07-21,3,1,7,16,0,6,0,3,0.6,0.5455,0.88,0.194,130,196,326
15309,2012-10-05,4,1,10,1,0,5,1,1,0.54,0.5152,0.68,0.1045,3,43,46
8935,2012-01-13,1,1,1,3,0,5,1,1,0.36,0.3333,0.87,0.2537,3,4,7
1649,2011-03-14,1,0,3,6,0,1,1,1,0.26,0.2727,0.65,0.1343,1,27,28
15437,2012-10-10,4,1,10,9,0,3,1,1,0.54,0.5152,0.6,0.2836,35,331,366
4891,2011-07-27,3,0,7,16,0,3,1,1,0.86,0.7273,0.25,0.1642,40,228,268
731,2011-02-02,1,0,2,19,0,3,1,1,0.28,0.2424,0.45,0.4925,3,88,91
5441,2011-08-19,3,0,8,14,0,5,1,1,0.78,0.7273,0.55,0.194,78,142,220
6767,2011-10-14,4,0,10,12,0,5,1,3,0.52,0.5,0.88,0.1642,13,62,75
10877,2012-04-03,2,1,4,8,0,2,1,1,0.34,0.3636,0.57,0,27,577,604
10780,2012-03-30,2,1,3,6,0,5,1,1,0.32,0.3333,0.57,0.1343,5,81,86
15279,2012-10-03,4,1,10,19,0,3,1,1,0.7,0.6515,0.65,0,49,544,593
16470,2012-11-23,4,1,11,23,0,5,1,1,0.42,0.4242,0.38,0.4478,20,47,67
338,2011-01-15,1,0,1,13,0,6,0,1,0.28,0.2576,0.38,0.2985,21,80,101
10523,2012-03-19,1,1,3,13,0,1,1,1,0.62,0.6061,0.61,0.2537,69,194,263
11526,2012-04-30,2,1,4,10,0,1,1,2,0.42,0.4242,0.41,0.1642,41,116,157
1746,2011-03-18,1,0,3,10,0,5,1,1,0.52,0.5,0.53,0.2836,43,74,117
8201,2011-12-13,4,0,12,8,0,2,1,1,0.2,0.2273,0.69,0.1045,9,391,400
3854,2011-06-14,2,0,6,11,0,2,1,1,0.64,0.6212,0.41,0.2836,40,103,143
11896,2012-05-15,2,1,5,20,0,2,1,3,0.64,0.6061,0.73,0.1343,30,233,263
5222,2011-08-10,3,0,8,11,0,3,1,1,0.8,0.7121,0.41,0.3881,54,95,149
17182,2012-12-23,1,1,12,16,0,0,0,1,0.34,0.3333,0.34,0.194,53,137,190
2710,2011-04-27,2,0,4,19,0,3,1,1,0.62,0.5909,0.78,0.2836,40,220,260
15970,2012-11-03,4,1,11,2,0,6,0,2,0.34,0.3182,0.49,0.2537,10,36,46
5903,2011-09-08,3,0,9,11,0,4,1,2,0.64,0.5606,0.94,0.2239,16,82,98
3389,2011-05-26,2,0,5,2,0,4,1,1,0.62,0.5758,0.83,0.1045,7,7,14
11803,2012-05-11,2,1,5,23,0,5,1,1,0.54,0.5152,0.37,0.194,38,142,180
9396,2012-02-01,1,1,2,9,0,3,1,2,0.36,0.3485,0.71,0.194,9,267,276
16090,2012-11-08,4,1,11,2,0,4,1,2,0.3,0.2879,0.49,0.2239,1,5,6
6390,2011-09-28,4,0,9,19,0,3,1,3,0.66,0.6061,0.83,0.2537,57,315,372
11462,2012-04-27,2,1,4,18,0,5,1,1,0.52,0.5,0.25,0.3582,94,560,654
11938,2012-05-17,2,1,5,14,0,4,1,1,0.64,0.6212,0.38,0.194,68,202,270
8403,2011-12-21,1,0,12,18,0,3,1,2,0.44,0.4394,1,0.2985,2,278,280
10256,2012-03-08,1,1,3,9,0,4,1,1,0.46,0.4545,0.72,0.4627,19,282,301
3127,2011-05-15,2,0,5,4,0,0,0,2,0.52,0.5,1,0,5,8,13
1157,2011-02-20,1,0,2,23,0,0,0,2,0.3,0.303,0.61,0.1642,9,45,54
12956,2012-06-29,3,1,6,0,0,5,1,1,0.74,0.6667,0.48,0.1343,24,90,114
14563,2012-09-03,3,1,9,23,1,1,0,2,0.7,0.6667,0.84,0.2537,12,58,70
5986,2011-09-11,3,0,9,22,0,0,0,1,0.62,0.6061,0.69,0.3881,21,74,95
6217,2011-09-21,3,0,9,14,0,3,1,2,0.66,0.6212,0.74,0.194,40,139,179
10028,2012-02-27,1,1,2,20,0,1,1,1,0.48,0.4697,0.33,0.3582,11,208,219
5913,2011-09-08,3,0,9,21,0,4,1,3,0.64,0.5606,0.94,0.1045,6,76,82
33,2011-01-02,1,0,1,9,0,0,0,2,0.38,0.3939,0.76,0.2239,1,19,20
7188,2011-11-01,4,0,11,2,0,2,1,2,0.36,0.3485,0.81,0.1642,1,3,4
12479,2012-06-09,2,1,6,3,0,6,0,1,0.62,0.6212,0.57,0,12,28,40
17153,2012-12-22,1,1,12,11,0,6,0,1,0.28,0.2576,0.41,0.3582,29,130,159
5971,2011-09-11,3,0,9,7,0,0,0,1,0.6,0.5455,0.88,0,9,28,37
1337,2011-02-28,1,0,2,23,0,1,1,2,0.32,0.2879,0.81,0.3881,0,45,45
7256,2011-11-03,4,0,11,22,0,4,1,1,0.4,0.4091,0.82,0,21,116,137
4022,2011-06-21,3,0,6,11,0,2,1,1,0.66,0.6061,0.83,0.1642,52,119,171
13093,2012-07-04,3,1,7,17,1,3,0,1,0.92,0.8485,0.35,0.2985,161,253,414
15879,2012-10-28,4,1,10,19,0,0,0,3,0.42,0.4242,0.94,0.3582,7,47,54
10880,2012-04-03,2,1,4,11,0,2,1,1,0.48,0.4697,0.23,0,91,167,258
9319,2012-01-29,1,1,1,4,0,0,0,1,0.24,0.2576,0.3,0,0,5,5
6301,2011-09-25,4,0,9,2,0,0,0,3,0.6,0.5152,0.94,0,27,79,106
1611,2011-03-12,1,0,3,14,0,6,0,1,0.4,0.4091,0.5,0.4478,70,96,166
940,2011-02-11,1,0,2,18,0,5,1,1,0.28,0.3182,0.28,0,9,165,174
10012,2012-02-27,1,1,2,4,0,1,1,1,0.22,0.2273,0.8,0.1343,0,1,1
13883,2012-08-06,3,1,8,15,0,1,1,1,0.82,0.7576,0.46,0.1343,91,183,274
4024,2011-06-21,3,0,6,13,0,2,1,1,0.74,0.697,0.66,0.1642,49,158,207
11026,2012-04-09,2,1,4,13,0,1,1,1,0.54,0.5152,0.28,0.5821,108,173,281
9268,2012-01-27,1,1,1,1,0,5,1,2,0.4,0.4091,0.87,0.2239,6,23,29
13912,2012-08-07,3,1,8,20,0,2,1,2,0.74,0.697,0.7,0.1343,74,374,448
16070,2012-11-07,4,1,11,6,0,3,1,2,0.26,0.2424,0.56,0.2836,3,115,118
746,2011-02-03,1,0,2,11,0,4,1,1,0.18,0.1364,0.43,0.4478,9,55,64
4084,2011-06-24,3,0,6,1,0,5,1,1,0.66,0.6061,0.83,0.3284,8,20,28
15886,2012-10-30,4,1,10,14,0,2,1,3,0.3,0.2727,0.81,0.3582,8,118,126
3271,2011-05-21,2,0,5,4,0,6,0,1,0.46,0.4545,0.88,0.1343,1,6,7
5583,2011-08-25,3,0,8,12,0,4,1,3,0.7,0.6667,0.79,0,9,32,41
2878,2011-05-04,2,0,5,19,0,3,1,1,0.42,0.4242,0.58,0.3582,30,266,296
7615,2011-11-18,4,0,11,21,0,5,1,1,0.28,0.2727,0.48,0.1642,3,108,111
4702,2011-07-19,3,0,7,19,0,2,1,1,0.76,0.7424,0.75,0.194,54,334,388
1742,2011-03-18,1,0,3,6,0,5,1,1,0.4,0.4091,0.66,0.194,1,35,36
13780,2012-08-02,3,1,8,8,0,4,1,1,0.72,0.697,0.74,0.1045,21,718,739
9743,2012-02-15,1,1,2,21,0,3,1,1,0.34,0.3333,0.53,0.1642,8,170,178
2652,2011-04-25,2,0,4,9,0,1,1,1,0.6,0.5606,0.83,0.1343,27,147,174
14387,2012-08-27,3,1,8,15,0,1,1,1,0.8,0.7576,0.55,0.2985,77,205,282
7797,2011-11-26,4,0,11,11,0,6,0,1,0.4,0.4091,0.62,0.1045,107,123,230
5647,2011-08-28,3,0,8,17,0,0,0,1,0.76,0.6818,0.4,0.2985,145,253,398
8422,2011-12-22,1,0,12,13,0,4,1,2,0.46,0.4545,0.63,0,21,167,188
3003,2011-05-10,2,0,5,0,0,2,1,1,0.48,0.4697,0.63,0,6,12,18
1822,2011-03-21,2,0,3,15,0,1,1,2,0.56,0.5303,0.6,0.2239,41,66,107
10932,2012-04-05,2,1,4,15,0,4,1,1,0.5,0.4848,0.31,0.1045,98,171,269
7414,2011-11-10,4,0,11,12,0,4,1,2,0.42,0.4242,0.67,0.3582,18,149,167
1331,2011-02-28,1,0,2,17,0,1,1,3,0.4,0.4091,1,0.2985,2,77,79
15078,2012-09-25,4,1,9,10,0,2,1,1,0.56,0.5303,0.52,0.2985,45,125,170
7147,2011-10-30,4,0,10,9,0,0,0,1,0.3,0.2879,0.65,0.2537,55,92,147
958,2011-02-12,1,0,2,12,0,6,0,1,0.3,0.2727,0.39,0.4627,27,93,120
2111,2011-04-02,2,0,4,19,0,6,0,1,0.36,0.3333,0.53,0.3582,71,77,148
8365,2011-12-20,4,0,12,4,0,2,1,2,0.36,0.3636,0.53,0.1045,0,4,4
14254,2012-08-22,3,1,8,2,0,3,1,1,0.62,0.5909,0.78,0,7,10,17
9126,2012-01-21,1,1,1,3,0,6,0,3,0.14,0.1818,0.93,0.0896,0,13,13
7502,2011-11-14,4,0,11,4,0,1,1,1,0.44,0.4394,0.67,0.2239,0,5,5
14054,2012-08-13,3,1,8,18,0,1,1,1,0.76,0.697,0.52,0.2836,103,709,812
4692,2011-07-19,3,0,7,9,0,2,1,2,0.8,0.7879,0.63,0.1343,22,177,199
16329,2012-11-18,4,1,11,2,0,0,0,1,0.28,0.2879,0.81,0.1045,8,65,73
1661,2011-03-14,1,0,3,18,0,1,1,1,0.36,0.3636,0.4,0.1045,25,210,235
16742,2012-12-05,4,1,12,8,0,3,1,2,0.44,0.4394,0.58,0.2836,22,737,759
15251,2012-10-02,4,1,10,15,0,2,1,3,0.62,0.5758,0.83,0.1343,14,195,209
7832,2011-11-27,4,0,11,22,0,0,0,1,0.48,0.4697,0.72,0.2537,13,53,66
14665,2012-09-08,3,1,9,5,0,6,0,2,0.66,0.5909,0.94,0.2537,2,13,15
2769,2011-04-30,2,0,4,6,0,6,0,1,0.4,0.4091,0.58,0.2836,10,11,21
13099,2012-07-04,3,1,7,23,1,3,0,2,0.78,0.697,0.43,0.0896,31,152,183
656,2011-01-30,1,0,1,15,0,0,0,1,0.3,0.3333,0.56,0,14,95,109
14898,2012-09-17,3,1,9,22,0,1,1,3,0.62,0.5758,0.83,0.2537,20,109,129
13350,2012-07-15,3,1,7,10,0,0,0,1,0.76,0.7273,0.66,0.1343,141,241,382
16818,2012-12-08,4,1,12,12,0,6,0,2,0.4,0.4091,0.87,0.2239,122,364,486
12422,2012-06-06,2,1,6,18,0,3,1,3,0.6,0.6212,0.53,0.194,94,688,782
12464,2012-06-08,2,1,6,12,0,5,1,1,0.72,0.6515,0.39,0.3284,89,280,369
8508,2011-12-26,1,0,12,5,1,1,0,1,0.34,0.303,0.42,0.3881,0,4,4
10282,2012-03-09,1,1,3,11,0,5,1,2,0.36,0.3333,0.34,0.3582,17,170,187
2200,2011-04-06,2,0,4,12,0,3,1,1,0.44,0.4394,0.41,0.2537,22,112,134
2961,2011-05-08,2,0,5,6,0,0,0,2,0.44,0.4394,0.82,0,2,4,6
4641,2011-07-17,3,0,7,6,0,0,0,1,0.62,0.5909,0.73,0.1642,10,11,21
2400,2011-04-14,2,0,4,21,0,4,1,1,0.46,0.4545,0.63,0.1343,19,126,145
7311,2011-11-06,4,0,11,5,0,0,0,1,0.24,0.2424,0.87,0.1343,0,5,5
7252,2011-11-03,4,0,11,18,0,4,1,1,0.46,0.4545,0.63,0.1343,24,409,433
5488,2011-08-21,3,0,8,13,0,0,0,1,0.8,0.7727,0.59,0.4179,94,216,310
16126,2012-11-09,4,1,11,15,0,5,1,1,0.46,0.4545,0.36,0.2239,78,278,356
14124,2012-08-16,3,1,8,16,0,4,1,1,0.82,0.7121,0.32,0.2239,79,340,419
8288,2011-12-16,4,0,12,23,0,5,1,2,0.3,0.303,0.49,0.1343,4,71,75
13724,2012-07-31,3,1,7,0,0,2,1,1,0.68,0.6364,0.79,0.1343,11,27,38
8824,2012-01-08,1,1,1,11,0,0,0,1,0.36,0.3485,0.46,0.2239,55,201,256
7837,2011-11-28,4,0,11,4,0,1,1,1,0.44,0.4394,0.82,0.0896,0,4,4
1406,2011-03-03,1,0,3,20,0,4,1,1,0.2,0.2273,0.4,0.0896,1,69,70
15420,2012-10-09,4,1,10,16,0,2,1,2,0.5,0.4848,0.72,0.1642,70,354,424
2626,2011-04-24,2,0,4,7,0,0,0,2,0.5,0.4848,1,0,16,11,27
11251,2012-04-18,2,1,4,23,0,3,1,2,0.42,0.4242,0.77,0,14,56,70
11216,2012-04-17,2,1,4,12,0,2,1,1,0.6,0.6212,0.33,0.3582,65,179,244
13745,2012-07-31,3,1,7,21,0,2,1,1,0.68,0.6364,0.79,0.194,60,292,352
7626,2011-11-19,4,0,11,8,0,6,0,1,0.26,0.2424,0.56,0.2537,12,80,92
3149,2011-05-16,2,0,5,2,0,1,1,1,0.5,0.4848,1,0.0896,4,9,13
12487,2012-06-09,2,1,6,11,0,6,0,1,0.76,0.6667,0.35,0,218,351,569
13361,2012-07-15,3,1,7,21,0,0,0,1,0.72,0.697,0.79,0.0896,59,164,223
12033,2012-05-21,2,1,5,13,0,1,1,3,0.6,0.5606,0.83,0.2537,49,135,184
11029,2012-04-09,2,1,4,16,0,1,1,1,0.56,0.5303,0.3,0.4179,81,310,391
2874,2011-05-04,2,0,5,15,0,3,1,1,0.48,0.4697,0.51,0.4179,22,107,129
8982,2012-01-15,1,1,1,2,0,0,0,2,0.16,0.1364,0.47,0.2836,5,38,43
3917,2011-06-17,2,0,6,2,0,5,1,1,0.56,0.5303,0.94,0.1045,2,11,13
13847,2012-08-05,3,1,8,3,0,0,0,1,0.72,0.697,0.74,0.2537,9,32,41
3686,2011-06-07,2,0,6,11,0,2,1,2,0.76,0.697,0.52,0.2537,38,113,151
11228,2012-04-18,2,1,4,0,0,3,1,1,0.54,0.5152,0.32,0.1642,3,35,38
9049,2012-01-17,1,1,1,22,0,2,1,1,0.46,0.4545,0.72,0.3881,5,85,90
15887,2012-10-30,4,1,10,15,0,2,1,3,0.3,0.2879,0.87,0.2537,10,114,124
77,2011-01-04,1,0,1,8,0,2,1,1,0.14,0.1515,0.69,0.1642,2,177,179
5196,2011-08-09,3,0,8,9,0,2,1,2,0.78,0.7424,0.62,0.1343,34,141,175
13739,2012-07-31,3,1,7,15,0,2,1,1,0.76,0.7121,0.62,0.1343,29,115,144
14598,2012-09-05,3,1,9,10,0,3,1,2,0.76,0.7273,0.7,0.1642,54,181,235
11510,2012-04-29,2,1,4,18,0,0,0,1,0.6,0.6061,0.26,0.2836,164,323,487
16791,2012-12-07,4,1,12,9,0,5,1,2,0.3,0.303,0.81,0.1343,10,291,301
12548,2012-06-12,2,1,6,0,0,2,1,2,0.7,0.6515,0.58,0.2239,2,26,28
14947,2012-09-19,3,1,9,23,0,3,1,1,0.48,0.4697,0.67,0.0896,17,106,123
6652,2011-10-09,4,0,10,17,0,0,0,1,0.62,0.6061,0.61,0.1045,208,230,438
4948,2011-07-30,3,0,7,1,0,6,0,1,0.76,0.697,0.55,0.0896,15,75,90
436,2011-01-20,1,0,1,4,0,4,1,1,0.26,0.2576,0.56,0.1642,0,1,1
2261,2011-04-09,2,0,4,1,0,6,0,2,0.3,0.303,0.87,0.1343,3,17,20
1776,2011-03-19,1,0,3,16,0,6,0,1,0.5,0.4848,0.31,0.3881,175,129,304
14914,2012-09-18,3,1,9,14,0,2,1,3,0.6,0.5152,0.94,0.4627,27,116,143
10677,2012-03-25,2,1,3,23,0,0,0,1,0.48,0.4697,0.82,0.1343,9,56,65
94,2011-01-05,1,0,1,1,0,3,1,1,0.16,0.197,0.74,0.0896,0,6,6
7750,2011-11-24,4,0,11,12,1,4,0,1,0.46,0.4545,0.36,0.2239,62,88,150
12576,2012-06-13,2,1,6,4,0,3,1,1,0.6,0.5606,0.83,0.1343,1,9,10
4008,2011-06-20,2,0,6,21,0,1,1,1,0.64,0.6061,0.73,0.1642,39,167,206
2732,2011-04-28,2,0,4,17,0,4,1,1,0.64,0.6212,0.47,0.3582,49,406,455
16042,2012-11-06,4,1,11,2,0,2,1,1,0.24,0.2576,0.65,0.0896,0,2,2
7172,2011-10-31,4,0,10,10,0,1,1,2,0.36,0.3485,0.57,0.1642,18,87,105
6792,2011-10-15,4,0,10,13,0,6,0,1,0.6,0.6212,0.35,0.4627,171,223,394
11574,2012-05-02,2,1,5,10,0,3,1,2,0.58,0.5455,0.83,0.1045,28,147,175
4811,2011-07-24,3,0,7,8,0,0,0,1,0.82,0.7879,0.56,0.2836,22,82,104
3182,2011-05-17,2,0,5,11,0,2,1,2,0.56,0.5303,0.83,0.4179,26,104,130
8529,2011-12-27,1,0,12,2,0,2,1,1,0.26,0.2727,0.7,0.1343,2,2,4
1077,2011-02-17,1,0,2,14,0,4,1,1,0.6,0.6212,0.31,0.2239,26,55,81
2339,2011-04-12,2,0,4,8,0,2,1,3,0.48,0.4697,0.88,0.3881,15,211,226
10030,2012-02-27,1,1,2,22,0,1,1,1,0.44,0.4394,0.44,0.2537,9,83,92
13116,2012-07-05,3,1,7,16,0,4,1,1,0.92,0.8333,0.33,0.2537,109,324,433
12223,2012-05-29,2,1,5,11,0,2,1,1,0.76,0.7121,0.62,0.2985,50,147,197
9676,2012-02-13,1,1,2,2,0,1,1,1,0.14,0.1364,0.46,0.194,0,4,4
1886,2011-03-24,2,0,3,8,0,4,1,3,0.26,0.2273,1,0.2985,4,120,124
11569,2012-05-02,2,1,5,5,0,3,1,1,0.54,0.5152,0.9,0.1343,2,31,33
15736,2012-10-22,4,1,10,20,0,1,1,1,0.5,0.4848,0.59,0.1045,21,382,403
16392,2012-11-20,4,1,11,17,0,2,1,2,0.4,0.4091,0.71,0.1642,37,553,590
5774,2011-09-03,3,0,9,0,0,6,0,2,0.64,0.6061,0.73,0.1045,22,65,87
7709,2011-11-22,4,0,11,19,0,2,1,3,0.46,0.4545,0.94,0.1045,5,106,111
4324,2011-07-04,3,0,7,1,1,1,0,1,0.64,0.5758,0.83,0.0896,43,76,119
5585,2011-08-25,3,0,8,14,0,4,1,2,0.72,0.697,0.74,0,27,86,113
4950,2011-07-30,3,0,7,3,0,6,0,1,0.74,0.6818,0.62,0.1642,18,25,43
12969,2012-06-29,3,1,6,13,0,5,1,1,0.94,0.8788,0.38,0.194,45,194,239
12321,2012-06-02,2,1,6,13,0,6,0,1,0.62,0.6212,0.41,0.2537,279,400,679
223,2011-01-10,1,0,1,13,0,1,1,2,0.2,0.1818,0.4,0.2836,4,50,54
12882,2012-06-25,3,1,6,22,0,1,1,1,0.66,0.6212,0.29,0.3881,21,166,187
2760,2011-04-29,2,0,4,21,0,5,1,1,0.46,0.4545,0.51,0.194,50,145,195
9961,2012-02-25,1,1,2,1,0,6,0,1,0.34,0.303,0.42,0.3582,4,42,46
253,2011-01-11,1,0,1,21,0,2,1,3,0.16,0.197,0.86,0.0896,0,20,20
4031,2011-06-21,3,0,6,20,0,2,1,3,0.74,0.697,0.7,0.2239,72,254,326
3353,2011-05-24,2,0,5,14,0,2,1,1,0.78,0.697,0.46,0.2836,27,126,153
1438,2011-03-05,1,0,3,4,0,6,0,2,0.3,0.303,0.93,0.1642,0,1,1
1234,2011-02-24,1,0,2,12,0,4,1,2,0.36,0.3333,0.53,0.3582,10,85,95
16135,2012-11-10,4,1,11,0,0,6,0,1,0.32,0.3333,0.76,0.0896,16,106,122
4282,2011-07-02,3,0,7,7,0,6,0,1,0.64,0.6061,0.65,0,10,35,45
13165,2012-07-07,3,1,7,17,0,6,0,1,0.96,0.8485,0.26,0.1343,103,176,279
9160,2012-01-22,1,1,1,13,0,0,0,2,0.16,0.1818,0.8,0.1343,24,175,199
3103,2011-05-14,2,0,5,4,0,6,0,2,0.5,0.4848,0.82,0.1642,1,4,5
7478,2011-11-13,4,0,11,4,0,0,0,2,0.36,0.3485,0.62,0.1343,1,5,6
2466,2011-04-17,2,0,4,15,0,0,0,1,0.54,0.5152,0.32,0.5224,179,209,388
12812,2012-06-23,3,1,6,0,0,6,0,1,0.64,0.5758,0.83,0,14,102,116
8032,2011-12-06,4,0,12,7,0,2,1,2,0.46,0.4545,0.94,0.194,7,227,234
9922,2012-02-23,1,1,2,10,0,4,1,1,0.42,0.4242,0.67,0.194,41,107,148
5394,2011-08-17,3,0,8,15,0,3,1,1,0.8,0.7273,0.43,0.1343,42,117,159
5405,2011-08-18,3,0,8,2,0,4,1,1,0.66,0.6212,0.65,0.2239,2,4,6
9467,2012-02-04,1,1,2,8,0,6,0,1,0.24,0.2879,0.87,0,4,86,90
8192,2011-12-12,4,0,12,23,0,1,1,1,0.24,0.2879,0.75,0,3,42,45
1355,2011-03-01,1,0,3,17,0,2,1,1,0.34,0.3485,0.34,0.0896,12,230,242
450,2011-01-20,1,0,1,18,0,4,1,2,0.26,0.2576,0.56,0.194,1,184,185
8030,2011-12-06,4,0,12,5,0,2,1,3,0.46,0.4545,0.88,0.2239,0,20,20
16937,2012-12-13,4,1,12,11,0,4,1,1,0.34,0.3182,0.42,0.2537,25,164,189
11571,2012-05-02,2,1,5,7,0,3,1,2,0.54,0.5152,0.88,0.194,14,344,358
3622,2011-06-04,2,0,6,19,0,6,0,2,0.7,0.6364,0.39,0.0896,79,206,285
2318,2011-04-11,2,0,4,11,0,1,1,2,0.6,0.5909,0.73,0.2985,45,59,104
13955,2012-08-09,3,1,8,15,0,4,1,1,0.88,0.7727,0.32,0.2239,63,204,267
12085,2012-05-23,2,1,5,17,0,3,1,3,0.64,0.6061,0.69,0.1045,45,240,285
2186,2011-04-05,2,0,4,22,0,2,1,1,0.32,0.303,0.49,0.2985,3,43,46
4478,2011-07-10,3,0,7,11,0,0,0,1,0.78,0.7273,0.55,0.194,110,177,287
1891,2011-03-24,2,0,3,13,0,4,1,2,0.32,0.303,0.7,0.2239,11,90,101
1156,2011-02-20,1,0,2,22,0,0,0,2,0.32,0.303,0.57,0.2239,4,43,47
8705,2012-01-03,1,1,1,12,0,2,1,1,0.18,0.1364,0.37,0.5224,4,70,74
16352,2012-11-19,4,1,11,1,0,1,1,2,0.36,0.3485,0.66,0.2239,0,19,19
16756,2012-12-05,4,1,12,22,0,3,1,1,0.32,0.2879,0.45,0.3881,4,101,105
1729,2011-03-17,1,0,3,16,0,4,1,1,0.5,0.4848,0.48,0.2836,34,108,142
14938,2012-09-19,3,1,9,14,0,3,1,1,0.62,0.6212,0.38,0.2537,59,227,286
13785,2012-08-02,3,1,8,13,0,4,1,1,0.86,0.7879,0.44,0.2239,98,212,310
13266,2012-07-11,3,1,7,22,0,3,1,1,0.72,0.6667,0.58,0.2537,41,203,244
6522,2011-10-04,4,0,10,7,0,2,1,1,0.42,0.4242,0.82,0.2836,11,298,309
14337,2012-08-25,3,1,8,13,0,6,0,2,0.72,0.6667,0.51,0.3582,186,331,517
2998,2011-05-09,2,0,5,19,0,1,1,1,0.58,0.5455,0.43,0.194,45,339,384
17065,2012-12-18,4,1,12,19,0,2,1,1,0.38,0.3939,0.46,0.3881,19,334,353
5350,2011-08-15,3,0,8,19,0,1,1,1,0.7,0.6515,0.65,0,54,343,397
13891,2012-08-06,3,1,8,23,0,1,1,1,0.72,0.697,0.74,0.194,16,97,113
10475,2012-03-17,1,1,3,13,0,6,0,1,0.6,0.6061,0.6,0.1045,286,400,686
4393,2011-07-06,3,0,7,22,0,3,1,1,0.7,0.6667,0.79,0.194,30,156,186
10478,2012-03-17,1,1,3,16,0,6,0,1,0.64,0.6212,0.5,0,367,318,685
2504,2011-04-19,2,0,4,5,0,2,1,2,0.46,0.4545,0.72,0.194,1,17,18
15031,2012-09-23,4,1,9,11,0,0,0,1,0.56,0.5303,0.46,0.2537,186,384,570
16275,2012-11-15,4,1,11,20,0,4,1,1,0.34,0.3485,0.61,0.1045,23,262,285
2464,2011-04-17,2,0,4,13,0,0,0,1,0.5,0.4848,0.34,0.3881,181,162,343
2133,2011-04-03,2,0,4,17,0,0,0,2,0.46,0.4545,0.28,0.1343,148,126,274
2847,2011-05-03,2,0,5,12,0,2,1,2,0.68,0.6364,0.61,0.4925,48,169,217
11420,2012-04-26,2,1,4,0,0,4,1,2,0.48,0.4697,0.63,0,1,42,43
12427,2012-06-06,2,1,6,23,0,3,1,1,0.52,0.5,0.77,0,13,110,123
7587,2011-11-17,4,0,11,17,0,4,1,1,0.32,0.2879,0.42,0.3881,20,379,399
1613,2011-03-12,1,0,3,16,0,6,0,1,0.46,0.4545,0.41,0.4478,100,144,244
8461,2011-12-24,1,0,12,4,0,6,0,2,0.32,0.3182,0.66,0.1642,0,3,3
2192,2011-04-06,2,0,4,4,0,3,1,1,0.24,0.2424,0.65,0.1343,0,1,1
1730,2011-03-17,1,0,3,17,0,4,1,1,0.5,0.4848,0.42,0.194,48,265,313
4825,2011-07-24,3,0,7,22,0,0,0,1,0.78,0.7576,0.66,0,23,75,98
6669,2011-10-10,4,0,10,10,1,1,0,1,0.56,0.5303,0.73,0.1642,107,158,265
12609,2012-06-14,2,1,6,13,0,4,1,1,0.68,0.6364,0.57,0.1642,71,213,284
13800,2012-08-03,3,1,8,4,0,5,1,1,0.66,0.6061,0.83,0.2537,1,11,12
12849,2012-06-24,3,1,6,13,0,0,0,1,0.8,0.697,0.33,0.2836,237,348,585
7594,2011-11-18,4,0,11,0,0,5,1,1,0.26,0.2576,0.48,0.1642,2,28,30
5658,2011-08-29,3,0,8,4,0,1,1,1,0.56,0.5303,0.68,0.1343,0,3,3
6303,2011-09-25,4,0,9,4,0,0,0,3,0.6,0.5152,0.94,0.1343,3,5,8
14255,2012-08-22,3,1,8,3,0,3,1,1,0.62,0.5909,0.78,0,0,7,7
11860,2012-05-14,2,1,5,8,0,1,1,3,0.54,0.5152,0.88,0.2239,1,155,156
5910,2011-09-08,3,0,9,18,0,4,1,3,0.64,0.5606,0.94,0.3582,2,66,68
14865,2012-09-16,3,1,9,13,0,0,0,1,0.64,0.6212,0.41,0.1642,240,454,694
16747,2012-12-05,4,1,12,13,0,3,1,1,0.46,0.4545,0.41,0.2836,14,200,214
17208,2012-12-24,1,1,12,19,0,1,1,2,0.24,0.2424,0.93,0.1343,4,14,18
11162,2012-04-15,2,1,4,6,0,0,0,1,0.5,0.4848,0.63,0.1343,5,11,16
16619,2012-11-30,4,1,11,5,0,5,1,1,0.2,0.2576,0.8,0,1,39,40
13521,2012-07-22,3,1,7,13,0,0,0,2,0.7,0.6515,0.65,0.0896,238,388,626
8269,2011-12-16,4,0,12,4,0,5,1,2,0.5,0.4848,0.59,0.194,1,4,5
7582,2011-11-17,4,0,11,12,0,4,1,2,0.34,0.303,0.53,0.2985,6,115,121
4048,2011-06-22,3,0,6,13,0,3,1,2,0.82,0.7879,0.56,0.2537,34,113,147
1867,2011-03-23,2,0,3,13,0,3,1,3,0.34,0.3333,0.87,0.1343,14,94,108
9943,2012-02-24,1,1,2,7,0,5,1,2,0.4,0.4091,0.76,0.2239,7,265,272
5951,2011-09-10,3,0,9,11,0,6,0,1,0.72,0.6818,0.62,0.2537,108,252,360
15457,2012-10-11,4,1,10,5,0,4,1,1,0.36,0.3485,0.5,0.1642,0,42,42
6897,2011-10-19,4,0,10,23,0,3,1,2,0.58,0.5455,0.94,0.3582,14,55,69
5299,2011-08-13,3,0,8,16,0,6,0,2,0.7,0.6667,0.74,0.2836,148,133,281
2557,2011-04-21,2,0,4,10,0,4,1,1,0.42,0.4242,0.44,0.3582,25,73,98
16360,2012-11-19,4,1,11,9,0,1,1,2,0.36,0.3333,0.66,0.2537,18,260,278
4241,2011-06-30,3,0,6,14,0,4,1,1,0.78,0.6818,0.31,0.194,46,117,163
14968,2012-09-20,3,1,9,20,0,4,1,1,0.56,0.5303,0.64,0.1343,57,360,417
14476,2012-08-31,3,1,8,8,0,5,1,2,0.7,0.6667,0.74,0,36,654,690
5743,2011-09-01,3,0,9,17,0,4,1,1,0.72,0.6667,0.54,0.2537,61,567,628
6746,2011-10-13,4,0,10,15,0,4,1,1,0.66,0.6061,0.78,0.194,27,128,155
2756,2011-04-29,2,0,4,17,0,5,1,2,0.52,0.5,0.45,0.3881,75,433,508
11077,2012-04-11,2,1,4,17,0,3,1,1,0.42,0.4242,0.35,0.3881,52,527,579
2493,2011-04-18,2,0,4,18,0,1,1,1,0.64,0.6212,0.31,0.3582,41,321,362
7613,2011-11-18,4,0,11,19,0,5,1,1,0.28,0.2727,0.41,0.1642,7,183,190
3140,2011-05-15,2,0,5,17,0,0,0,3,0.56,0.5303,0.78,0.3582,137,255,392
6903,2011-10-20,4,0,10,5,0,4,1,1,0.48,0.4697,0.82,0.3582,2,24,26
15850,2012-10-27,4,1,10,14,0,6,0,1,0.6,0.6212,0.46,0.2537,325,425,750
3743,2011-06-09,2,0,6,20,0,4,1,2,0.8,0.7273,0.43,0.194,40,214,254
5235,2011-08-11,3,0,8,0,0,4,1,1,0.7,0.6364,0.45,0.1045,6,40,46
12691,2012-06-17,2,1,6,23,0,0,0,1,0.58,0.5455,0.64,0.194,29,79,108
3273,2011-05-21,2,0,5,6,0,6,0,1,0.5,0.4848,0.82,0.1343,6,22,28
15787,2012-10-24,4,1,10,23,0,3,1,2,0.58,0.5455,0.68,0.0896,12,111,123
5274,2011-08-12,3,0,8,15,0,5,1,1,0.8,0.697,0.29,0.1642,59,190,249
14155,2012-08-17,3,1,8,23,0,5,1,3,0.64,0.2424,0.83,0.2239,21,100,121
2890,2011-05-05,2,0,5,7,0,4,1,1,0.38,0.3939,0.58,0.2537,16,255,271
6322,2011-09-25,4,0,9,23,0,0,0,2,0.62,0.5455,0.94,0.1045,12,67,79
7915,2011-12-01,4,0,12,10,0,4,1,1,0.32,0.303,0.53,0.2985,7,86,93
789,2011-02-05,1,0,2,7,0,6,0,3,0.22,0.2576,0.93,0.0896,0,4,4
16936,2012-12-13,4,1,12,10,0,4,1,1,0.32,0.303,0.45,0.2836,28,139,167
3348,2011-05-24,2,0,5,9,0,2,1,2,0.64,0.6061,0.73,0.194,27,111,138
9488,2012-02-05,1,1,2,5,0,0,0,3,0.26,0.2576,0.81,0.194,0,4,4
12545,2012-06-11,2,1,6,21,0,1,1,2,0.72,0.6667,0.58,0.194,32,218,250
1163,2011-02-21,1,0,2,5,1,1,0,2,0.34,0.3636,0.36,0,1,2,3
7547,2011-11-16,4,0,11,1,0,3,1,3,0.46,0.4545,0.94,0.0896,0,5,5
10591,2012-03-22,2,1,3,9,0,4,1,2,0.5,0.4848,0.94,0.0896,41,277,318
6127,2011-09-17,3,0,9,20,0,6,0,1,0.52,0.5,0.68,0.1343,43,133,176
2195,2011-04-06,2,0,4,7,0,3,1,1,0.26,0.2727,0.65,0.1045,3,130,133
9296,2012-01-28,1,1,1,5,0,6,0,1,0.24,0.2576,0.75,0.0896,0,10,10
5445,2011-08-19,3,0,8,18,0,5,1,1,0.76,0.7121,0.58,0.5224,88,337,425
15858,2012-10-27,4,1,10,22,0,6,0,2,0.52,0.5,0.72,0.2537,41,116,157
8864,2012-01-10,1,1,1,4,0,2,1,2,0.2,0.2121,0.86,0.1642,0,4,4
7859,2011-11-29,4,0,11,2,0,2,1,2,0.5,0.4848,0.88,0,0,5,5
14849,2012-09-15,3,1,9,21,0,6,0,1,0.56,0.5303,0.52,0.1045,86,210,296
6197,2011-09-20,3,0,9,18,0,2,1,1,0.6,0.5606,0.83,0.1045,39,453,492
16270,2012-11-15,4,1,11,15,0,4,1,2,0.38,0.3939,0.58,0.1642,26,191,217
12915,2012-06-27,3,1,6,7,0,3,1,1,0.6,0.6212,0.43,0.3582,29,498,527
3378,2011-05-25,2,0,5,15,0,3,1,1,0.76,0.697,0.52,0.2537,37,145,182
4528,2011-07-12,3,0,7,13,0,2,1,1,0.86,0.803,0.47,0.2239,32,104,136
15837,2012-10-27,4,1,10,1,0,6,0,2,0.5,0.4848,0.88,0.1343,23,123,146
1781,2011-03-19,1,0,3,21,0,6,0,1,0.4,0.4091,0.37,0.2985,20,73,93
13536,2012-07-23,3,1,7,4,0,1,1,2,0.66,0.5909,0.94,0.1343,0,8,8
16503,2012-11-25,4,1,11,8,0,0,0,2,0.22,0.2273,0.51,0.194,2,32,34
2960,2011-05-08,2,0,5,5,0,0,0,2,0.44,0.4394,0.77,0,0,5,5
7913,2011-12-01,4,0,12,8,0,4,1,1,0.26,0.2273,0.6,0.3284,15,462,477
16305,2012-11-17,4,1,11,2,0,6,0,1,0.26,0.2576,0.65,0.194,8,41,49
350,2011-01-16,1,0,1,1,0,0,0,1,0.26,0.2727,0.56,0.1343,4,19,23
13530,2012-07-22,3,1,7,22,0,0,0,1,0.7,0.6667,0.74,0.194,55,136,191
13115,2012-07-05,3,1,7,15,0,4,1,1,0.92,0.8333,0.33,0.3582,71,183,254
3350,2011-05-24,2,0,5,11,0,2,1,1,0.74,0.6667,0.51,0.2239,33,142,175
15684,2012-10-20,4,1,10,16,0,6,0,1,0.54,0.5152,0.42,0.2836,325,366,691
11673,2012-05-06,2,1,5,13,0,0,0,2,0.6,0.6061,0.64,0,197,368,565
43,2011-01-02,1,0,1,19,0,0,0,1,0.32,0.2879,0.42,0.4478,1,29,30
802,2011-02-05,1,0,2,20,0,6,0,1,0.3,0.2879,0.87,0.2537,5,64,69
3530,2011-05-31,2,0,5,23,0,2,1,1,0.72,0.697,0.79,0.0896,15,46,61
3532,2011-06-01,2,0,6,1,0,3,1,1,0.7,0.6667,0.84,0.2537,8,9,17
10158,2012-03-04,1,1,3,7,0,0,0,2,0.3,0.2727,0.52,0.2985,2,21,23
982,2011-02-13,1,0,2,13,0,0,0,1,0.38,0.3939,0.29,0.3582,62,92,154
6409,2011-09-29,4,0,9,14,0,4,1,1,0.68,0.6364,0.51,0.2985,33,134,167
3459,2011-05-29,2,0,5,0,0,0,0,1,0.64,0.5758,0.83,0.2239,32,51,83
8597,2011-12-29,1,0,12,23,0,4,1,1,0.3,0.303,0.65,0.1642,1,44,45
8338,2011-12-19,4,0,12,1,0,1,1,1,0.18,0.2121,0.8,0.0896,3,8,11
5174,2011-08-08,3,0,8,11,0,1,1,1,0.82,0.7424,0.48,0.3582,90,89,179
17156,2012-12-22,1,1,12,14,0,6,0,1,0.32,0.2879,0.36,0.4627,20,141,161
9963,2012-02-25,1,1,2,3,0,6,0,1,0.3,0.2727,0.45,0.2985,0,7,7
9995,2012-02-26,1,1,2,11,0,0,0,1,0.28,0.2576,0.41,0.2836,43,184,227
10541,2012-03-20,1,1,3,7,0,2,1,3,0.52,0.5,0.94,0.2239,3,167,170
16157,2012-11-10,4,1,11,22,0,6,0,1,0.38,0.3939,0.71,0.0896,39,154,193
11071,2012-04-11,2,1,4,11,0,3,1,2,0.38,0.3939,0.43,0.3284,38,142,180
3092,2011-05-13,2,0,5,17,0,5,1,3,0.52,0.5,0.88,0.1642,62,429,491
9315,2012-01-29,1,1,1,0,0,0,0,1,0.3,0.2879,0.33,0.2239,15,81,96
9973,2012-02-25,1,1,2,13,0,6,0,1,0.32,0.2879,0.31,0.4925,48,178,226
7647,2011-11-20,4,0,11,5,0,0,0,2,0.42,0.4242,0.67,0.2836,0,4,4
7710,2011-11-22,4,0,11,20,0,2,1,2,0.46,0.4545,1,0.2239,6,121,127
6854,2011-10-18,4,0,10,3,0,2,1,1,0.44,0.4394,0.94,0.0896,0,1,1
2757,2011-04-29,2,0,4,18,0,5,1,1,0.52,0.5,0.48,0.3582,55,384,439
6459,2011-10-01,4,0,10,16,0,6,0,2,0.4,0.4091,0.76,0.2985,58,165,223
4813,2011-07-24,3,0,7,10,0,0,0,1,0.86,0.8182,0.5,0.3284,61,165,226
917,2011-02-10,1,0,2,17,0,4,1,1,0.18,0.1818,0.26,0.194,6,159,165
10822,2012-04-01,2,1,4,0,0,0,0,2,0.36,0.3333,0.76,0.2537,8,59,67
4618,2011-07-16,3,0,7,7,0,6,0,1,0.62,0.5909,0.73,0.1343,14,38,52
6601,2011-10-07,4,0,10,14,0,5,1,1,0.62,0.6212,0.5,0,77,179,256
5615,2011-08-26,3,0,8,20,0,5,1,1,0.72,0.697,0.79,0.0896,39,183,222
1617,2011-03-12,1,0,3,20,0,6,0,1,0.4,0.4091,0.58,0.1045,22,64,86
6943,2011-10-21,4,0,10,21,0,5,1,1,0.42,0.4242,0.58,0.1642,31,112,143
8352,2011-12-19,4,0,12,15,0,1,1,1,0.38,0.3939,0.46,0.1642,24,135,159
10834,2012-04-01,2,1,4,12,0,0,0,2,0.42,0.4242,0.67,0.2239,187,258,445
12302,2012-06-01,2,1,6,18,0,5,1,3,0.62,0.5606,0.88,0.3582,10,100,110
2147,2011-04-04,2,0,4,7,0,1,1,2,0.44,0.4394,0.54,0.2537,7,150,157
5088,2011-08-04,3,0,8,21,0,4,1,2,0.7,0.6667,0.74,0.194,25,186,211
1834,2011-03-22,2,0,3,3,0,2,1,1,0.44,0.4394,0.82,0.2239,3,2,5
8643,2011-12-31,1,0,12,21,0,6,0,1,0.4,0.4091,0.58,0.194,2,50,52
11437,2012-04-26,2,1,4,17,0,4,1,1,0.54,0.5152,0.77,0.1642,49,565,614
8319,2011-12-18,4,0,12,6,0,0,0,1,0.2,0.2121,0.59,0.1343,0,3,3
3938,2011-06-17,2,0,6,23,0,5,1,1,0.62,0.5758,0.83,0.1343,37,141,178
7537,2011-11-15,4,0,11,15,0,2,1,2,0.54,0.5152,0.6,0.1343,36,155,191
7825,2011-11-27,4,0,11,15,0,0,0,1,0.62,0.6212,0.43,0.2836,96,221,317
4715,2011-07-20,3,0,7,8,0,3,1,1,0.74,0.7121,0.74,0,34,404,438
12512,2012-06-10,2,1,6,12,0,0,0,1,0.82,0.7121,0.3,0,173,329,502
10959,2012-04-06,2,1,4,18,0,5,1,1,0.5,0.4848,0.22,0.4627,104,380,484
5655,2011-08-29,3,0,8,1,0,1,1,1,0.6,0.5909,0.69,0.1045,5,15,20
13264,2012-07-11,3,1,7,20,0,3,1,1,0.74,0.6667,0.51,0.1642,73,410,483
13313,2012-07-13,3,1,7,21,0,5,1,1,0.72,0.6667,0.54,0,76,223,299
783,2011-02-05,1,0,2,1,0,6,0,2,0.24,0.2424,0.65,0.1642,1,17,18
4688,2011-07-19,3,0,7,5,0,2,1,2,0.7,0.6667,0.74,0.1045,0,19,19
15376,2012-10-07,4,1,10,20,0,0,0,1,0.4,0.4091,0.82,0.1343,19,97,116
5633,2011-08-27,3,0,8,14,0,6,0,3,0.64,0.5758,0.89,0.5522,4,19,23
11473,2012-04-28,2,1,4,5,0,6,0,1,0.34,0.3333,0.46,0.1343,2,3,5
11508,2012-04-29,2,1,4,16,0,0,0,1,0.6,0.6061,0.28,0.194,240,347,587
8232,2011-12-14,4,0,12,15,0,3,1,2,0.38,0.3939,0.54,0.1045,24,143,167
12732,2012-06-19,2,1,6,16,0,2,1,1,0.8,0.7576,0.55,0.2239,48,286,334
12160,2012-05-26,2,1,5,20,0,6,0,2,0.74,0.6818,0.55,0.194,103,152,255
11132,2012-04-14,2,1,4,0,0,6,0,1,0.4,0.4091,0.58,0.1343,11,85,96
4839,2011-07-25,3,0,7,12,0,1,1,2,0.84,0.8333,0.59,0.194,17,50,67
2402,2011-04-14,2,0,4,23,0,4,1,1,0.46,0.4545,0.59,0.1045,7,40,47
12225,2012-05-29,2,1,5,13,0,2,1,1,0.82,0.7727,0.52,0.3881,63,176,239
4206,2011-06-29,3,0,6,3,0,3,1,2,0.66,0.6061,0.83,0.1045,2,3,5
8611,2011-12-30,1,0,12,13,0,5,1,2,0.36,0.3485,0.53,0.1343,53,154,207
4642,2011-07-17,3,0,7,7,0,0,0,1,0.64,0.6061,0.73,0.1642,20,30,50
2153,2011-04-04,2,0,4,13,0,1,1,1,0.68,0.6364,0.34,0.3284,47,92,139
7511,2011-11-14,4,0,11,13,0,1,1,1,0.6,0.6212,0.49,0.3881,50,153,203
9458,2012-02-03,1,1,2,23,0,5,1,1,0.26,0.2727,0.7,0.1045,3,74,77
10783,2012-03-30,2,1,3,9,0,5,1,1,0.34,0.3333,0.57,0.1642,29,292,321
7485,2011-11-13,4,0,11,11,0,0,0,1,0.46,0.4545,0.4,0.4179,108,187,295
11057,2012-04-10,2,1,4,20,0,2,1,1,0.46,0.4545,0.28,0.3881,34,248,282
2948,2011-05-07,2,0,5,17,0,6,0,1,0.58,0.5455,0.4,0.2239,138,216,354
11786,2012-05-11,2,1,5,6,0,5,1,1,0.42,0.4242,0.5,0.2537,7,128,135
15414,2012-10-09,4,1,10,10,0,2,1,2,0.44,0.4394,0.75,0.2239,33,131,164
9607,2012-02-10,1,1,2,5,0,5,1,1,0.24,0.2273,0.52,0.2239,0,17,17
3879,2011-06-15,2,0,6,12,0,3,1,1,0.7,0.6364,0.34,0.2239,33,178,211
6913,2011-10-20,4,0,10,15,0,4,1,2,0.48,0.4697,0.51,0.4478,22,138,160
14407,2012-08-28,3,1,8,11,0,2,1,1,0.78,0.7273,0.55,0.2537,47,171,218
1703,2011-03-16,1,0,3,14,0,3,1,2,0.4,0.4091,0.76,0.2239,33,67,100
9051,2012-01-18,1,1,1,0,0,3,1,2,0.46,0.4545,0.77,0.3284,3,14,17
5642,2011-08-28,3,0,8,12,0,0,0,1,0.74,0.6667,0.51,0.3881,88,218,306
14570,2012-09-04,3,1,9,6,0,2,1,2,0.68,0.6364,0.89,0.1045,7,165,172
17022,2012-12-17,4,1,12,0,0,1,1,2,0.38,0.3939,0.87,0,2,26,28
12197,2012-05-28,2,1,5,9,1,1,0,1,0.7,0.6515,0.61,0,121,142,263
13357,2012-07-15,3,1,7,17,0,0,0,1,0.8,0.7727,0.59,0.4925,122,314,436
8078,2011-12-08,4,0,12,5,0,4,1,1,0.22,0.2121,0.64,0.2239,0,12,12
6886,2011-10-19,4,0,10,12,0,3,1,3,0.52,0.5,0.94,0.3284,13,117,130
6248,2011-09-22,3,0,9,21,0,4,1,2,0.64,0.5758,0.89,0.0896,27,194,221
8848,2012-01-09,1,1,1,11,0,1,1,2,0.26,0.2879,0.56,0.0896,6,82,88
3024,2011-05-10,2,0,5,21,0,2,1,1,0.54,0.5152,0.52,0,30,173,203
8084,2011-12-08,4,0,12,11,0,4,1,1,0.28,0.2727,0.52,0.2537,6,100,106
3542,2011-06-01,2,0,6,11,0,3,1,2,0.82,0.803,0.59,0.2239,26,86,112
3280,2011-05-21,2,0,5,13,0,6,0,1,0.7,0.6364,0.45,0,191,271,462
13319,2012-07-14,3,1,7,3,0,6,0,2,0.7,0.6515,0.54,0.1045,9,31,40
16142,2012-11-10,4,1,11,7,0,6,0,1,0.26,0.2727,0.87,0.1045,14,57,71
16232,2012-11-14,4,1,11,1,0,3,1,1,0.24,0.2121,0.6,0.2985,2,10,12
7765,2011-11-25,4,0,11,3,0,5,1,1,0.28,0.2879,0.75,0.1045,0,2,2
11058,2012-04-10,2,1,4,21,0,2,1,1,0.44,0.4394,0.3,0.4478,15,191,206
1572,2011-03-10,1,0,3,22,0,4,1,2,0.34,0.3333,0,0.1343,4,30,34
10787,2012-03-30,2,1,3,13,0,5,1,3,0.4,0.4091,0.5,0,44,198,242
1544,2011-03-09,1,0,3,16,0,3,1,2,0.34,0.303,0.76,0.3284,10,102,112
13166,2012-07-07,3,1,7,18,0,6,0,1,0.94,0.8333,0.29,0.0896,83,194,277
2805,2011-05-01,2,0,5,18,0,0,0,2,0.46,0.4545,0.82,0.0896,33,126,159
15325,2012-10-05,4,1,10,17,0,5,1,1,0.7,0.6364,0.42,0.1642,158,742,900
2212,2011-04-07,2,0,4,0,0,4,1,1,0.46,0.4545,0.41,0.2836,5,15,20
9559,2012-02-08,1,1,2,5,0,3,1,1,0.24,0.2576,0.7,0.0896,0,20,20
10164,2012-03-04,1,1,3,13,0,0,0,1,0.36,0.3333,0.37,0.3582,108,256,364
13571,2012-07-24,3,1,7,15,0,2,1,1,0.82,0.7727,0.49,0.2985,73,212,285
3134,2011-05-15,2,0,5,11,0,0,0,1,0.6,0.5758,0.78,0.2239,120,202,322
9000,2012-01-15,1,1,1,20,0,0,0,1,0.16,0.1818,0.37,0.1045,10,85,95
8157,2011-12-11,4,0,12,12,0,0,0,1,0.26,0.303,0.35,0,42,246,288
16576,2012-11-28,4,1,11,9,0,3,1,1,0.28,0.2727,0.52,0.194,13,309,322
16744,2012-12-05,4,1,12,10,0,3,1,2,0.44,0.4394,0.47,0.3582,14,127,141
17359,2012-12-31,1,1,12,3,0,1,1,1,0.16,0.1818,0.59,0.1045,0,1,1
5939,2011-09-09,3,0,9,23,0,5,1,1,0.62,0.5455,0.94,0.0896,35,113,148
4321,2011-07-03,3,0,7,22,0,0,0,2,0.66,0.6061,0.78,0.1045,69,93,162
9235,2012-01-25,1,1,1,16,0,3,1,1,0.34,0.3333,0.53,0.1642,29,217,246
11136,2012-04-14,2,1,4,4,0,6,0,1,0.36,0.3636,0.71,0.1045,5,9,14
2108,2011-04-02,2,0,4,16,0,6,0,1,0.38,0.3939,0.62,0.3284,111,85,196
5129,2011-08-06,3,0,8,14,0,6,0,1,0.82,0.7727,0.52,0.2537,176,204,380
14521,2012-09-02,3,1,9,5,0,0,0,1,0.66,0.5909,0.89,0,2,10,12
13994,2012-08-11,3,1,8,6,0,6,0,2,0.62,0.5606,0.88,0.1045,5,18,23
3974,2011-06-19,2,0,6,11,0,0,0,2,0.72,0.6667,0.58,0.0896,141,236,377
8162,2011-12-11,4,0,12,17,0,0,0,1,0.28,0.3182,0.3,0,13,150,163
3035,2011-05-11,2,0,5,8,0,3,1,1,0.48,0.4697,0.77,0.2537,21,421,442
16425,2012-11-22,4,1,11,2,1,4,0,1,0.24,0.2576,0.75,0.0896,3,15,18
11995,2012-05-19,2,1,5,23,0,6,0,1,0.6,0.6212,0.56,0.1642,71,168,239
15594,2012-10-16,4,1,10,22,0,2,1,1,0.4,0.4091,0.71,0.0896,18,163,181
4664,2011-07-18,3,0,7,5,0,1,1,1,0.64,0.5909,0.78,0.1045,2,15,17
10009,2012-02-27,1,1,2,1,0,1,1,1,0.26,0.2576,0.65,0.2239,0,6,6
3287,2011-05-21,2,0,5,20,0,6,0,1,0.62,0.6061,0.61,0,84,164,248
12975,2012-06-29,3,1,6,19,0,5,1,1,0.9,0.8788,0.47,0.194,60,303,363
2368,2011-04-13,2,0,4,13,0,3,1,2,0.44,0.4394,0.77,0.194,6,55,61
17035,2012-12-17,4,1,12,13,0,1,1,2,0.4,0.4091,0.87,0.1343,16,194,210
14246,2012-08-21,3,1,8,18,0,2,1,1,0.72,0.6667,0.54,0.2239,93,532,625
5737,2011-09-01,3,0,9,11,0,4,1,1,0.72,0.6667,0.51,0.1343,51,141,192
9187,2012-01-23,1,1,1,16,0,1,1,2,0.24,0.2424,0.93,0.1642,14,108,122
441,2011-01-20,1,0,1,9,0,4,1,2,0.24,0.2273,0.52,0.2239,3,140,143
6115,2011-09-17,3,0,9,8,0,6,0,2,0.46,0.4545,0.77,0.2537,27,81,108
8177,2011-12-12,4,0,12,8,0,1,1,2,0.16,0.1818,0.8,0.1045,7,378,385
15618,2012-10-17,4,1,10,22,0,3,1,1,0.46,0.4545,0.88,0.2537,17,198,215
14911,2012-09-18,3,1,9,11,0,2,1,2,0.68,0.6364,0.79,0.6418,36,115,151
13877,2012-08-06,3,1,8,9,0,1,1,3,0.7,0.6667,0.79,0.1642,28,248,276
4693,2011-07-19,3,0,7,10,0,2,1,2,0.82,0.7879,0.56,0.1642,29,112,141
10619,2012-03-23,2,1,3,13,0,5,1,2,0.7,0.6515,0.48,0,172,256,428
833,2011-02-07,1,0,2,3,0,1,1,1,0.2,0.2576,0.86,0,0,1,1
10820,2012-03-31,2,1,3,22,0,6,0,2,0.38,0.3939,0.71,0.2537,40,116,156
14062,2012-08-14,3,1,8,2,0,2,1,2,0.68,0.6364,0.83,0.194,2,9,11
6119,2011-09-17,3,0,9,12,0,6,0,2,0.52,0.5,0.67,0.2239,115,257,372
3065,2011-05-12,2,0,5,14,0,4,1,2,0.62,0.6061,0.61,0.2239,43,148,191
7715,2011-11-23,4,0,11,1,0,3,1,2,0.48,0.4697,0.94,0.2985,0,8,8
15607,2012-10-17,4,1,10,11,0,3,1,2,0.5,0.4848,0.51,0.0896,78,156,234
1225,2011-02-24,1,0,2,2,0,4,1,1,0.2,0.2273,0.64,0.0896,0,4,4
10530,2012-03-19,1,1,3,20,0,1,1,1,0.6,0.6061,0.64,0.2239,34,296,330
11729,2012-05-08,2,1,5,21,0,2,1,2,0.64,0.6061,0.65,0.2836,21,202,223
2593,2011-04-22,2,0,4,22,0,5,1,3,0.3,0.303,1,0.1343,3,21,24
3248,2011-05-20,2,0,5,5,0,5,1,1,0.44,0.4394,0.94,0.1045,0,28,28
6850,2011-10-17,4,0,10,23,0,1,1,2,0.48,0.4697,0.88,0,10,52,62
2813,2011-05-02,2,0,5,2,0,1,1,2,0.44,0.4394,0.77,0.2239,16,19,35
9521,2012-02-06,1,1,2,15,0,1,1,1,0.42,0.4242,0.32,0.2836,25,146,171
10018,2012-02-27,1,1,2,10,0,1,1,1,0.32,0.303,0.45,0.2537,16,88,104
10159,2012-03-04,1,1,3,8,0,0,0,1,0.3,0.2727,0.52,0.3284,12,54,66
12614,2012-06-14,2,1,6,18,0,4,1,1,0.74,0.6667,0.42,0.194,107,716,823
2692,2011-04-27,2,0,4,1,0,3,1,1,0.6,0.5606,0.83,0.2537,2,15,17
4133,2011-06-26,3,0,6,2,0,0,0,1,0.62,0.6212,0.57,0.1045,17,70,87
9619,2012-02-10,1,1,2,17,0,5,1,2,0.34,0.3333,0.42,0.194,15,381,396
1528,2011-03-09,1,0,3,0,0,3,1,1,0.26,0.2879,0.65,0.0896,0,9,9
7064,2011-10-26,4,0,10,22,0,3,1,2,0.48,0.4697,0.88,0.0896,23,112,135
2250,2011-04-08,2,0,4,14,0,5,1,3,0.34,0.3182,0.87,0.2239,2,13,15
2553,2011-04-21,2,0,4,6,0,4,1,2,0.4,0.4091,0.58,0.5821,2,73,75
8648,2012-01-01,1,1,1,2,0,0,0,1,0.32,0.3485,0.76,0,16,59,75
15978,2012-11-03,4,1,11,10,0,6,0,1,0.36,0.3333,0.46,0.3881,68,260,328
8189,2011-12-12,4,0,12,20,0,1,1,1,0.3,0.3182,0.56,0.0896,8,157,165
7700,2011-11-22,4,0,11,10,0,2,1,3,0.4,0.4091,0.94,0,6,46,52
12406,2012-06-06,2,1,6,2,0,3,1,1,0.5,0.4848,0.68,0,4,7,11
9553,2012-02-07,1,1,2,23,0,2,1,1,0.32,0.3333,0.57,0.1343,2,49,51
3650,2011-06-05,2,0,6,23,0,0,0,1,0.62,0.5909,0.78,0.1343,25,61,86
14075,2012-08-14,3,1,8,15,0,2,1,1,0.82,0.7576,0.46,0.2239,84,199,283
381,2011-01-17,1,0,1,8,1,1,0,2,0.16,0.1515,0.47,0.2239,3,30,33
12173,2012-05-27,2,1,5,9,0,0,0,1,0.66,0.6061,0.83,0.2239,130,140,270
7496,2011-11-13,4,0,11,22,0,0,0,1,0.48,0.4697,0.41,0.3881,25,64,89
2622,2011-04-24,2,0,4,3,0,0,0,1,0.5,0.4848,0.94,0.0896,4,20,24
9465,2012-02-04,1,1,2,6,0,6,0,1,0.22,0.2273,0.87,0.1343,1,4,5
12293,2012-06-01,2,1,6,9,0,5,1,2,0.64,0.5758,0.83,0.2239,24,274,298
13030,2012-07-02,3,1,7,2,0,1,1,2,0.74,0.6667,0.51,0.2537,1,14,15
1361,2011-03-01,1,0,3,23,0,2,1,1,0.24,0.2273,0.65,0.2239,2,23,25
3197,2011-05-18,2,0,5,2,0,3,1,3,0.52,0.5,0.94,0.2239,1,5,6
11319,2012-04-21,2,1,4,19,0,6,0,3,0.56,0.5303,0.73,0.4925,9,45,54
2038,2011-03-30,2,0,3,18,0,3,1,2,0.26,0.2576,0.93,0.2239,6,79,85
12393,2012-06-05,2,1,6,13,0,2,1,2,0.6,0.6212,0.46,0.1642,66,201,267
487,2011-01-22,1,0,1,8,0,6,0,1,0.02,0,0.44,0.3284,1,26,27
7717,2011-11-23,4,0,11,3,0,3,1,3,0.5,0.4848,0.94,0.3582,1,2,3
16787,2012-12-07,4,1,12,5,0,5,1,2,0.26,0.2727,0.81,0.1045,1,25,26
9624,2012-02-10,1,1,2,22,0,5,1,2,0.32,0.3485,0.66,0,11,102,113
784,2011-02-05,1,0,2,2,0,6,0,2,0.24,0.2424,0.75,0.1642,5,12,17
6597,2011-10-07,4,0,10,10,0,5,1,1,0.52,0.5,0.68,0.0896,48,126,174
17375,2012-12-31,1,1,12,19,0,1,1,2,0.26,0.2576,0.6,0.1642,11,108,119
17152,2012-12-22,1,1,12,10,0,6,0,1,0.26,0.2273,0.48,0.3284,13,105,118
8516,2011-12-26,1,0,12,13,1,1,0,1,0.38,0.3939,0.4,0.2985,57,83,140
12447,2012-06-07,2,1,6,19,0,4,1,1,0.7,0.6364,0.34,0.2836,65,537,602
7216,2011-11-02,4,0,11,6,0,3,1,1,0.3,0.3333,0.81,0,1,91,92
6867,2011-10-18,4,0,10,16,0,2,1,1,0.62,0.6212,0.57,0.2537,58,246,304
14224,2012-08-20,3,1,8,20,0,1,1,2,0.62,0.5758,0.83,0.2836,30,231,261
13364,2012-07-16,3,1,7,0,0,1,1,3,0.72,0.697,0.79,0.1045,11,32,43
3239,2011-05-19,2,0,5,20,0,4,1,1,0.54,0.5152,0.77,0.2836,46,236,282
14863,2012-09-16,3,1,9,11,0,0,0,1,0.64,0.6212,0.47,0.1642,183,376,559
874,2011-02-08,1,0,2,20,0,2,1,1,0.16,0.1364,0.4,0.3284,3,53,56
8207,2011-12-13,4,0,12,14,0,2,1,1,0.4,0.4091,0.37,0.2537,18,116,134
10319,2012-03-11,1,1,3,0,0,0,0,1,0.26,0.2879,0.44,0.0896,7,62,69
6294,2011-09-24,4,0,9,19,0,6,0,1,0.62,0.5606,0.88,0,77,231,308
2048,2011-03-31,2,0,3,4,0,4,1,3,0.24,0.2273,0.93,0.2537,0,2,2
105,2011-01-05,1,0,1,13,0,3,1,1,0.28,0.2576,0.3,0.2985,6,65,71
14300,2012-08-24,3,1,8,0,0,5,1,2,0.66,0.6212,0.69,0,27,84,111
9695,2012-02-13,1,1,2,21,0,1,1,1,0.28,0.2879,0.45,0.1343,2,145,147
10121,2012-03-02,1,1,3,18,0,5,1,3,0.36,0.3485,0.87,0.194,6,154,160
16413,2012-11-21,4,1,11,14,0,3,1,1,0.46,0.4545,0.33,0.194,84,329,413
1916,2011-03-25,2,0,3,14,0,5,1,1,0.36,0.3333,0.32,0.3284,30,103,133
6500,2011-10-03,4,0,10,9,0,1,1,2,0.4,0.4091,0.66,0.0896,12,141,153
15627,2012-10-18,4,1,10,7,0,4,1,1,0.44,0.4394,0.88,0.2537,20,488,508
5685,2011-08-30,3,0,8,7,0,2,1,1,0.56,0.5303,0.68,0.1343,19,338,357
10393,2012-03-14,1,1,3,3,0,3,1,1,0.48,0.4697,0.72,0.194,1,3,4
6729,2011-10-12,4,0,10,22,0,3,1,3,0.54,0.5152,0.94,0.0896,3,40,43
16379,2012-11-20,4,1,11,4,0,2,1,2,0.34,0.3333,0.66,0.194,0,6,6
3633,2011-06-05,2,0,6,6,0,0,0,2,0.62,0.6061,0.61,0.1045,10,11,21
110,2011-01-05,1,0,1,18,0,3,1,1,0.24,0.2424,0.38,0.1343,3,166,169
10342,2012-03-12,1,1,3,0,0,1,1,1,0.38,0.3939,0.54,0.194,4,20,24
11200,2012-04-16,2,1,4,20,1,1,0,1,0.74,0.6515,0.37,0.2985,48,327,375
3465,2011-05-29,2,0,5,6,0,0,0,2,0.62,0.5606,0.88,0.194,5,10,15
2139,2011-04-03,2,0,4,23,0,0,0,1,0.4,0.4091,0.5,0.0896,9,22,31
11730,2012-05-08,2,1,5,22,0,2,1,3,0.6,0.5758,0.78,0.2537,13,134,147
17211,2012-12-24,1,1,12,22,0,1,1,2,0.24,0.2879,0.93,0,7,5,12
743,2011-02-03,1,0,2,8,0,4,1,1,0.14,0.1212,0.5,0.3582,4,184,188
10564,2012-03-21,2,1,3,6,0,3,1,2,0.48,0.4697,0.94,0.2239,10,139,149
14252,2012-08-22,3,1,8,0,0,3,1,1,0.62,0.5758,0.83,0.1045,9,46,55
11805,2012-05-12,2,1,5,1,0,6,0,1,0.5,0.4848,0.48,0,14,79,93
9405,2012-02-01,1,1,2,18,0,3,1,1,0.56,0.5303,0.46,0.1642,12,514,526
8975,2012-01-14,1,1,1,19,0,6,0,1,0.2,0.197,0.47,0.2239,12,90,102
14234,2012-08-21,3,1,8,6,0,2,1,1,0.56,0.5303,0.83,0.1045,5,164,169
3325,2011-05-23,2,0,5,10,0,1,1,1,0.66,0.6212,0.74,0.2985,49,72,121
16754,2012-12-05,4,1,12,20,0,3,1,1,0.34,0.303,0.46,0.3881,19,274,293
4481,2011-07-10,3,0,7,14,0,0,0,1,0.82,0.7424,0.41,0.3284,122,227,349
3443,2011-05-28,2,0,5,8,0,6,0,1,0.62,0.5909,0.78,0.194,27,75,102
16462,2012-11-23,4,1,11,15,0,5,1,1,0.48,0.4697,0.41,0.2537,233,214,447
13696,2012-07-29,3,1,7,20,0,0,0,1,0.74,0.697,0.66,0.1045,75,228,303
4522,2011-07-12,3,0,7,7,0,2,1,1,0.76,0.697,0.55,0.194,29,301,330
2848,2011-05-03,2,0,5,13,0,2,1,2,0.7,0.6515,0.58,0.6119,50,144,194
7584,2011-11-17,4,0,11,14,0,4,1,2,0.34,0.303,0.49,0.3881,5,105,110
9350,2012-01-30,1,1,1,11,0,1,1,1,0.26,0.2576,0.38,0,6,93,99
9231,2012-01-25,1,1,1,12,0,3,1,1,0.32,0.3333,0.53,0.1343,46,147,193
13897,2012-08-07,3,1,8,5,0,2,1,1,0.7,0.6667,0.79,0.1045,3,33,36
15960,2012-11-02,4,1,11,16,0,5,1,1,0.38,0.3939,0.4,0.3284,48,373,421
7054,2011-10-26,4,0,10,12,0,3,1,3,0.58,0.5455,0.53,0.2239,39,155,194
15067,2012-09-24,4,1,9,23,0,1,1,1,0.46,0.4545,0.63,0.1343,11,83,94
14006,2012-08-11,3,1,8,18,0,6,0,2,0.7,0.6667,0.74,0.2985,107,193,300
12441,2012-06-07,2,1,6,13,0,4,1,1,0.7,0.6364,0.37,0.2836,65,250,315
6132,2011-09-18,3,0,9,1,0,0,0,1,0.46,0.4545,0.77,0.2239,13,66,79
9290,2012-01-27,1,1,1,23,0,5,1,1,0.32,0.2879,0.49,0.4179,8,78,86
8238,2011-12-14,4,0,12,21,0,3,1,2,0.34,0.3333,0.66,0.1642,9,145,154
11307,2012-04-21,2,1,4,7,0,6,0,1,0.5,0.4848,0.82,0.2836,21,55,76
1948,2011-03-26,2,0,3,22,0,6,0,2,0.28,0.2727,0.41,0.2239,17,46,63
16374,2012-11-19,4,1,11,23,0,1,1,1,0.34,0.3485,0.66,0.1045,2,72,74
5415,2011-08-18,3,0,8,12,0,4,1,1,0.8,0.7424,0.52,0.2836,34,139,173
14663,2012-09-08,3,1,9,3,0,6,0,2,0.66,0.5909,0.89,0.2239,3,40,43
9680,2012-02-13,1,1,2,6,0,1,1,1,0.1,0.1061,0.54,0.2239,1,71,72
16509,2012-11-25,4,1,11,14,0,0,0,2,0.3,0.2879,0.42,0.2537,33,170,203
7333,2011-11-07,4,0,11,3,0,1,1,1,0.32,0.3485,0.93,0,0,3,3
14621,2012-09-06,3,1,9,9,0,4,1,3,0.66,0.5909,0.94,0.1343,8,115,123
1835,2011-03-22,2,0,3,4,0,2,1,2,0.42,0.4242,0.82,0.1642,0,1,1
12153,2012-05-26,2,1,5,13,0,6,0,1,0.76,0.7273,0.66,0.194,265,274,539
15675,2012-10-20,4,1,10,7,0,6,0,1,0.4,0.4091,0.82,0,6,59,65
6731,2011-10-13,4,0,10,0,0,4,1,2,0.54,0.5152,0.94,0.1343,1,14,15
15561,2012-10-15,4,1,10,13,0,1,1,2,0.56,0.5303,0.88,0.2239,37,109,146
10262,2012-03-08,1,1,3,15,0,4,1,1,0.64,0.6212,0.38,0.6866,24,161,185
16884,2012-12-11,4,1,12,6,0,2,1,2,0.34,0.303,0.71,0.2985,0,118,118
10869,2012-04-03,2,1,4,0,0,2,1,1,0.4,0.4091,0.43,0.1343,1,32,33
12241,2012-05-30,2,1,5,5,0,3,1,2,0.62,0.5909,0.78,0.1343,1,40,41
4802,2011-07-23,3,0,7,23,0,6,0,1,0.8,0.7727,0.59,0.1045,27,77,104
9903,2012-02-22,1,1,2,15,0,3,1,1,0.5,0.4848,0.31,0.4179,34,161,195
14020,2012-08-12,3,1,8,8,0,0,0,1,0.66,0.6212,0.54,0.2239,35,84,119
14584,2012-09-04,3,1,9,20,0,2,1,1,0.74,0.697,0.7,0.2537,47,338,385
15834,2012-10-26,4,1,10,22,0,5,1,2,0.52,0.5,0.83,0.1343,37,180,217
13680,2012-07-29,3,1,7,4,0,0,0,1,0.64,0.6061,0.69,0.194,2,11,13
11365,2012-04-23,2,1,4,17,0,1,1,3,0.3,0.2727,0.82,0.3284,13,219,232
16730,2012-12-04,4,1,12,20,0,2,1,2,0.5,0.4848,0.63,0.2239,34,272,306
13104,2012-07-05,3,1,7,4,0,4,1,1,0.72,0.6667,0.58,0,0,7,7
15166,2012-09-29,4,1,9,2,0,6,0,2,0.54,0.5152,0.56,0.2239,12,80,92
3004,2011-05-10,2,0,5,1,0,2,1,1,0.46,0.4545,0.59,0.0896,3,12,15
24,2011-01-01,1,0,1,23,0,6,0,2,0.46,0.4545,0.88,0.2985,15,24,39
10741,2012-03-28,2,1,3,15,0,3,1,2,0.62,0.6212,0.41,0.2985,47,152,199
3525,2011-05-31,2,0,5,18,0,2,1,1,0.84,0.803,0.53,0.194,55,362,417
13539,2012-07-23,3,1,7,7,0,1,1,1,0.7,0.6667,0.84,0.1343,17,404,421
5390,2011-08-17,3,0,8,11,0,3,1,1,0.78,0.697,0.43,0.1045,20,108,128
8337,2011-12-19,4,0,12,0,0,1,1,1,0.2,0.2273,0.75,0.0896,3,14,17
11114,2012-04-13,2,1,4,6,0,5,1,1,0.32,0.3182,0.57,0.1642,0,84,84
11466,2012-04-27,2,1,4,22,0,5,1,1,0.42,0.4242,0.38,0.2537,24,134,158
1310,2011-02-27,1,0,2,18,0,0,0,1,0.4,0.4091,0.54,0.194,24,103,127
1665,2011-03-14,1,0,3,22,0,1,1,1,0.32,0.3333,0.49,0.1045,4,43,47
10353,2012-03-12,1,1,3,11,0,1,1,1,0.44,0.4394,0.44,0.2239,39,111,150
3476,2011-05-29,2,0,5,17,0,0,0,1,0.74,0.697,0.7,0.2836,214,169,383
790,2011-02-05,1,0,2,8,0,6,0,3,0.2,0.2273,1,0.0896,0,10,10
16886,2012-12-11,4,1,12,8,0,2,1,2,0.34,0.303,0.61,0.2985,16,708,724
8063,2011-12-07,4,0,12,14,0,3,1,3,0.44,0.4394,1,0.194,1,24,25
15979,2012-11-03,4,1,11,11,0,6,0,2,0.36,0.3333,0.46,0.3881,56,284,340
14698,2012-09-09,3,1,9,14,0,0,0,1,0.72,0.6515,0.3,0.2836,232,415,647
14729,2012-09-10,3,1,9,21,0,1,1,1,0.56,0.5303,0.49,0.1642,29,256,285
9342,2012-01-30,1,1,1,3,0,1,1,1,0.24,0.2273,0.48,0.194,0,4,4
7741,2011-11-24,4,0,11,3,1,4,0,1,0.28,0.2879,0.65,0.1343,1,4,5
7316,2011-11-06,4,0,11,10,0,0,0,1,0.36,0.3636,0.66,0.0896,76,186,262
3285,2011-05-21,2,0,5,18,0,6,0,2,0.7,0.6364,0.45,0.1642,191,253,444
11312,2012-04-21,2,1,4,12,0,6,0,1,0.64,0.6212,0.57,0.2239,262,378,640
2515,2011-04-19,2,0,4,16,0,2,1,1,0.56,0.5303,0.52,0.2985,30,162,192
17277,2012-12-27,1,1,12,17,0,4,1,2,0.26,0.2424,0.52,0.2836,30,227,257
8553,2011-12-28,1,0,12,2,0,3,1,1,0.32,0.303,0.61,0.2537,0,7,7
4386,2011-07-06,3,0,7,15,0,3,1,1,0.76,0.7273,0.7,0.2836,55,130,185
13540,2012-07-23,3,1,7,8,0,1,1,1,0.72,0.697,0.79,0.1045,47,691,738
7563,2011-11-16,4,0,11,17,0,3,1,2,0.48,0.4697,0.88,0.194,17,216,233
9493,2012-02-05,1,1,2,10,0,0,0,2,0.26,0.2424,0.65,0.2836,10,138,148
4906,2011-07-28,3,0,7,7,0,4,1,1,0.72,0.6818,0.7,0.1642,27,278,305
12775,2012-06-21,3,1,6,11,0,4,1,1,0.86,0.7879,0.41,0.1343,40,121,161
6054,2011-09-14,3,0,9,19,0,3,1,2,0.7,0.6515,0.7,0.1045,44,337,381
9404,2012-02-01,1,1,2,17,0,3,1,1,0.58,0.5455,0.43,0.194,31,508,539
11012,2012-04-08,2,1,4,23,0,0,0,1,0.5,0.4848,0.39,0.2537,10,41,51
1067,2011-02-17,1,0,2,4,0,4,1,1,0.32,0.3182,0.57,0.194,3,1,4
15029,2012-09-23,4,1,9,9,0,0,0,1,0.5,0.4848,0.51,0.3284,71,205,276
6228,2011-09-22,3,0,9,1,0,4,1,2,0.6,0.5152,0.94,0.0896,5,6,11
16833,2012-12-09,4,1,12,3,0,0,0,2,0.4,0.4091,0.87,0.1045,14,34,48
514,2011-01-23,1,0,1,12,0,0,0,1,0.16,0.1212,0.37,0.4627,24,92,116
17188,2012-12-23,1,1,12,22,0,0,0,1,0.24,0.2576,0.6,0.1045,5,53,58
3689,2011-06-07,2,0,6,14,0,2,1,2,0.8,0.7273,0.43,0.2836,34,112,146
1396,2011-03-03,1,0,3,10,0,4,1,1,0.18,0.1818,0.29,0.194,7,49,56
15752,2012-10-23,4,1,10,12,0,2,1,2,0.62,0.6212,0.46,0.0896,80,298,378
9872,2012-02-21,1,1,2,8,0,2,1,1,0.2,0.2273,0.69,0.0896,5,459,464
5007,2011-08-01,3,0,8,12,0,1,1,1,0.9,0.803,0.33,0.2537,53,115,168
6215,2011-09-21,3,0,9,12,0,3,1,2,0.64,0.5909,0.78,0.0896,42,151,193
8204,2011-12-13,4,0,12,11,0,2,1,1,0.34,0.3182,0.46,0.2537,9,115,124
17335,2012-12-30,1,1,12,3,0,0,0,2,0.26,0.2273,0.56,0.4179,1,14,15
15495,2012-10-12,4,1,10,19,0,5,1,1,0.42,0.4242,0.41,0.2239,40,453,493
11539,2012-04-30,2,1,4,23,0,1,1,2,0.52,0.5,0.55,0.2239,10,50,60
5542,2011-08-23,3,0,8,19,0,2,1,1,0.66,0.6212,0.5,0.2239,70,297,367
5258,2011-08-11,3,0,8,23,0,4,1,1,0.66,0.6212,0.5,0.1642,22,105,127
604,2011-01-28,1,0,1,9,0,5,1,3,0.18,0.2121,0.86,0.0896,6,95,101
4724,2011-07-20,3,0,7,17,0,3,1,1,0.84,0.8333,0.59,0.194,50,405,455
5741,2011-09-01,3,0,9,15,0,4,1,1,0.72,0.6667,0.51,0.1343,39,135,174
10105,2012-03-02,1,1,3,2,0,5,1,1,0.34,0.3182,0.53,0.2836,2,4,6
9321,2012-01-29,1,1,1,6,0,0,0,1,0.2,0.2273,0.4,0.1045,1,4,5
2879,2011-05-04,2,0,5,20,0,3,1,1,0.4,0.4091,0.62,0.3284,17,174,191
15177,2012-09-29,4,1,9,13,0,6,0,1,0.62,0.6212,0.41,0.2985,233,453,686
3395,2011-05-26,2,0,5,8,0,4,1,2,0.66,0.6061,0.83,0.1642,31,458,489
15538,2012-10-14,4,1,10,14,0,0,0,1,0.66,0.6212,0.39,0.4179,249,368,617
11819,2012-05-12,2,1,5,15,0,6,0,1,0.68,0.6212,0.24,0.194,269,321,590
14745,2012-09-11,3,1,9,13,0,2,1,1,0.66,0.6212,0.29,0.0896,72,256,328
8583,2011-12-29,1,0,12,9,0,4,1,2,0.2,0.2121,0.64,0.1343,15,155,170
11680,2012-05-06,2,1,5,20,0,0,0,1,0.6,0.6061,0.64,0.194,73,203,276
3302,2011-05-22,2,0,5,11,0,0,0,1,0.7,0.6515,0.54,0.194,164,209,373
15839,2012-10-27,4,1,10,3,0,6,0,1,0.5,0.4848,0.88,0.1642,5,21,26
6844,2011-10-17,4,0,10,17,0,1,1,1,0.56,0.5303,0.64,0.1343,80,540,620
12679,2012-06-17,2,1,6,11,0,0,0,1,0.62,0.6212,0.57,0.1045,196,350,546
13340,2012-07-15,3,1,7,0,0,0,0,1,0.68,0.6364,0.89,0.1642,40,147,187
14712,2012-09-10,3,1,9,4,0,1,1,1,0.52,0.5,0.68,0.2836,1,4,5
7991,2011-12-04,4,0,12,14,0,0,0,1,0.42,0.4242,0.62,0.1343,77,246,323
5407,2011-08-18,3,0,8,4,0,4,1,1,0.64,0.6061,0.73,0.2239,0,9,9
713,2011-02-02,1,0,2,1,0,3,1,3,0.22,0.2273,0.93,0.194,0,3,3
12428,2012-06-07,2,1,6,0,0,4,1,1,0.52,0.5,0.77,0.1343,9,50,59
4410,2011-07-07,3,0,7,15,0,4,1,1,0.86,0.7879,0.41,0.2537,47,119,166
13295,2012-07-13,3,1,7,3,0,5,1,2,0.68,0.6364,0.61,0,2,7,9
5921,2011-09-09,3,0,9,5,0,5,1,2,0.62,0.5455,0.94,0.1343,0,14,14
17218,2012-12-25,1,1,12,6,1,2,0,2,0.22,0.2273,0.93,0.1343,1,6,7
5412,2011-08-18,3,0,8,9,0,4,1,1,0.72,0.6818,0.66,0.2537,42,186,228
13341,2012-07-15,3,1,7,1,0,0,0,2,0.68,0.6364,0.89,0.1343,49,119,168
551,2011-01-25,1,0,1,2,0,2,1,1,0.16,0.1515,0.69,0.2239,0,2,2
9675,2012-02-13,1,1,2,1,0,1,1,1,0.12,0.1212,0.5,0.2239,0,6,6
16252,2012-11-14,4,1,11,21,0,3,1,1,0.3,0.3333,0.56,0,5,208,213
12506,2012-06-10,2,1,6,6,0,0,0,1,0.62,0.5909,0.73,0,3,27,30
12342,2012-06-03,2,1,6,10,0,0,0,1,0.62,0.6212,0.43,0.2239,127,277,404
10499,2012-03-18,1,1,3,13,0,0,0,2,0.46,0.4545,0.82,0.1642,198,346,544
15082,2012-09-25,4,1,9,14,0,2,1,1,0.66,0.6212,0.39,0.3284,80,213,293
3265,2011-05-20,2,0,5,22,0,5,1,1,0.54,0.5152,0.73,0,28,124,152
5062,2011-08-03,3,0,8,19,0,3,1,3,0.7,0.6667,0.84,0,51,270,321
2099,2011-04-02,2,0,4,7,0,6,0,2,0.26,0.2727,0.7,0.1045,2,16,18
7002,2011-10-24,4,0,10,8,0,1,1,2,0.42,0.4242,0.88,0.1642,20,378,398
7293,2011-11-05,4,0,11,11,0,6,0,1,0.36,0.3636,0.46,0.1045,69,169,238
3672,2011-06-06,2,0,6,21,0,1,1,1,0.66,0.6212,0.57,0.0896,29,160,189
13343,2012-07-15,3,1,7,3,0,0,0,2,0.68,0.6364,0.89,0.1642,15,42,57
8584,2011-12-29,1,0,12,10,0,4,1,2,0.22,0.2273,0.64,0.1642,13,97,110
4417,2011-07-07,3,0,7,22,0,4,1,1,0.74,0.6818,0.62,0.1642,32,150,182
9215,2012-01-24,1,1,1,20,0,2,1,1,0.32,0.3485,0.76,0,18,211,229
11724,2012-05-08,2,1,5,16,0,2,1,3,0.64,0.6061,0.73,0.2239,54,335,389
14685,2012-09-09,3,1,9,1,0,0,0,1,0.56,0.5303,0.73,0.2239,20,104,124
2935,2011-05-07,2,0,5,4,0,6,0,1,0.4,0.4091,0.82,0.1045,1,4,5
9238,2012-01-25,1,1,1,19,0,3,1,2,0.34,0.3636,0.53,0,5,311,316
6598,2011-10-07,4,0,10,11,0,5,1,1,0.56,0.5303,0.63,0,80,150,230
9218,2012-01-24,1,1,1,23,0,2,1,1,0.32,0.3485,0.76,0,19,80,99
9050,2012-01-17,1,1,1,23,0,2,1,1,0.46,0.4545,0.72,0.3881,1,60,61
4834,2011-07-25,3,0,7,7,0,1,1,2,0.74,0.7121,0.79,0,20,257,277
15276,2012-10-03,4,1,10,16,0,3,1,2,0.72,0.6667,0.58,0,42,436,478
13301,2012-07-13,3,1,7,9,0,5,1,2,0.72,0.6667,0.51,0,70,344,414
11625,2012-05-04,2,1,5,13,0,5,1,2,0.64,0.6061,0.73,0,71,207,278
16005,2012-11-04,4,1,11,13,0,0,0,1,0.4,0.4091,0.43,0.2239,122,371,493
9378,2012-01-31,1,1,1,15,0,2,1,1,0.54,0.5152,0.26,0.4478,27,150,177
12318,2012-06-02,2,1,6,10,0,6,0,1,0.6,0.6212,0.53,0.2985,145,348,493
57,2011-01-03,1,0,1,11,0,1,1,1,0.2,0.1818,0.4,0.3284,10,41,51
3413,2011-05-27,2,0,5,2,0,5,1,1,0.68,0.6364,0.61,0.2239,6,12,18
2856,2011-05-03,2,0,5,21,0,2,1,2,0.64,0.6212,0.61,0.4478,42,183,225
401,2011-01-18,1,0,1,16,0,2,1,2,0.22,0.2273,0.87,0.194,0,61,61
2987,2011-05-09,2,0,5,8,0,1,1,1,0.52,0.5,0.55,0.2239,23,351,374
6606,2011-10-07,4,0,10,19,0,5,1,1,0.56,0.5303,0.52,0,51,243,294
14909,2012-09-18,3,1,9,9,0,2,1,2,0.66,0.6061,0.83,0.5821,27,266,293
10228,2012-03-07,1,1,3,5,0,3,1,1,0.28,0.2576,0.56,0.2985,0,18,18
12860,2012-06-25,3,1,6,0,0,1,1,1,0.72,0.6818,0.62,0.2537,31,37,68
6555,2011-10-05,4,0,10,16,0,3,1,1,0.64,0.6212,0.47,0.3284,37,245,282
7259,2011-11-04,4,0,11,1,0,5,1,2,0.4,0.4091,0.82,0,1,16,17
10335,2012-03-11,1,1,3,17,0,0,0,1,0.52,0.5,0.27,0.2985,199,299,498
5782,2011-09-03,3,0,9,8,0,6,0,1,0.64,0.6061,0.69,0.1642,24,65,89
12889,2012-06-26,3,1,6,5,0,2,1,1,0.52,0.5,0.48,0.3881,3,36,39
11161,2012-04-15,2,1,4,5,0,0,0,1,0.5,0.4848,0.68,0.1642,4,6,10
13215,2012-07-09,3,1,7,19,0,1,1,1,0.74,0.6818,0.55,0.1642,88,543,631
7234,2011-11-03,4,0,11,0,0,4,1,1,0.36,0.3636,0.76,0.0896,3,28,31
8662,2012-01-01,1,1,1,16,0,0,0,2,0.44,0.4394,0.54,0.2985,68,147,215
520,2011-01-23,1,0,1,18,0,0,0,1,0.12,0.1212,0.3,0.2537,5,44,49
1756,2011-03-18,1,0,3,20,0,5,1,1,0.62,0.6212,0.46,0.1343,46,103,149
4509,2011-07-11,3,0,7,18,0,1,1,1,0.86,0.8333,0.53,0.3881,57,415,472
12844,2012-06-24,3,1,6,8,0,0,0,1,0.7,0.6515,0.58,0,38,103,141
10390,2012-03-14,1,1,3,0,0,3,1,1,0.54,0.5152,0.6,0.1045,5,34,39
5264,2011-08-12,3,0,8,5,0,5,1,1,0.6,0.6212,0.56,0.1343,2,24,26
1070,2011-02-17,1,0,2,7,0,4,1,1,0.32,0.3333,0.57,0.1045,7,119,126
11279,2012-04-20,2,1,4,3,0,5,1,1,0.44,0.4394,0.88,0.1045,1,9,10
6612,2011-10-08,4,0,10,1,0,6,0,1,0.46,0.4545,0.82,0,14,51,65
15794,2012-10-25,4,1,10,6,0,4,1,2,0.52,0.5,0.88,0.194,3,168,171
666,2011-01-31,1,0,1,1,0,1,1,1,0.22,0.2121,0.64,0.2537,2,5,7
10549,2012-03-20,1,1,3,15,0,2,1,2,0.62,0.6061,0.69,0.1045,67,177,244
717,2011-02-02,1,0,2,5,0,3,1,3,0.22,0.2424,0.93,0.1045,0,3,3
12115,2012-05-24,2,1,5,23,0,4,1,2,0.64,0.5909,0.78,0.1343,36,131,167
1700,2011-03-16,1,0,3,11,0,3,1,2,0.36,0.3485,0.81,0.1343,13,62,75
1878,2011-03-24,2,0,3,0,0,4,1,2,0.32,0.303,0.93,0.2239,0,11,11
10644,2012-03-24,2,1,3,14,0,6,0,3,0.52,0.5,0.88,0.3582,63,160,223
7321,2011-11-06,4,0,11,15,0,0,0,1,0.48,0.4697,0.51,0.194,96,210,306
14400,2012-08-28,3,1,8,4,0,2,1,1,0.66,0.6061,0.83,0.1343,2,6,8
6801,2011-10-15,4,0,10,22,0,6,0,1,0.5,0.4848,0.36,0.1343,45,121,166
13701,2012-07-30,3,1,7,1,0,1,1,1,0.7,0.6667,0.74,0,4,15,19
7066,2011-10-27,4,0,10,0,0,4,1,1,0.46,0.4545,0.94,0,3,23,26
7141,2011-10-30,4,0,10,3,0,0,0,1,0.24,0.2121,0.75,0.3582,7,26,33
13748,2012-08-01,3,1,8,0,0,3,1,1,0.68,0.6364,0.79,0.1642,3,44,47
9256,2012-01-26,1,1,1,13,0,4,1,2,0.38,0.3939,0.71,0,17,156,173
6862,2011-10-18,4,0,10,11,0,2,1,2,0.6,0.6212,0.49,0.1045,35,112,147
8169,2011-12-12,4,0,12,0,0,1,1,1,0.2,0.2273,0.69,0.0896,4,16,20
8640,2011-12-31,1,0,12,18,0,6,0,1,0.42,0.4242,0.54,0.1343,13,80,93
10913,2012-04-04,2,1,4,20,0,3,1,1,0.64,0.6212,0.27,0.2239,39,333,372
8129,2011-12-10,4,0,12,8,0,6,0,1,0.26,0.2727,0.65,0.1343,5,68,73
6593,2011-10-07,4,0,10,6,0,5,1,1,0.42,0.4242,0.88,0,3,84,87
12509,2012-06-10,2,1,6,9,0,0,0,1,0.7,0.6515,0.58,0,91,175,266
92,2011-01-04,1,0,1,23,0,2,1,1,0.2,0.2273,0.69,0.0896,2,9,11
2578,2011-04-22,2,0,4,7,0,5,1,2,0.34,0.3182,0.53,0.2836,5,175,180
10240,2012-03-07,1,1,3,17,0,3,1,1,0.56,0.5303,0.43,0.4925,58,554,612
14413,2012-08-28,3,1,8,17,0,2,1,1,0.8,0.697,0.35,0.3881,90,774,864
13879,2012-08-06,3,1,8,11,0,1,1,1,0.76,0.7273,0.66,0.1343,108,152,260
16804,2012-12-07,4,1,12,22,0,5,1,2,0.36,0.3636,0.93,0.0896,15,150,165
16482,2012-11-24,4,1,11,11,0,6,0,2,0.28,0.2576,0.41,0.2985,55,131,186
3897,2011-06-16,2,0,6,6,0,4,1,3,0.58,0.5455,0.73,0.1642,8,104,112
13031,2012-07-02,3,1,7,3,0,1,1,2,0.72,0.6667,0.54,0.4179,0,5,5
1350,2011-03-01,1,0,3,12,0,2,1,1,0.3,0.303,0.39,0.1343,6,80,86
14738,2012-09-11,3,1,9,6,0,2,1,1,0.46,0.4545,0.77,0.1045,11,200,211
11857,2012-05-14,2,1,5,5,0,1,1,2,0.54,0.5152,0.77,0.1642,1,25,26
3778,2011-06-11,2,0,6,7,0,6,0,1,0.72,0.6667,0.58,0.194,18,50,68
13685,2012-07-29,3,1,7,9,0,0,0,1,0.72,0.6818,0.62,0.2537,64,162,226
14007,2012-08-11,3,1,8,19,0,6,0,2,0.66,0.5909,0.89,0.1045,97,178,275
14183,2012-08-19,3,1,8,3,0,0,0,2,0.62,0.6061,0.61,0.1642,21,34,55
4051,2011-06-22,3,0,6,16,0,3,1,2,0.82,0.803,0.59,0.3284,34,224,258
12971,2012-06-29,3,1,6,15,0,5,1,1,0.96,0.9091,0.36,0,47,183,230
15476,2012-10-12,4,1,10,0,0,5,1,1,0.4,0.4091,0.66,0.1045,8,60,68
9748,2012-02-16,1,1,2,2,0,4,1,2,0.3,0.3182,0.7,0.0896,1,6,7
2763,2011-04-30,2,0,4,0,0,6,0,2,0.44,0.4394,0.54,0.2537,33,73,106
3582,2011-06-03,2,0,6,3,0,5,1,1,0.54,0.5152,0.49,0.2239,0,5,5
7106,2011-10-28,4,0,10,16,0,5,1,2,0.36,0.3485,0.46,0.1642,46,262,308
6373,2011-09-28,4,0,9,2,0,3,1,1,0.6,0.5455,0.88,0.2537,0,9,9
15790,2012-10-25,4,1,10,2,0,4,1,1,0.54,0.5152,0.77,0,3,15,18
12838,2012-06-24,3,1,6,2,0,0,0,2,0.68,0.6364,0.51,0,34,80,114
5063,2011-08-03,3,0,8,20,0,3,1,3,0.7,0.6667,0.84,0.1045,7,80,87
3603,2011-06-04,2,0,6,0,0,6,0,1,0.56,0.5303,0.52,0,24,69,93
9688,2012-02-13,1,1,2,14,0,1,1,1,0.34,0.3485,0.23,0.1045,10,125,135
6949,2011-10-22,4,0,10,3,0,6,0,1,0.4,0.4091,0.62,0.1343,1,19,20
7757,2011-11-24,4,0,11,19,1,4,0,1,0.4,0.4091,0.54,0.1045,15,13,28
8918,2012-01-12,1,1,1,10,0,4,1,1,0.34,0.3485,0.81,0.1045,6,84,90
16825,2012-12-08,4,1,12,19,0,6,0,1,0.4,0.4091,0.87,0,34,212,246
6018,2011-09-13,3,0,9,7,0,2,1,1,0.58,0.5455,0.83,0.0896,14,348,362
8747,2012-01-05,1,1,1,6,0,4,1,2,0.2,0.2121,0.75,0.1343,0,78,78
2957,2011-05-08,2,0,5,2,0,0,0,1,0.48,0.4697,0.63,0,17,42,59
14388,2012-08-27,3,1,8,16,0,1,1,1,0.8,0.7576,0.55,0.2537,77,367,444
16045,2012-11-06,4,1,11,5,0,2,1,2,0.22,0.2273,0.64,0.194,1,40,41
7521,2011-11-14,4,0,11,23,0,1,1,1,0.56,0.5303,0.64,0.2985,13,48,61
1104,2011-02-18,1,0,2,17,0,5,1,1,0.66,0.6212,0.34,0.3582,52,275,327
10127,2012-03-03,1,1,3,0,0,6,0,3,0.36,0.3636,0.93,0.0896,1,21,22
14050,2012-08-13,3,1,8,14,0,1,1,1,0.8,0.697,0.33,0.1045,85,163,248
12491,2012-06-09,2,1,6,15,0,6,0,1,0.84,0.7121,0.2,0.2985,218,337,555
12768,2012-06-21,3,1,6,4,0,4,1,1,0.7,0.6667,0.84,0.0896,1,11,12
1559,2011-03-10,1,0,3,9,0,4,1,3,0.4,0.4091,0,0.2239,1,23,24
2489,2011-04-18,2,0,4,14,0,1,1,2,0.58,0.5455,0.49,0.194,49,95,144
14465,2012-08-30,3,1,8,21,0,4,1,1,0.72,0.6818,0.66,0.1343,32,275,307
15848,2012-10-27,4,1,10,12,0,6,0,1,0.6,0.6212,0.53,0.2537,264,404,668
3524,2011-05-31,2,0,5,17,0,2,1,1,0.84,0.803,0.53,0.2239,67,428,495
4543,2011-07-13,3,0,7,4,0,3,1,1,0.74,0.6818,0.58,0.2537,0,5,5
15320,2012-10-05,4,1,10,12,0,5,1,1,0.72,0.6515,0.42,0.1642,161,307,468
3401,2011-05-26,2,0,5,14,0,4,1,1,0.82,0.7727,0.52,0.2836,44,145,189
15417,2012-10-09,4,1,10,13,0,2,1,2,0.5,0.4848,0.67,0.1343,54,184,238
17117,2012-12-20,4,1,12,23,0,4,1,3,0.4,0.4091,0.82,0.2985,0,13,13
8380,2011-12-20,4,0,12,19,0,2,1,1,0.38,0.3939,0.66,0,6,218,224
8381,2011-12-20,4,0,12,20,0,2,1,1,0.36,0.3788,0.66,0,3,144,147
2273,2011-04-09,2,0,4,13,0,6,0,2,0.36,0.3788,0.81,0,114,108,222
2375,2011-04-13,2,0,4,20,0,3,1,1,0.44,0.4394,0.62,0.2537,7,119,126
11877,2012-05-15,2,1,5,1,0,2,1,3,0.56,0.5303,0.88,0.1343,5,14,19
12938,2012-06-28,3,1,6,6,0,4,1,1,0.62,0.6212,0.57,0.0896,8,185,193
293,2011-01-13,1,0,1,15,0,4,1,1,0.24,0.2121,0.38,0.2985,5,55,60
2871,2011-05-04,2,0,5,12,0,3,1,2,0.44,0.4394,0.62,0.3582,19,105,124
13173,2012-07-08,3,1,7,1,0,0,0,1,0.82,0.7879,0.56,0.1045,25,99,124
14958,2012-09-20,3,1,9,10,0,4,1,1,0.58,0.5455,0.53,0.0896,33,157,190
13045,2012-07-02,3,1,7,17,0,1,1,1,0.84,0.7273,0.32,0.1343,82,665,747
16333,2012-11-18,4,1,11,6,0,0,0,1,0.28,0.2727,0.81,0.1642,2,13,15
4880,2011-07-27,3,0,7,5,0,3,1,1,0.7,0.6515,0.54,0.2836,0,18,18
12845,2012-06-24,3,1,6,9,0,0,0,1,0.72,0.6667,0.51,0,63,169,232
16636,2012-11-30,4,1,11,22,0,5,1,1,0.3,0.3333,0.75,0,18,145,163
13610,2012-07-26,3,1,7,6,0,4,1,1,0.66,0.6061,0.78,0.2537,16,165,181
4419,2011-07-08,3,0,7,0,0,5,1,1,0.74,0.697,0.66,0.1045,6,41,47
11584,2012-05-02,2,1,5,20,0,3,1,1,0.52,0.5,0.77,0.2537,42,296,338
357,2011-01-16,1,0,1,8,0,0,0,1,0.22,0.2121,0.55,0.2836,0,18,18
15962,2012-11-02,4,1,11,18,0,5,1,2,0.38,0.3939,0.43,0.3284,32,490,522
4585,2011-07-14,3,0,7,22,0,4,1,1,0.64,0.6212,0.57,0.0896,42,134,176
838,2011-02-07,1,0,2,8,0,1,1,2,0.16,0.2273,1,0,7,223,230
7014,2011-10-24,4,0,10,20,0,1,1,1,0.48,0.4697,0.82,0.1045,11,118,129
15767,2012-10-24,4,1,10,3,0,3,1,1,0.5,0.4848,0.77,0.0896,0,4,4
16131,2012-11-09,4,1,11,20,0,5,1,1,0.36,0.3485,0.66,0.1343,20,235,255
1727,2011-03-17,1,0,3,14,0,4,1,1,0.5,0.4848,0.45,0.1045,32,87,119
16593,2012-11-29,4,1,11,2,0,4,1,1,0.22,0.2727,0.64,0,1,6,7
17054,2012-12-18,4,1,12,8,0,2,1,1,0.38,0.3939,0.94,0,10,652,662
2363,2011-04-13,2,0,4,8,0,3,1,3,0.38,0.3939,0.94,0.194,6,158,164
11617,2012-05-04,2,1,5,5,0,5,1,1,0.56,0.5303,0.88,0.194,0,24,24
15249,2012-10-02,4,1,10,13,0,2,1,2,0.6,0.5455,0.88,0.1343,6,148,154
9756,2012-02-16,1,1,2,10,0,4,1,3,0.32,0.3333,0.7,0.1343,2,42,44
13220,2012-07-10,3,1,7,0,0,2,1,1,0.7,0.6515,0.7,0.0896,16,53,69
4224,2011-06-29,3,0,6,21,0,3,1,1,0.72,0.6515,0.39,0.2239,26,195,221
10218,2012-03-06,1,1,3,19,0,2,1,1,0.34,0.303,0.46,0.2985,9,278,287
11598,2012-05-03,2,1,5,10,0,4,1,2,0.52,0.5,0.77,0,36,132,168
7380,2011-11-09,4,0,11,2,0,3,1,1,0.32,0.3485,0.93,0,0,5,5
8102,2011-12-09,4,0,12,5,0,5,1,1,0.22,0.2727,0.8,0,0,20,20
6968,2011-10-22,4,0,10,22,0,6,0,1,0.4,0.4091,0.76,0,30,114,144
6167,2011-09-19,3,0,9,12,0,1,1,2,0.58,0.5455,0.6,0.0896,51,138,189
6462,2011-10-01,4,0,10,19,0,6,0,2,0.38,0.3939,0.82,0.194,27,99,126
3062,2011-05-12,2,0,5,11,0,4,1,1,0.58,0.5455,0.6,0.2239,43,136,179
890,2011-02-09,1,0,2,13,0,3,1,1,0.18,0.1667,0.4,0.2537,2,67,69
967,2011-02-12,1,0,2,21,0,6,0,1,0.26,0.303,0.41,0,9,42,51
15694,2012-10-21,4,1,10,2,0,0,0,1,0.4,0.4091,0.62,0.1642,44,88,132
1964,2011-03-27,2,0,3,15,0,0,0,1,0.32,0.303,0.36,0.2836,61,111,172
11300,2012-04-21,2,1,4,0,0,6,0,1,0.52,0.5,0.77,0.2239,31,111,142
13322,2012-07-14,3,1,7,6,0,6,0,2,0.64,0.5909,0.78,0.0896,6,29,35
17014,2012-12-16,4,1,12,16,0,0,0,2,0.38,0.3939,0.82,0.1045,66,334,400
11984,2012-05-19,2,1,5,12,0,6,0,1,0.66,0.6212,0.36,0,276,366,642
17019,2012-12-16,4,1,12,21,0,0,0,2,0.36,0.3788,0.93,0,14,92,106
2836,2011-05-03,2,0,5,1,0,2,1,2,0.56,0.5303,0.78,0.2537,0,14,14
7214,2011-11-02,4,0,11,4,0,3,1,1,0.3,0.3333,0.87,0,0,4,4
12057,2012-05-22,2,1,5,13,0,2,1,2,0.64,0.6061,0.73,0,48,195,243
15389,2012-10-08,4,1,10,9,1,1,0,2,0.38,0.3939,0.66,0.1642,59,273,332
2269,2011-04-09,2,0,4,9,0,6,0,2,0.34,0.3485,0.87,0.1045,27,71,98
3771,2011-06-11,2,0,6,0,0,6,0,1,0.7,0.6667,0.79,0.1343,28,89,117
16946,2012-12-13,4,1,12,20,0,4,1,1,0.3,0.3333,0.45,0,6,235,241
12965,2012-06-29,3,1,6,9,0,5,1,1,0.76,0.697,0.55,0.1642,39,261,300
133,2011-01-06,1,0,1,18,0,4,1,1,0.22,0.2273,0.51,0.1343,5,158,163
14455,2012-08-30,3,1,8,11,0,4,1,1,0.76,0.6818,0.4,0.0896,85,191,276
6840,2011-10-17,4,0,10,13,0,1,1,1,0.56,0.5303,0.46,0.0896,49,156,205
394,2011-01-17,1,0,1,21,1,1,0,3,0.16,0.1515,0.8,0.194,3,24,27
6559,2011-10-05,4,0,10,20,0,3,1,1,0.52,0.5,0.77,0.1642,18,228,246
12137,2012-05-25,2,1,5,21,0,5,1,1,0.7,0.6515,0.65,0.1343,62,193,255
3929,2011-06-17,2,0,6,14,0,5,1,1,0.76,0.697,0.52,0.194,73,142,215
15940,2012-11-01,4,1,11,20,0,4,1,2,0.38,0.3939,0.54,0.2537,16,280,296
8402,2011-12-21,1,0,12,17,0,3,1,3,0.44,0.4394,1,0.3284,3,226,229
16081,2012-11-07,4,1,11,17,0,3,1,2,0.32,0.2879,0.53,0.3881,16,501,517
16346,2012-11-18,4,1,11,19,0,0,0,1,0.36,0.3485,0.66,0.1642,16,194,210
9761,2012-02-16,1,1,2,15,0,4,1,3,0.34,0.3636,0.76,0,3,50,53
8184,2011-12-12,4,0,12,15,0,1,1,2,0.32,0.3333,0.57,0.1045,8,124,132
226,2011-01-10,1,0,1,16,0,1,1,1,0.2,0.2121,0.4,0.1343,4,70,74
15160,2012-09-28,4,1,9,20,0,5,1,3,0.6,0.6212,0.53,0.1642,32,304,336
6778,2011-10-14,4,0,10,23,0,5,1,1,0.46,0.4545,0.59,0.1642,15,80,95
4614,2011-07-16,3,0,7,3,0,6,0,1,0.6,0.5758,0.78,0.1343,6,20,26
9337,2012-01-29,1,1,1,22,0,0,0,1,0.32,0.2879,0.26,0.3881,7,57,64
11652,2012-05-05,2,1,5,16,0,6,0,2,0.68,0.6364,0.65,0.3881,230,310,540
13664,2012-07-28,3,1,7,12,0,6,0,1,0.84,0.7576,0.41,0.2239,157,330,487
9365,2012-01-31,1,1,1,2,0,2,1,1,0.3,0.2879,0.42,0.2239,0,2,2
13070,2012-07-03,3,1,7,18,0,2,1,2,0.86,0.7424,0.3,0,85,542,627
15902,2012-10-31,4,1,10,6,0,3,1,1,0.3,0.303,0.81,0.1642,0,116,116
5009,2011-08-01,3,0,8,14,0,1,1,1,0.92,0.8182,0.29,0.194,37,86,123
9479,2012-02-04,1,1,2,20,0,6,0,3,0.24,0.2273,0.93,0.194,4,73,77
3404,2011-05-26,2,0,5,17,0,4,1,1,0.8,0.7273,0.46,0.2836,49,445,494
3516,2011-05-31,2,0,5,9,0,2,1,1,0.8,0.7576,0.55,0.1343,22,153,175
3884,2011-06-15,2,0,6,17,0,3,1,1,0.74,0.6515,0.28,0.1045,83,555,638
6756,2011-10-14,4,0,10,1,0,5,1,1,0.58,0.5455,0.94,0.1343,8,16,24
13130,2012-07-06,3,1,7,6,0,5,1,1,0.74,0.697,0.66,0.194,4,127,131
2909,2011-05-06,2,0,5,2,0,5,1,1,0.38,0.3939,0.62,0.1045,1,15,16
4262,2011-07-01,3,0,7,11,0,5,1,1,0.8,0.697,0.26,0,68,146,214
8072,2011-12-07,4,0,12,23,0,3,1,1,0.24,0.2121,0.93,0.3881,0,16,16
2424,2011-04-15,2,0,4,21,1,5,0,2,0.4,0.4091,0.76,0.2985,25,77,102
10795,2012-03-30,2,1,3,21,0,5,1,1,0.38,0.3939,0.66,0.1343,30,190,220
5265,2011-08-12,3,0,8,6,0,5,1,1,0.62,0.6212,0.5,0.1343,3,73,76
10706,2012-03-27,2,1,3,4,0,2,1,1,0.24,0.2121,0.32,0.3582,0,3,3
14823,2012-09-14,3,1,9,19,0,5,1,1,0.68,0.6364,0.57,0.1642,83,496,579
3549,2011-06-01,2,0,6,18,0,3,1,3,0.82,0.7879,0.56,0.3881,31,278,309
15354,2012-10-06,4,1,10,22,0,6,0,1,0.44,0.4394,0.62,0.1343,45,140,185
13956,2012-08-09,3,1,8,16,0,4,1,1,0.86,0.7727,0.39,0.2537,97,320,417
14339,2012-08-25,3,1,8,15,0,6,0,2,0.64,0.6061,0.73,0.3284,79,154,233
9826,2012-02-19,1,1,2,8,0,0,0,2,0.24,0.2273,0.56,0.194,8,48,56
14088,2012-08-15,3,1,8,4,0,3,1,1,0.64,0.5758,0.83,0.1045,0,4,4
15091,2012-09-25,4,1,9,23,0,2,1,1,0.6,0.6212,0.56,0.3284,9,89,98
13954,2012-08-09,3,1,8,14,0,4,1,1,0.88,0.7727,0.32,0.2239,86,161,247
15636,2012-10-18,4,1,10,16,0,4,1,1,0.6,0.6212,0.56,0.2836,94,356,450
5502,2011-08-22,3,0,8,3,0,1,1,3,0.7,0.6515,0.65,0.1343,0,5,5
8048,2011-12-06,4,0,12,23,0,2,1,3,0.46,0.4545,1,0.1642,5,48,53
810,2011-02-06,1,0,2,4,0,0,0,1,0.26,0.2273,0.6,0.3582,0,2,2
13589,2012-07-25,3,1,7,9,0,3,1,1,0.72,0.6515,0.37,0.2985,65,277,342
2651,2011-04-25,2,0,4,8,0,1,1,1,0.56,0.5303,0.88,0.1045,27,326,353
9988,2012-02-26,1,1,2,4,0,0,0,1,0.24,0.2273,0.41,0.194,1,5,6
17301,2012-12-28,1,1,12,17,0,5,1,1,0.24,0.2424,0.6,0.1343,43,228,271
3191,2011-05-17,2,0,5,20,0,2,1,1,0.58,0.5455,0.83,0.4179,30,253,283
3621,2011-06-04,2,0,6,18,0,6,0,2,0.74,0.6515,0.3,0.1642,127,214,341
3651,2011-06-06,2,0,6,0,0,1,1,1,0.62,0.5909,0.78,0.1343,11,18,29
14554,2012-09-03,3,1,9,14,1,1,0,1,0.74,0.697,0.7,0.2985,163,349,512
13383,2012-07-16,3,1,7,19,0,1,1,1,0.8,0.7879,0.63,0.1343,92,503,595
4071,2011-06-23,3,0,6,12,0,4,1,2,0.76,0.7273,0.66,0.2836,30,130,160
8291,2011-12-17,4,0,12,2,0,6,0,2,0.28,0.2727,0.56,0.2239,11,47,58
15652,2012-10-19,4,1,10,8,0,5,1,2,0.54,0.5152,0.94,0.1045,20,447,467
14412,2012-08-28,3,1,8,16,0,2,1,1,0.82,0.7121,0.33,0.3284,84,396,480
3371,2011-05-25,2,0,5,8,0,3,1,1,0.64,0.6061,0.69,0.2239,36,495,531
16882,2012-12-11,4,1,12,4,0,2,1,2,0.34,0.3182,0.76,0.2836,0,8,8
13980,2012-08-10,3,1,8,16,0,5,1,1,0.78,0.7273,0.55,0.2985,96,371,467
17229,2012-12-25,1,1,12,17,1,2,0,2,0.32,0.303,0.57,0.2537,16,34,50
11445,2012-04-27,2,1,4,1,0,5,1,1,0.5,0.4848,0.59,0.4478,3,32,35
13757,2012-08-01,3,1,8,9,0,3,1,2,0.68,0.6364,0.74,0.0896,34,316,350
12575,2012-06-13,2,1,6,3,0,3,1,1,0.62,0.5758,0.83,0.194,1,7,8
11430,2012-04-26,2,1,4,10,0,4,1,2,0.46,0.4545,0.94,0.1642,14,125,139
12167,2012-05-27,2,1,5,3,0,0,0,1,0.64,0.6061,0.73,0.1642,11,25,36
7904,2011-11-30,4,0,11,23,0,3,1,1,0.28,0.2576,0.52,0.2836,4,46,50
1737,2011-03-18,1,0,3,0,0,5,1,1,0.42,0.4242,0.58,0.2836,5,24,29
1569,2011-03-10,1,0,3,19,0,4,1,3,0.44,0.4394,0,0.5821,5,51,56
463,2011-01-21,1,0,1,7,0,5,1,1,0.2,0.1818,0.51,0.2836,2,66,68
744,2011-02-03,1,0,2,9,0,4,1,1,0.16,0.1364,0.47,0.2985,6,127,133
8415,2011-12-22,1,0,12,6,0,4,1,1,0.36,0.3788,0.87,0,1,63,64
12935,2012-06-28,3,1,6,3,0,4,1,1,0.66,0.6212,0.5,0.0896,1,6,7
3995,2011-06-20,2,0,6,8,0,1,1,3,0.56,0.5303,0.83,0.194,12,209,221
15289,2012-10-04,4,1,10,5,0,4,1,3,0.64,0.5758,0.89,0.1045,2,37,39
15355,2012-10-06,4,1,10,23,0,6,0,1,0.44,0.4394,0.62,0.1343,37,142,179
15509,2012-10-13,4,1,10,9,0,6,0,1,0.36,0.3636,0.5,0.0896,46,220,266
14834,2012-09-15,3,1,9,6,0,6,0,1,0.54,0.5152,0.49,0.4179,6,27,33
5495,2011-08-21,3,0,8,20,0,0,0,1,0.7,0.6667,0.79,0.2537,41,140,181
15484,2012-10-12,4,1,10,8,0,5,1,1,0.42,0.4242,0.71,0.0896,34,711,745
4336,2011-07-04,3,0,7,13,1,1,0,2,0.78,0.7121,0.49,0,242,181,423
8888,2012-01-11,1,1,1,4,0,3,1,1,0.2,0.2121,0.8,0.1343,0,2,2
16541,2012-11-26,4,1,11,22,0,1,1,1,0.32,0.3485,0.61,0,3,101,104
5115,2011-08-06,3,0,8,0,0,6,0,1,0.66,0.6061,0.78,0.194,29,104,133
7175,2011-10-31,4,0,10,13,0,1,1,2,0.44,0.4394,0.44,0.2239,24,128,152
15825,2012-10-26,4,1,10,13,0,5,1,2,0.58,0.5455,0.68,0.1343,77,260,337
5213,2011-08-10,3,0,8,2,0,3,1,1,0.72,0.6667,0.54,0.1642,1,10,11
12551,2012-06-12,2,1,6,3,0,2,1,2,0.66,0.6212,0.69,0.2537,3,9,12
16299,2012-11-16,4,1,11,20,0,5,1,1,0.36,0.3333,0.46,0.2537,20,207,227
15737,2012-10-22,4,1,10,21,0,1,1,1,0.48,0.4697,0.67,0.0896,19,155,174
15064,2012-09-24,4,1,9,20,0,1,1,1,0.52,0.5,0.52,0.1045,52,380,432
2903,2011-05-05,2,0,5,20,0,4,1,1,0.5,0.4848,0.34,0.1642,33,225,258
12309,2012-06-02,2,1,6,1,0,6,0,2,0.56,0.5303,0.83,0.1045,15,61,76
5535,2011-08-23,3,0,8,12,0,2,1,1,0.7,0.6364,0.39,0.0896,60,177,237
15532,2012-10-14,4,1,10,8,0,0,0,1,0.44,0.4394,0.77,0.194,28,104,132
780,2011-02-04,1,0,2,22,0,5,1,2,0.24,0.2424,0.65,0.1642,1,45,46
7421,2011-11-10,4,0,11,19,0,4,1,2,0.36,0.3485,0.71,0.2239,19,192,211
11000,2012-04-08,2,1,4,11,0,0,0,1,0.5,0.4848,0.25,0.2836,195,209,404
10173,2012-03-04,1,1,3,22,0,0,0,1,0.26,0.2424,0.41,0.2537,9,53,62
6529,2011-10-04,4,0,10,14,0,2,1,1,0.58,0.5455,0.53,0.2537,27,156,183
3432,2011-05-27,2,0,5,21,0,5,1,1,0.6,0.5606,0.83,0.1045,37,114,151
16907,2012-12-12,4,1,12,5,0,3,1,1,0.26,0.2576,0.6,0.194,0,37,37
10928,2012-04-05,2,1,4,11,0,4,1,2,0.42,0.4242,0.38,0.2239,109,159,268
15045,2012-09-24,4,1,9,1,0,1,1,1,0.46,0.4545,0.67,0.1343,6,12,18
4726,2011-07-20,3,0,7,19,0,3,1,1,0.82,0.8485,0.67,0.1642,59,323,382
1470,2011-03-06,1,0,3,13,0,0,0,2,0.46,0.4545,0.94,0.3582,22,83,105
15972,2012-11-03,4,1,11,4,0,6,0,2,0.32,0.303,0.49,0.2985,8,8,16
8676,2012-01-02,1,1,1,7,1,1,0,1,0.24,0.2121,0.32,0.3881,0,16,16
13772,2012-08-02,3,1,8,0,0,4,1,1,0.7,0.6667,0.74,0,8,55,63
16370,2012-11-19,4,1,11,19,0,1,1,2,0.4,0.4091,0.58,0.2836,25,381,406
8425,2011-12-22,1,0,12,16,0,4,1,2,0.46,0.4545,0.63,0,30,226,256
369,2011-01-16,1,0,1,20,0,0,0,1,0.18,0.197,0.47,0.1642,7,50,57
15547,2012-10-14,4,1,10,23,0,0,0,2,0.56,0.5303,0.68,0.2836,27,78,105
11294,2012-04-20,2,1,4,18,0,5,1,1,0.62,0.6212,0.5,0.2836,110,558,668
65,2011-01-03,1,0,1,19,0,1,1,1,0.2,0.2576,0.47,0,8,102,110
4211,2011-06-29,3,0,6,8,0,3,1,1,0.7,0.6515,0.48,0.2836,41,499,540
16529,2012-11-26,4,1,11,10,0,1,1,1,0.32,0.3485,0.49,0,20,127,147
16815,2012-12-08,4,1,12,9,0,6,0,2,0.38,0.3939,0.94,0,17,153,170
1722,2011-03-17,1,0,3,9,0,4,1,1,0.4,0.4091,0.62,0.2537,23,162,185
10886,2012-04-03,2,1,4,17,0,2,1,1,0.62,0.6061,0.17,0.194,123,634,757
5325,2011-08-14,3,0,8,18,0,0,0,1,0.74,0.697,0.66,0.1642,125,222,347
4061,2011-06-23,3,0,6,2,0,4,1,1,0.72,0.697,0.74,0.2239,0,4,4
7281,2011-11-04,4,0,11,23,0,5,1,1,0.32,0.303,0.49,0.3284,17,72,89
1825,2011-03-21,2,0,3,18,0,1,1,2,0.52,0.5,0.72,0.2239,44,232,276
16054,2012-11-06,4,1,11,14,0,2,1,1,0.36,0.3636,0.4,0.1045,44,196,240
14579,2012-09-04,3,1,9,15,0,2,1,1,0.8,0.7727,0.59,0.4627,68,224,292
11568,2012-05-02,2,1,5,4,0,3,1,1,0.54,0.5152,0.88,0,2,2,4
3233,2011-05-19,2,0,5,14,0,4,1,3,0.54,0.5152,0.73,0.194,43,137,180
11772,2012-05-10,2,1,5,16,0,4,1,1,0.58,0.5455,0.3,0.4627,87,334,421
1919,2011-03-25,2,0,3,17,0,5,1,2,0.32,0.2879,0.36,0.3582,23,202,225
15196,2012-09-30,4,1,9,8,0,0,0,1,0.48,0.4697,0.67,0.1045,18,126,144
1570,2011-03-10,1,0,3,20,0,4,1,3,0.36,0.3333,0,0.3284,9,29,38
1832,2011-03-22,2,0,3,1,0,2,1,1,0.42,0.4242,1,0.1343,6,13,19
1243,2011-02-24,1,0,2,21,0,4,1,2,0.34,0.303,0.87,0.3284,7,76,83
17166,2012-12-23,1,1,12,0,0,0,0,1,0.22,0.2121,0.47,0.2836,3,24,27
8855,2012-01-09,1,1,1,18,0,1,1,4,0.2,0.2273,0.86,0.0896,6,158,164
8543,2011-12-27,1,0,12,16,0,2,1,3,0.44,0.4394,0.88,0.3284,2,44,46
4657,2011-07-17,3,0,7,22,0,0,0,1,0.72,0.6818,0.66,0.2239,65,116,181
13112,2012-07-05,3,1,7,12,0,4,1,1,0.9,0.8182,0.35,0.3582,88,188,276
14507,2012-09-01,3,1,9,15,0,6,0,2,0.86,0.7879,0.44,0.2836,257,306,563
13957,2012-08-09,3,1,8,17,0,4,1,1,0.86,0.7576,0.36,0.2537,111,699,810
8344,2011-12-19,4,0,12,7,0,1,1,1,0.18,0.2121,0.74,0.1045,4,187,191
15390,2012-10-08,4,1,10,10,1,1,0,2,0.38,0.3939,0.68,0.1343,69,229,298
9596,2012-02-09,1,1,2,18,0,4,1,1,0.34,0.3333,0.31,0.1642,13,404,417
4860,2011-07-26,3,0,7,9,0,2,1,1,0.76,0.6818,0.4,0.2239,25,162,187
16115,2012-11-09,4,1,11,4,0,5,1,1,0.32,0.2879,0.53,0.3582,0,14,14
11610,2012-05-03,2,1,5,22,0,4,1,1,0.62,0.5909,0.78,0,29,217,246
11690,2012-05-07,2,1,5,6,0,1,1,1,0.46,0.4545,0.88,0.1045,8,134,142
1223,2011-02-24,1,0,2,0,0,4,1,1,0.22,0.2576,0.55,0.0896,0,11,11
1778,2011-03-19,1,0,3,18,0,6,0,1,0.46,0.4545,0.31,0.3284,92,125,217
14189,2012-08-19,3,1,8,9,0,0,0,2,0.66,0.6212,0.74,0,86,184,270
11039,2012-04-10,2,1,4,2,0,2,1,1,0.36,0.3485,0.71,0.1343,0,2,2
9358,2012-01-30,1,1,1,19,0,1,1,1,0.3,0.3182,0.45,0.1045,8,298,306
10372,2012-03-13,1,1,3,6,0,2,1,3,0.46,0.4545,0.82,0.194,5,108,113
14201,2012-08-19,3,1,8,21,0,0,0,3,0.62,0.5909,0.78,0.0896,36,154,190
14593,2012-09-05,3,1,9,5,0,3,1,2,0.7,0.6667,0.79,0.2985,1,39,40
6401,2011-09-29,4,0,9,6,0,4,1,2,0.6,0.5455,0.88,0.0896,5,106,111
12883,2012-06-25,3,1,6,23,0,1,1,1,0.64,0.6212,0.33,0.3284,15,88,103
749,2011-02-03,1,0,2,14,0,4,1,1,0.22,0.197,0.37,0.3881,4,43,47
7272,2011-11-04,4,0,11,14,0,5,1,1,0.44,0.4394,0.47,0.2985,54,147,201
5247,2011-08-11,3,0,8,12,0,4,1,1,0.78,0.6818,0.31,0.2537,50,164,214
1260,2011-02-25,1,0,2,15,0,5,1,1,0.46,0.4545,0.41,0.806,5,50,55
7174,2011-10-31,4,0,10,12,0,1,1,1,0.42,0.4242,0.44,0.2239,30,140,170
1889,2011-03-24,2,0,3,11,0,4,1,2,0.3,0.2727,0.81,0.2985,10,61,71
8582,2011-12-29,1,0,12,8,0,4,1,2,0.2,0.2576,0.64,0,3,207,210
712,2011-02-02,1,0,2,0,0,3,1,3,0.22,0.2424,0.93,0.1045,0,2,2
16644,2012-12-01,4,1,12,6,0,6,0,1,0.24,0.2424,0.87,0.1343,7,20,27
9897,2012-02-22,1,1,2,9,0,3,1,1,0.32,0.3333,0.7,0.0896,11,241,252
13461,2012-07-20,3,1,7,1,0,5,1,1,0.66,0.5909,0.89,0.1343,2,9,11
7938,2011-12-02,4,0,12,9,0,5,1,1,0.28,0.3182,0.81,0,12,234,246
4809,2011-07-24,3,0,7,6,0,0,0,2,0.8,0.7879,0.63,0.0896,9,13,22
3330,2011-05-23,2,0,5,15,0,1,1,2,0.72,0.6818,0.62,0.4478,57,119,176
3294,2011-05-22,2,0,5,3,0,0,0,1,0.5,0.4848,1,0.1045,10,23,33
10466,2012-03-17,1,1,3,4,0,6,0,2,0.42,0.4242,0.94,0,0,2,2
9211,2012-01-24,1,1,1,16,0,2,1,1,0.4,0.4091,0.71,0.1343,35,243,278
16153,2012-11-10,4,1,11,18,0,6,0,1,0.44,0.4394,0.54,0.1343,103,256,359
5552,2011-08-24,3,0,8,5,0,3,1,1,0.56,0.5303,0.73,0.1045,1,26,27
12140,2012-05-26,2,1,5,0,0,6,0,1,0.64,0.5758,0.83,0.1642,18,98,116
8297,2011-12-17,4,0,12,8,0,6,0,2,0.26,0.2576,0.56,0.2239,4,55,59
9179,2012-01-23,1,1,1,8,0,1,1,3,0.2,0.2121,0.86,0.1343,5,267,272
1795,2011-03-20,1,0,3,11,0,0,0,1,0.34,0.3485,0.39,0.1045,92,111,203
12898,2012-06-26,3,1,6,14,0,2,1,1,0.7,0.6364,0.3,0.4627,81,186,267
5918,2011-09-09,3,0,9,2,0,5,1,2,0.62,0.5152,1,0.2537,1,7,8
5025,2011-08-02,3,0,8,6,0,2,1,1,0.68,0.6364,0.69,0.1045,12,105,117
1659,2011-03-14,1,0,3,16,0,1,1,1,0.4,0.4091,0.35,0.1045,27,80,107
213,2011-01-10,1,0,1,3,0,1,1,1,0.12,0.1212,0.5,0.2239,0,1,1
12656,2012-06-16,2,1,6,12,0,6,0,1,0.68,0.6364,0.41,0.1045,254,349,603
16674,2012-12-02,4,1,12,12,0,0,0,2,0.34,0.3333,0.81,0.1642,111,409,520
4420,2011-07-08,3,0,7,1,0,5,1,1,0.72,0.697,0.79,0,9,25,34
16909,2012-12-12,4,1,12,7,0,3,1,2,0.26,0.2576,0.6,0.194,3,366,369
5194,2011-08-09,3,0,8,7,0,2,1,1,0.72,0.697,0.74,0.1045,30,313,343
8527,2011-12-27,1,0,12,0,0,2,1,1,0.26,0.2576,0.7,0.1642,3,9,12
2167,2011-04-05,2,0,4,3,0,2,1,2,0.54,0.5152,0.73,0.3284,1,3,4
3111,2011-05-14,2,0,5,12,0,6,0,3,0.52,0.5,1,0.0896,75,204,279
793,2011-02-05,1,0,2,11,0,6,0,3,0.22,0.2273,1,0.1343,1,46,47
234,2011-01-11,1,0,1,0,0,2,1,1,0.14,0.1667,0.59,0.1045,2,10,12
10502,2012-03-18,1,1,3,16,0,0,0,1,0.54,0.5152,0.73,0.0896,229,312,541
13555,2012-07-23,3,1,7,23,0,1,1,1,0.72,0.6818,0.66,0.1642,16,98,114
210,2011-01-10,1,0,1,0,0,1,1,1,0.12,0.1212,0.5,0.2836,2,3,5
10307,2012-03-10,1,1,3,12,0,6,0,1,0.3,0.2727,0.33,0.3284,88,241,329
11731,2012-05-08,2,1,5,23,0,2,1,3,0.6,0.5758,0.78,0.3284,10,53,63
4499,2011-07-11,3,0,7,8,0,1,1,1,0.74,0.697,0.66,0.2836,35,385,420
11698,2012-05-07,2,1,5,14,0,1,1,2,0.62,0.6212,0.5,0.3582,59,180,239
2414,2011-04-15,2,0,4,11,1,5,0,1,0.52,0.5,0.55,0.194,41,95,136
6599,2011-10-07,4,0,10,12,0,5,1,1,0.6,0.6212,0.53,0,61,174,235
12462,2012-06-08,2,1,6,10,0,5,1,1,0.66,0.6212,0.47,0.2537,62,187,249
835,2011-02-07,1,0,2,5,0,1,1,1,0.2,0.2576,0.86,0,1,9,10
8075,2011-12-08,4,0,12,2,0,4,1,1,0.28,0.2727,0.65,0.2239,0,4,4
9490,2012-02-05,1,1,2,7,0,0,0,2,0.24,0.2424,0.75,0.1642,0,16,16
6036,2011-09-14,3,0,9,1,0,3,1,1,0.62,0.5909,0.78,0.0896,1,7,8
1221,2011-02-23,1,0,2,22,0,3,1,1,0.24,0.2879,0.48,0,1,60,61
8770,2012-01-06,1,1,1,5,0,5,1,2,0.2,0.2121,0.8,0.1343,0,13,13
6553,2011-10-05,4,0,10,14,0,3,1,1,0.64,0.6212,0.41,0.2836,34,156,190
1388,2011-03-03,1,0,3,2,0,4,1,1,0.2,0.1667,0.27,0.4627,1,2,3
2002,2011-03-29,2,0,3,6,0,2,1,1,0.22,0.2121,0.41,0.2985,4,46,50
5610,2011-08-26,3,0,8,15,0,5,1,2,0.8,0.7727,0.59,0.194,53,196,249
4582,2011-07-14,3,0,7,19,0,4,1,1,0.72,0.6515,0.39,0.2239,67,333,400
2524,2011-04-20,2,0,4,1,0,3,1,1,0.42,0.4242,0.94,0.1642,2,5,7
16011,2012-11-04,4,1,11,19,0,0,0,1,0.36,0.3333,0.43,0.2537,24,203,227
7260,2011-11-04,4,0,11,2,0,5,1,2,0.4,0.4091,0.76,0,2,8,10
16276,2012-11-15,4,1,11,21,0,4,1,2,0.32,0.3333,0.66,0.1045,20,204,224
3079,2011-05-13,2,0,5,4,0,5,1,3,0.5,0.4848,0.88,0.1642,2,3,5
7461,2011-11-12,4,0,11,11,0,6,0,1,0.38,0.3939,0.54,0.2836,102,213,315
13598,2012-07-25,3,1,7,18,0,3,1,1,0.8,0.697,0.27,0.1343,104,787,891
4783,2011-07-23,3,0,7,4,0,6,0,1,0.76,0.7273,0.66,0.1045,5,4,9
14327,2012-08-25,3,1,8,3,0,6,0,1,0.66,0.6212,0.69,0.0896,7,31,38
4382,2011-07-06,3,0,7,11,0,3,1,2,0.72,0.697,0.74,0,24,103,127
13202,2012-07-09,3,1,7,6,0,1,1,3,0.64,0.5758,0.89,0.2537,6,86,92
10156,2012-03-04,1,1,3,5,0,0,0,2,0.34,0.3182,0.46,0.2239,0,5,5
14500,2012-09-01,3,1,9,8,0,6,0,2,0.76,0.7121,0.58,0.2537,28,134,162
7643,2011-11-20,4,0,11,1,0,0,0,1,0.4,0.4091,0.62,0.2537,11,73,84
8068,2011-12-07,4,0,12,19,0,3,1,3,0.34,0.2879,0.87,0.6418,2,31,33
6453,2011-10-01,4,0,10,10,0,6,0,3,0.4,0.4091,0.76,0.3582,21,100,121
12253,2012-05-30,2,1,5,17,0,3,1,1,0.74,0.6667,0.48,0.0896,83,756,839
2166,2011-04-05,2,0,4,2,0,2,1,2,0.54,0.5152,0.73,0.3284,0,5,5
17226,2012-12-25,1,1,12,14,1,2,0,1,0.38,0.3939,0.46,0.2985,58,68,126
3804,2011-06-12,2,0,6,9,0,0,0,1,0.72,0.6818,0.66,0,75,107,182
12172,2012-05-27,2,1,5,8,0,0,0,1,0.64,0.5758,0.83,0.194,69,82,151
15054,2012-09-24,4,1,9,10,0,1,1,1,0.54,0.5152,0.49,0.2239,52,146,198
10568,2012-03-21,2,1,3,10,0,3,1,2,0.52,0.5,0.83,0.1642,30,124,154
11213,2012-04-17,2,1,4,9,0,2,1,1,0.6,0.6212,0.38,0.4925,71,329,400
12730,2012-06-19,2,1,6,14,0,2,1,1,0.76,0.7121,0.58,0.1045,61,166,227
7638,2011-11-19,4,0,11,20,0,6,0,2,0.36,0.3636,0.57,0.1045,48,115,163
11232,2012-04-18,2,1,4,4,0,3,1,2,0.5,0.4848,0.42,0.2836,0,7,7
9843,2012-02-20,1,1,2,1,1,1,0,2,0.24,0.2576,0.87,0.0896,3,12,15
1387,2011-03-03,1,0,3,1,0,4,1,1,0.24,0.197,0.3,0.4627,0,1,1
17371,2012-12-31,1,1,12,15,0,1,1,2,0.28,0.2879,0.45,0.1343,69,246,315
11605,2012-05-03,2,1,5,17,0,4,1,1,0.72,0.6667,0.54,0.1343,87,617,704
16396,2012-11-20,4,1,11,21,0,2,1,1,0.36,0.3788,0.71,0,14,143,157
14409,2012-08-28,3,1,8,13,0,2,1,1,0.82,0.7424,0.43,0.2985,56,232,288
11236,2012-04-18,2,1,4,8,0,3,1,3,0.5,0.4848,0.39,0.194,25,551,576
3096,2011-05-13,2,0,5,21,0,5,1,2,0.52,0.5,0.84,0.1642,24,130,154
3286,2011-05-21,2,0,5,19,0,6,0,1,0.68,0.6364,0.47,0.1642,117,184,301
9535,2012-02-07,1,1,2,5,0,2,1,1,0.32,0.3333,0.49,0.0896,0,15,15
7848,2011-11-28,4,0,11,15,0,1,1,1,0.58,0.5455,0.6,0.1642,18,132,150
1314,2011-02-27,1,0,2,22,0,0,0,2,0.38,0.3939,0.62,0.1045,2,67,69
9407,2012-02-01,1,1,2,20,0,3,1,1,0.52,0.5,0.52,0.1642,10,254,264
8421,2011-12-22,1,0,12,12,0,4,1,2,0.48,0.4697,0.55,0,22,180,202
10352,2012-03-12,1,1,3,10,0,1,1,1,0.4,0.4091,0.5,0.2239,39,98,137
13940,2012-08-09,3,1,8,0,0,4,1,1,0.72,0.697,0.74,0.194,16,51,67
5073,2011-08-04,3,0,8,6,0,4,1,2,0.68,0.6364,0.89,0.2985,7,90,97
11028,2012-04-09,2,1,4,15,0,1,1,1,0.58,0.5455,0.28,0.5522,82,173,255
12083,2012-05-23,2,1,5,15,0,3,1,2,0.7,0.6515,0.61,0,65,192,257
10935,2012-04-05,2,1,4,18,0,4,1,1,0.5,0.4848,0.31,0.1045,80,618,698
2270,2011-04-09,2,0,4,10,0,6,0,2,0.34,0.3333,0.87,0.1343,43,90,133
14113,2012-08-16,3,1,8,5,0,4,1,1,0.6,0.5758,0.78,0.1642,7,30,37
9433,2012-02-02,1,1,2,22,0,4,1,1,0.32,0.2879,0.49,0.4179,3,106,109
12275,2012-05-31,2,1,5,15,0,4,1,1,0.76,0.6667,0.33,0.2985,81,209,290
8599,2011-12-30,1,0,12,1,0,5,1,1,0.26,0.2879,0.65,0.0896,9,11,20
12980,2012-06-30,3,1,6,0,0,6,0,3,0.64,0.5758,0.89,0.1642,4,65,69
14775,2012-09-12,3,1,9,19,0,3,1,1,0.64,0.6212,0.5,0.194,78,557,635
12062,2012-05-22,2,1,5,18,0,2,1,1,0.68,0.6364,0.61,0.1343,76,709,785
9810,2012-02-18,1,1,2,16,0,6,0,1,0.44,0.4394,0.44,0.3284,186,218,404
15116,2012-09-27,4,1,9,0,0,4,1,1,0.6,0.5758,0.78,0.0896,5,60,65
16953,2012-12-14,4,1,12,3,0,5,1,1,0.2,0.2273,0.69,0.1045,0,12,12
9547,2012-02-07,1,1,2,17,0,2,1,1,0.44,0.4394,0.35,0.194,15,494,509
1542,2011-03-09,1,0,3,14,0,3,1,2,0.34,0.303,0.76,0.2985,10,61,71
12784,2012-06-21,3,1,6,20,0,4,1,1,0.86,0.7879,0.44,0.194,79,357,436
4608,2011-07-15,3,0,7,21,0,5,1,1,0.66,0.6212,0.54,0.1045,75,186,261
12871,2012-06-25,3,1,6,11,0,1,1,1,0.8,0.7273,0.43,0.3284,54,127,181
8435,2011-12-23,1,0,12,2,0,5,1,3,0.38,0.3939,0.94,0.1343,1,12,13
7112,2011-10-28,4,0,10,22,0,5,1,3,0.3,0.2879,0.75,0.2836,4,32,36
5539,2011-08-23,3,0,8,16,0,2,1,1,0.72,0.6515,0.32,0.1343,133,311,444
4467,2011-07-10,3,0,7,0,0,0,0,1,0.7,0.6515,0.61,0.1642,42,112,154
9064,2012-01-18,1,1,1,13,0,3,1,1,0.3,0.2727,0.42,0.4627,6,124,130
12504,2012-06-10,2,1,6,4,0,0,0,1,0.62,0.5909,0.78,0.0896,1,9,10
12212,2012-05-29,2,1,5,0,0,2,1,1,0.7,0.6667,0.79,0.194,12,33,45
6124,2011-09-17,3,0,9,17,0,6,0,1,0.52,0.5,0.72,0.2239,141,218,359
8564,2011-12-28,1,0,12,14,0,3,1,1,0.32,0.2879,0.39,0.3881,24,96,120
3772,2011-06-11,2,0,6,1,0,6,0,1,0.7,0.6667,0.79,0.0896,10,67,77
1110,2011-02-18,1,0,2,23,0,5,1,1,0.52,0.5,0.08,0.2836,16,61,77
4656,2011-07-17,3,0,7,21,0,0,0,1,0.74,0.6818,0.62,0.2239,59,148,207
13842,2012-08-04,3,1,8,22,0,6,0,1,0.76,0.7273,0.66,0.2836,104,165,269
15360,2012-10-07,4,1,10,4,0,0,0,2,0.44,0.4394,0.54,0.2537,5,6,11
14950,2012-09-20,3,1,9,2,0,4,1,1,0.46,0.4545,0.72,0.0896,2,9,11
14534,2012-09-02,3,1,9,18,0,0,0,1,0.74,0.7121,0.74,0,227,273,500
7096,2011-10-28,4,0,10,6,0,5,1,1,0.28,0.2727,0.65,0.2537,1,74,75
12684,2012-06-17,2,1,6,16,0,0,0,1,0.66,0.6212,0.54,0.2985,240,340,580
1738,2011-03-18,1,0,3,1,0,5,1,1,0.4,0.4091,0.62,0.2537,4,12,16
12748,2012-06-20,2,1,6,8,0,3,1,2,0.7,0.6667,0.79,0.1045,43,600,643
8962,2012-01-14,1,1,1,6,0,6,0,1,0.14,0.1515,0.5,0,0,5,5
562,2011-01-25,1,0,1,14,0,2,1,2,0.3,0.3333,0.45,0,11,57,68
9426,2012-02-02,1,1,2,15,0,4,1,1,0.46,0.4545,0.67,0.1642,24,150,174
3346,2011-05-24,2,0,5,7,0,2,1,3,0.64,0.5909,0.78,0.194,26,288,314
8315,2011-12-18,4,0,12,2,0,0,0,1,0.22,0.2424,0.55,0.1045,2,39,41
11657,2012-05-05,2,1,5,21,0,6,0,2,0.58,0.5455,0.78,0.2239,86,183,269
10871,2012-04-03,2,1,4,2,0,2,1,1,0.36,0.3485,0.53,0.1642,0,5,5
59,2011-01-03,1,0,1,13,0,1,1,1,0.24,0.2121,0.35,0.2836,8,53,61
10781,2012-03-30,2,1,3,7,0,5,1,1,0.32,0.3182,0.57,0.1642,9,280,289
10150,2012-03-03,1,1,3,23,0,6,0,1,0.42,0.4242,0.24,0,12,94,106
8406,2011-12-21,1,0,12,21,0,3,1,1,0.5,0.4848,0.88,0.2836,9,114,123
15906,2012-10-31,4,1,10,10,0,3,1,1,0.36,0.3333,0.71,0.2836,21,147,168
17294,2012-12-28,1,1,12,10,0,5,1,2,0.26,0.2424,0.56,0.2537,77,85,162
11800,2012-05-11,2,1,5,20,0,5,1,1,0.62,0.6061,0.25,0.1343,64,277,341
14271,2012-08-22,3,1,8,19,0,3,1,2,0.66,0.6212,0.74,0,56,524,580
1650,2011-03-14,1,0,3,7,0,1,1,2,0.28,0.3182,0.61,0,4,84,88
4637,2011-07-17,3,0,7,2,0,0,0,1,0.64,0.6061,0.69,0.2239,28,66,94
2511,2011-04-19,2,0,4,12,0,2,1,2,0.54,0.5152,0.64,0.0896,19,84,103
939,2011-02-11,1,0,2,17,0,5,1,1,0.3,0.3333,0.24,0,18,193,211
396,2011-01-17,1,0,1,23,1,1,0,3,0.16,0.1364,0.86,0.2836,1,3,4
17213,2012-12-25,1,1,12,0,1,2,0,3,0.24,0.2576,0.93,0.0896,3,10,13
13142,2012-07-06,3,1,7,18,0,5,1,1,0.9,0.803,0.33,0.2537,106,454,560
3871,2011-06-15,2,0,6,4,0,3,1,1,0.5,0.4848,0.63,0.2836,0,4,4
16971,2012-12-14,4,1,12,21,0,5,1,1,0.3,0.303,0.75,0.1642,7,165,172
2908,2011-05-06,2,0,5,1,0,5,1,1,0.4,0.4091,0.62,0.1642,8,24,32
12048,2012-05-22,2,1,5,4,0,2,1,2,0.56,0.5303,0.88,0.1642,0,7,7
5994,2011-09-12,3,0,9,7,0,1,1,1,0.58,0.5455,0.83,0,12,300,312
16559,2012-11-27,4,1,11,16,0,2,1,2,0.3,0.2727,0.75,0.2985,5,252,257
4416,2011-07-07,3,0,7,21,0,4,1,1,0.74,0.6818,0.62,0.1642,39,170,209
14151,2012-08-17,3,1,8,19,0,5,1,2,0.74,0.2424,0.55,0.3881,88,403,491
12674,2012-06-17,2,1,6,6,0,0,0,1,0.52,0.5,0.72,0.1045,7,16,23
12424,2012-06-06,2,1,6,20,0,3,1,1,0.54,0.5152,0.73,0.2836,59,349,408
16316,2012-11-17,4,1,11,13,0,6,0,1,0.42,0.4242,0.38,0.2537,179,346,525
3950,2011-06-18,2,0,6,11,0,6,0,1,0.72,0.6818,0.62,0.1343,134,270,404
17318,2012-12-29,1,1,12,10,0,6,0,3,0.26,0.2424,0.81,0.1343,6,35,41
12195,2012-05-28,2,1,5,7,1,1,0,1,0.62,0.5909,0.78,0.1045,24,43,67
2073,2011-04-01,2,0,4,5,0,5,1,3,0.24,0.2273,0.93,0.2239,1,11,12
5823,2011-09-05,3,0,9,1,1,1,0,2,0.68,0.6364,0.79,0.1045,19,35,54
10123,2012-03-02,1,1,3,20,0,5,1,2,0.36,0.3485,0.87,0.194,7,93,100
3514,2011-05-31,2,0,5,7,0,2,1,1,0.74,0.697,0.66,0.1045,16,219,235
10856,2012-04-02,2,1,4,11,0,1,1,1,0.42,0.4242,0.47,0.4478,81,128,209
7965,2011-12-03,4,0,12,12,0,6,0,1,0.36,0.3788,0.5,0,78,280,358
14677,2012-09-08,3,1,9,17,0,6,0,3,0.58,0.5455,0.83,0.194,52,119,171
7483,2011-11-13,4,0,11,9,0,0,0,1,0.4,0.4091,0.54,0.2836,38,97,135
14480,2012-08-31,3,1,8,12,0,5,1,1,0.86,0.7424,0.26,0.2537,120,290,410
10388,2012-03-13,1,1,3,22,0,2,1,1,0.56,0.5303,0.6,0.0896,24,146,170
767,2011-02-04,1,0,2,9,0,5,1,2,0.16,0.1818,0.8,0.1343,3,124,127
10243,2012-03-07,1,1,3,20,0,3,1,1,0.5,0.4848,0.51,0.2537,18,242,260
3783,2011-06-11,2,0,6,12,0,6,0,1,0.8,0.7576,0.55,0.2239,112,235,347
13278,2012-07-12,3,1,7,10,0,4,1,1,0.74,0.6667,0.48,0.1642,69,145,214
16426,2012-11-22,4,1,11,3,1,4,0,1,0.24,0.2576,0.75,0.1045,0,6,6
2861,2011-05-04,2,0,5,2,0,3,1,3,0.5,0.4848,0.82,0.2836,0,4,4
1222,2011-02-23,1,0,2,23,0,3,1,1,0.22,0.2576,0.55,0.0896,1,38,39
4865,2011-07-26,3,0,7,14,0,2,1,1,0.86,0.7424,0.3,0.2836,46,101,147
10754,2012-03-29,2,1,3,4,0,4,1,1,0.52,0.5,0.36,0.2537,1,8,9
9991,2012-02-26,1,1,2,7,0,0,0,1,0.2,0.1818,0.51,0.2985,2,20,22
4925,2011-07-29,3,0,7,2,0,5,1,1,0.74,0.7121,0.79,0,3,10,13
4533,2011-07-12,3,0,7,18,0,2,1,1,0.86,0.803,0.47,0.2985,39,472,511
1673,2011-03-15,1,0,3,7,0,2,1,1,0.24,0.2424,0.75,0.1642,10,109,119
10938,2012-04-05,2,1,4,21,0,4,1,1,0.42,0.4242,0.47,0.194,25,209,234
4056,2011-06-22,3,0,6,21,0,3,1,1,0.74,0.7121,0.79,0.1642,31,216,247
6953,2011-10-22,4,0,10,7,0,6,0,1,0.36,0.3636,0.76,0.1045,8,49,57
13710,2012-07-30,3,1,7,10,0,1,1,2,0.74,0.697,0.66,0.2239,54,135,189
11010,2012-04-08,2,1,4,21,0,0,0,1,0.52,0.5,0.34,0.2239,53,77,130
12155,2012-05-26,2,1,5,15,0,6,0,1,0.76,0.7273,0.66,0.2836,274,239,513
11449,2012-04-27,2,1,4,5,0,5,1,1,0.42,0.4242,0.44,0.3582,0,19,19
16130,2012-11-09,4,1,11,19,0,5,1,1,0.34,0.3485,0.71,0.0896,30,331,361
10500,2012-03-18,1,1,3,14,0,0,0,2,0.5,0.4848,0.77,0.0896,218,303,521
9937,2012-02-24,1,1,2,1,0,5,1,1,0.44,0.4394,0.62,0.194,3,15,18
4318,2011-07-03,3,0,7,19,0,0,0,2,0.66,0.6061,0.83,0.194,100,83,183
12552,2012-06-12,2,1,6,4,0,2,1,3,0.6,0.5455,0.88,0.1642,0,4,4
7386,2011-11-09,4,0,11,8,0,3,1,1,0.32,0.3485,0.93,0,19,437,456
5520,2011-08-22,3,0,8,21,0,1,1,1,0.64,0.6212,0.38,0.194,28,180,208
859,2011-02-08,1,0,2,5,0,2,1,1,0.26,0.2273,0.81,0.3284,0,2,2
9812,2012-02-18,1,1,2,18,0,6,0,1,0.46,0.4545,0.38,0.2985,70,176,246
4440,2011-07-08,3,0,7,21,0,5,1,2,0.66,0.6061,0.83,0.2537,46,158,204
14403,2012-08-28,3,1,8,7,0,2,1,2,0.66,0.6061,0.83,0.1045,14,255,269
596,2011-01-28,1,0,1,0,0,5,1,2,0.2,0.2121,0.75,0.1343,0,9,9
7800,2011-11-26,4,0,11,14,0,6,0,2,0.48,0.4697,0.48,0.1343,141,158,299
1952,2011-03-27,2,0,3,2,0,0,0,3,0.22,0.2273,0.55,0.194,6,15,21
11691,2012-05-07,2,1,5,7,0,1,1,2,0.48,0.4697,0.82,0.1045,18,367,385
10779,2012-03-30,2,1,3,5,0,5,1,1,0.32,0.3333,0.61,0.0896,0,26,26
11295,2012-04-20,2,1,4,19,0,5,1,1,0.6,0.6212,0.53,0.194,82,410,492
6945,2011-10-21,4,0,10,23,0,5,1,1,0.4,0.4091,0.62,0.2239,18,99,117
7831,2011-11-27,4,0,11,21,0,0,0,1,0.48,0.4697,0.67,0.2836,13,75,88
2514,2011-04-19,2,0,4,15,0,2,1,2,0.54,0.5152,0.65,0.1642,44,83,127
15786,2012-10-24,4,1,10,22,0,3,1,2,0.6,0.6061,0.64,0.1343,30,208,238
5560,2011-08-24,3,0,8,13,0,3,1,1,0.76,0.6818,0.48,0.4179,56,180,236
17252,2012-12-26,1,1,12,16,0,3,1,3,0.26,0.2273,0.87,0.3582,0,13,13
7861,2011-11-29,4,0,11,4,0,2,1,2,0.52,0.5,0.83,0.3284,1,5,6
14478,2012-08-31,3,1,8,10,0,5,1,1,0.76,0.7121,0.62,0.0896,59,197,256
4701,2011-07-19,3,0,7,18,0,2,1,1,0.8,0.803,0.66,0.1343,80,450,530
2234,2011-04-07,2,0,4,22,0,4,1,2,0.4,0.4091,0.76,0.194,18,63,81
16317,2012-11-17,4,1,11,14,0,6,0,1,0.42,0.4242,0.38,0.194,175,380,555
7957,2011-12-03,4,0,12,4,0,6,0,1,0.22,0.2273,0.75,0.1343,1,7,8
1177,2011-02-21,1,0,2,19,1,1,0,2,0.24,0.2121,0.87,0.3582,0,49,49
15110,2012-09-26,4,1,9,18,0,3,1,1,0.74,0.6667,0.48,0.2239,69,815,884
15127,2012-09-27,4,1,9,11,0,4,1,2,0.72,0.6667,0.51,0.1642,67,227,294
9700,2012-02-14,1,1,2,2,0,2,1,2,0.28,0.3182,0.41,0,0,3,3
8995,2012-01-15,1,1,1,15,0,0,0,1,0.22,0.2273,0.27,0.194,33,173,206
11317,2012-04-21,2,1,4,17,0,6,0,2,0.74,0.6515,0.3,0.3881,259,309,568
11180,2012-04-16,2,1,4,0,1,1,0,1,0.64,0.6212,0.53,0.3284,15,26,41
12916,2012-06-27,3,1,6,8,0,3,1,1,0.62,0.6212,0.43,0.3284,49,638,687
4242,2011-06-30,3,0,6,15,0,4,1,1,0.78,0.6667,0.25,0.2537,64,176,240
5425,2011-08-18,3,0,8,22,0,4,1,2,0.7,0.6667,0.74,0.1045,18,117,135
7448,2011-11-11,4,0,11,22,1,5,0,1,0.32,0.3182,0.39,0.194,13,78,91
3402,2011-05-26,2,0,5,15,0,4,1,2,0.82,0.7576,0.46,0.2836,40,101,141
7493,2011-11-13,4,0,11,19,0,0,0,1,0.5,0.4848,0.29,0.3582,36,121,157
1551,2011-03-09,1,0,3,23,0,3,1,3,0.34,0.3333,0.93,0.194,1,17,18
1010,2011-02-14,1,0,2,17,0,1,1,1,0.46,0.4545,0.33,0.6119,25,218,243
11237,2012-04-18,2,1,4,9,0,3,1,3,0.48,0.4697,0.44,0.2985,20,245,265
16520,2012-11-26,4,1,11,1,0,1,1,1,0.2,0.2576,0.69,0,1,9,10
5096,2011-08-05,3,0,8,5,0,5,1,1,0.64,0.5909,0.78,0.0896,0,16,16
649,2011-01-30,1,0,1,8,0,0,0,2,0.14,0.2121,0.86,0,1,11,12
13326,2012-07-14,3,1,7,10,0,6,0,2,0.72,0.6818,0.7,0.0896,123,278,401
4976,2011-07-31,3,0,7,5,0,0,0,1,0.72,0.6818,0.69,0,4,4,8
14028,2012-08-12,3,1,8,16,0,0,0,1,0.76,0.6818,0.4,0.1045,213,300,513
9865,2012-02-21,1,1,2,0,0,2,1,1,0.26,0.303,0.65,0,1,11,12
8743,2012-01-05,1,1,1,2,0,4,1,1,0.2,0.2273,0.51,0.0896,0,4,4
8170,2011-12-12,4,0,12,1,0,1,1,1,0.2,0.2576,0.69,0,0,9,9
10126,2012-03-02,1,1,3,23,0,5,1,2,0.36,0.3788,0.87,0,4,19,23
6861,2011-10-18,4,0,10,10,0,2,1,2,0.56,0.5303,0.68,0,27,75,102
17237,2012-12-26,1,1,12,1,0,3,1,2,0.26,0.2273,0.65,0.2985,0,7,7
15925,2012-11-01,4,1,11,5,0,4,1,1,0.34,0.3333,0.66,0.1343,1,39,40
14888,2012-09-17,3,1,9,12,0,1,1,2,0.62,0.6061,0.69,0.194,62,233,295
8700,2012-01-03,1,1,1,7,0,2,1,1,0.14,0.1212,0.59,0.2537,2,168,170
212,2011-01-10,1,0,1,2,0,1,1,1,0.12,0.1212,0.5,0.2239,0,3,3
14097,2012-08-15,3,1,8,13,0,3,1,2,0.78,0.7121,0.49,0.194,88,206,294
6344,2011-09-26,4,0,9,21,0,1,1,1,0.64,0.5758,0.89,0.1343,18,164,182
1782,2011-03-19,1,0,3,22,0,6,0,1,0.4,0.4091,0.37,0.3284,27,45,72
3544,2011-06-01,2,0,6,13,0,3,1,1,0.9,0.8182,0.37,0.194,29,125,154
1439,2011-03-05,1,0,3,5,0,6,0,2,0.3,0.303,1,0.1343,0,3,3
2869,2011-05-04,2,0,5,10,0,3,1,2,0.34,0.3182,0.93,0.2836,5,26,31
2435,2011-04-16,2,0,4,8,0,6,0,3,0.4,0.4091,0.87,0.3582,7,38,45
6831,2011-10-17,4,0,10,4,0,1,1,1,0.52,0.5,0.59,0.1642,2,3,5
4793,2011-07-23,3,0,7,14,0,6,0,1,0.92,0.8939,0.42,0,84,152,236
12217,2012-05-29,2,1,5,5,0,2,1,1,0.66,0.6061,0.78,0.2239,1,32,33
11406,2012-04-25,2,1,4,10,0,3,1,1,0.52,0.5,0.34,0,44,138,182
6476,2011-10-02,4,0,10,9,0,0,0,1,0.36,0.3333,0.76,0.3582,19,96,115
16460,2012-11-23,4,1,11,13,0,5,1,1,0.46,0.4545,0.38,0.2836,224,200,424
9016,2012-01-16,1,1,1,12,1,1,0,1,0.2,0.1818,0.55,0.3284,20,165,185
14343,2012-08-25,3,1,8,19,0,6,0,2,0.64,0.5909,0.78,0.2985,97,257,354
12211,2012-05-28,2,1,5,23,1,1,0,1,0.72,0.697,0.74,0.1642,22,60,82
13,2011-01-01,1,0,1,12,0,6,0,1,0.42,0.4242,0.77,0.2836,29,55,84
14964,2012-09-20,3,1,9,16,0,4,1,1,0.64,0.6212,0.47,0.1642,72,385,457
819,2011-02-06,1,0,2,13,0,0,0,1,0.34,0.3636,0.46,0,47,135,182
13584,2012-07-25,3,1,7,4,0,3,1,1,0.64,0.6061,0.65,0.2239,0,4,4
8185,2011-12-12,4,0,12,16,0,1,1,2,0.32,0.3333,0.57,0.0896,5,209,214
454,2011-01-20,1,0,1,22,0,4,1,2,0.24,0.2121,0.65,0.2836,0,56,56
17123,2012-12-21,1,1,12,5,0,5,1,2,0.34,0.303,0.76,0.4179,0,13,13
3458,2011-05-28,2,0,5,23,0,6,0,1,0.64,0.5758,0.83,0.194,44,81,125
14543,2012-09-03,3,1,9,3,1,1,0,1,0.66,0.5909,0.89,0.1343,6,22,28
16094,2012-11-08,4,1,11,7,0,4,1,1,0.28,0.2576,0.36,0.3881,12,411,423
9738,2012-02-15,1,1,2,16,0,3,1,1,0.42,0.4242,0.38,0.194,9,222,231
14666,2012-09-08,3,1,9,6,0,6,0,2,0.66,0.5909,0.89,0.2836,8,26,34
941,2011-02-11,1,0,2,19,0,5,1,1,0.26,0.303,0.33,0,7,94,101
2740,2011-04-29,2,0,4,1,0,5,1,1,0.5,0.4848,0.45,0.0896,10,21,31
13688,2012-07-29,3,1,7,12,0,0,0,1,0.76,0.697,0.55,0.3284,154,357,511
11813,2012-05-12,2,1,5,9,0,6,0,1,0.54,0.5152,0.49,0,87,248,335
9177,2012-01-23,1,1,1,6,0,1,1,2,0.2,0.2576,0.86,0,6,36,42
11790,2012-05-11,2,1,5,10,0,5,1,1,0.52,0.5,0.36,0.3284,69,141,210
16993,2012-12-15,4,1,12,19,0,6,0,1,0.36,0.3485,0.62,0.1343,32,225,257
4072,2011-06-23,3,0,6,13,0,4,1,2,0.76,0.7121,0.62,0.2836,37,149,186
1401,2011-03-03,1,0,3,15,0,4,1,1,0.24,0.2879,0.23,0,6,62,68
7691,2011-11-22,4,0,11,1,0,2,1,3,0.4,0.4091,0.94,0.1343,1,5,6
8223,2011-12-14,4,0,12,6,0,3,1,2,0.26,0.303,0.87,0,0,87,87
14869,2012-09-16,3,1,9,17,0,0,0,1,0.66,0.6212,0.41,0,177,393,570
6364,2011-09-27,4,0,9,17,0,2,1,2,0.66,0.5909,0.89,0.194,50,480,530
5797,2011-09-03,3,0,9,23,0,6,0,1,0.66,0.6212,0.85,0.1343,46,77,123
3678,2011-06-07,2,0,6,3,0,2,1,1,0.6,0.5909,0.73,0.0896,1,1,2
16793,2012-12-07,4,1,12,11,0,5,1,2,0.32,0.3182,0.76,0.194,20,183,203
11808,2012-05-12,2,1,5,4,0,6,0,1,0.44,0.4394,0.67,0.1045,3,6,9
11488,2012-04-28,2,1,4,20,0,6,0,2,0.38,0.3939,0.66,0,21,81,102
8886,2012-01-11,1,1,1,2,0,3,1,1,0.2,0.2121,0.85,0.1642,0,5,5
10291,2012-03-09,1,1,3,20,0,5,1,1,0.38,0.3939,0.32,0.3582,3,156,159
5189,2011-08-09,3,0,8,2,0,2,1,1,0.72,0.6818,0.7,0,9,3,12
11015,2012-04-09,2,1,4,2,0,1,1,1,0.46,0.4545,0.31,0.194,2,4,6
1109,2011-02-18,1,0,2,22,0,5,1,1,0.54,0.5152,0.1,0.2537,19,88,107
14141,2012-08-17,3,1,8,9,0,5,1,1,0.7,0.2424,0.58,0.1045,58,320,378
3230,2011-05-19,2,0,5,11,0,4,1,3,0.54,0.5152,0.88,0.1642,53,111,164
10655,2012-03-25,2,1,3,1,0,0,0,2,0.42,0.4242,1,0.2537,24,65,89
11636,2012-05-05,2,1,5,0,0,6,0,1,0.6,0.5606,0.83,0,42,111,153
10079,2012-03-01,1,1,3,0,0,4,1,2,0.42,0.4242,0.94,0,1,10,11
12360,2012-06-04,2,1,6,4,0,1,1,1,0.54,0.5152,0.64,0.0896,2,6,8
5836,2011-09-05,3,0,9,14,1,1,0,1,0.74,0.697,0.7,0.1642,145,212,357
4327,2011-07-04,3,0,7,4,1,1,0,2,0.66,0.6061,0.78,0.0896,8,4,12
11362,2012-04-23,2,1,4,14,0,1,1,3,0.36,0.3182,0.62,0.4478,12,102,114
12633,2012-06-15,2,1,6,13,0,5,1,1,0.7,0.6364,0.42,0.2537,121,272,393
2554,2011-04-21,2,0,4,7,0,4,1,2,0.42,0.4242,0.47,0.4627,15,183,198
2687,2011-04-26,2,0,4,20,0,2,1,1,0.64,0.6061,0.73,0.3582,35,199,234
15976,2012-11-03,4,1,11,8,0,6,0,2,0.34,0.303,0.46,0.2985,10,132,142
1564,2011-03-10,1,0,3,14,0,4,1,3,0.44,0.4394,0,0.2985,0,12,12
13309,2012-07-13,3,1,7,17,0,5,1,2,0.8,0.7121,0.36,0.1642,138,697,835
556,2011-01-25,1,0,1,8,0,2,1,2,0.16,0.1818,0.74,0.1343,5,233,238
3072,2011-05-12,2,0,5,21,0,4,1,1,0.56,0.5303,0.83,0.1343,31,192,223
4475,2011-07-10,3,0,7,8,0,0,0,1,0.72,0.6818,0.66,0,27,65,92
7530,2011-11-15,4,0,11,8,0,2,1,2,0.54,0.5152,0.68,0.1045,27,453,480
16930,2012-12-13,4,1,12,4,0,4,1,2,0.26,0.2576,0.56,0.194,0,8,8
14658,2012-09-07,3,1,9,22,0,5,1,1,0.7,0.6667,0.74,0.2239,52,247,299
16067,2012-11-07,4,1,11,3,0,3,1,2,0.28,0.2576,0.52,0.3284,2,9,11
1417,2011-03-04,1,0,3,7,0,5,1,1,0.16,0.1818,0.8,0.1343,0,83,83
10728,2012-03-28,2,1,3,2,0,3,1,1,0.34,0.303,0.49,0.2985,0,3,3
14081,2012-08-14,3,1,8,21,0,2,1,1,0.74,0.6818,0.62,0.2239,56,252,308
4602,2011-07-15,3,0,7,15,0,5,1,1,0.72,0.6515,0.45,0.1642,74,163,237
14903,2012-09-18,3,1,9,3,0,2,1,2,0.62,0.5455,0.94,0.2836,0,6,6
7400,2011-11-09,4,0,11,22,0,3,1,1,0.4,0.4091,0.87,0,9,105,114
16736,2012-12-05,4,1,12,2,0,3,1,1,0.46,0.4545,0.67,0.1642,2,7,9
13479,2012-07-20,3,1,7,19,0,5,1,2,0.64,0.5758,0.83,0.2836,44,358,402
13557,2012-07-24,3,1,7,1,0,2,1,1,0.68,0.6364,0.79,0.1642,7,10,17
10796,2012-03-30,2,1,3,22,0,5,1,1,0.36,0.3485,0.71,0.1642,23,130,153
15804,2012-10-25,4,1,10,16,0,4,1,1,0.6,0.5909,0.69,0.1642,92,407,499
9859,2012-02-20,1,1,2,18,1,1,0,1,0.34,0.3182,0.34,0.2239,27,215,242
16812,2012-12-08,4,1,12,6,0,6,0,2,0.36,0.3636,0.93,0.1045,1,19,20
9432,2012-02-02,1,1,2,21,0,4,1,1,0.34,0.303,0.46,0.4179,4,144,148
14619,2012-09-06,3,1,9,7,0,4,1,2,0.7,0.6667,0.84,0.1045,21,461,482
29,2011-01-02,1,0,1,4,0,0,0,2,0.46,0.4545,0.94,0.194,2,1,3
356,2011-01-16,1,0,1,7,0,0,0,2,0.24,0.2121,0.56,0.2985,0,3,3
13672,2012-07-28,3,1,7,20,0,6,0,1,0.66,0.6061,0.83,0.2239,79,154,233
16809,2012-12-08,4,1,12,3,0,6,0,2,0.36,0.3636,0.93,0.1045,6,23,29
13360,2012-07-15,3,1,7,20,0,0,0,1,0.72,0.697,0.79,0.2537,95,199,294
15170,2012-09-29,4,1,9,6,0,6,0,1,0.5,0.4848,0.63,0.2537,4,33,37
8525,2011-12-26,1,0,12,22,1,1,0,1,0.26,0.303,0.7,0,5,22,27
5644,2011-08-28,3,0,8,14,0,0,0,1,0.78,0.697,0.43,0.4179,157,290,447
6866,2011-10-18,4,0,10,15,0,2,1,1,0.62,0.6212,0.5,0.194,66,139,205
11075,2012-04-11,2,1,4,15,0,3,1,3,0.38,0.3939,0.46,0.2239,50,152,202
10055,2012-02-28,1,1,2,23,0,2,1,1,0.32,0.303,0.53,0.2239,4,61,65
3676,2011-06-07,2,0,6,1,0,2,1,1,0.62,0.6061,0.69,0.1343,2,2,4
4225,2011-06-29,3,0,6,22,0,3,1,1,0.7,0.6364,0.42,0.194,32,151,183
965,2011-02-12,1,0,2,19,0,6,0,1,0.28,0.2727,0.38,0.1642,2,39,41
6750,2011-10-13,4,0,10,19,0,4,1,2,0.62,0.5758,0.83,0.1642,18,187,205
121,2011-01-06,1,0,1,6,0,4,1,2,0.14,0.1667,0.63,0.1045,0,36,36
6795,2011-10-15,4,0,10,16,0,6,0,1,0.62,0.6212,0.29,0.3881,179,264,443
4229,2011-06-30,3,0,6,2,0,4,1,1,0.62,0.6212,0.57,0.1343,2,6,8
5580,2011-08-25,3,0,8,9,0,4,1,2,0.72,0.6818,0.7,0.2985,21,141,162
329,2011-01-15,1,0,1,4,0,6,0,2,0.16,0.2273,0.59,0,0,5,5
4711,2011-07-20,3,0,7,4,0,3,1,1,0.68,0.6364,0.83,0,0,4,4
3282,2011-05-21,2,0,5,15,0,6,0,1,0.72,0.6515,0.45,0.2537,232,274,506
2371,2011-04-13,2,0,4,16,0,3,1,1,0.46,0.4545,0.67,0.2836,23,119,142
5523,2011-08-23,3,0,8,0,0,2,1,1,0.6,0.6212,0.43,0.194,13,22,35
2545,2011-04-20,2,0,4,22,0,3,1,1,0.62,0.6212,0.41,0.2537,12,105,117
10211,2012-03-06,1,1,3,12,0,2,1,1,0.26,0.2727,0.41,0.1045,9,129,138
12581,2012-06-13,2,1,6,9,0,3,1,2,0.64,0.6061,0.69,0.5821,54,298,352
2179,2011-04-05,2,0,4,15,0,2,1,1,0.4,0.4091,0.46,0.4627,6,62,68
4899,2011-07-28,3,0,7,0,0,4,1,1,0.7,0.6515,0.51,0.1343,14,31,45
5154,2011-08-07,3,0,8,15,0,0,0,3,0.72,0.697,0.74,0.2985,118,208,326
1210,2011-02-23,1,0,2,11,0,3,1,1,0.24,0.2576,0.41,0.1045,16,53,69
13972,2012-08-10,3,1,8,8,0,5,1,3,0.62,0.5455,0.91,0.1642,7,112,119
14999,2012-09-22,3,1,9,3,0,6,0,1,0.56,0.5303,0.83,0.2836,6,39,45
3124,2011-05-15,2,0,5,1,0,0,0,2,0.52,0.5,1,0.1045,4,43,47
14857,2012-09-16,3,1,9,5,0,0,0,1,0.5,0.4848,0.72,0,3,10,13
9726,2012-02-15,1,1,2,4,0,3,1,1,0.28,0.2879,0.7,0.1045,0,1,1
3767,2011-06-10,2,0,6,20,0,5,1,1,0.76,0.7121,0.62,0.1045,53,197,250
13250,2012-07-11,3,1,7,6,0,3,1,1,0.64,0.5758,0.89,0.1343,17,168,185
13942,2012-08-09,3,1,8,2,0,4,1,1,0.7,0.6667,0.84,0.0896,2,12,14
601,2011-01-28,1,0,1,6,0,5,1,2,0.18,0.197,0.8,0.1343,0,16,16
4551,2011-07-13,3,0,7,12,0,3,1,1,0.84,0.7576,0.41,0.2836,40,134,174
944,2011-02-11,1,0,2,22,0,5,1,1,0.2,0.2273,0.64,0.0896,2,41,43
15105,2012-09-26,4,1,9,13,0,3,1,1,0.7,0.6515,0.58,0.2239,67,273,340
9920,2012-02-23,1,1,2,8,0,4,1,1,0.34,0.3333,0.87,0.194,11,549,560
12970,2012-06-29,3,1,6,14,0,5,1,1,0.96,0.9091,0.36,0.2239,49,184,233
11604,2012-05-03,2,1,5,16,0,4,1,1,0.68,0.6364,0.57,0.1642,45,325,370
1562,2011-03-10,1,0,3,12,0,4,1,3,0.42,0.4242,0,0.2239,4,30,34
14321,2012-08-24,3,1,8,21,0,5,1,2,0.7,0.6515,0.61,0.1642,58,248,306
6214,2011-09-21,3,0,9,11,0,3,1,2,0.62,0.5758,0.83,0.1642,42,138,180
9869,2012-02-21,1,1,2,5,0,2,1,1,0.2,0.2576,0.69,0,0,15,15
4542,2011-07-13,3,0,7,3,0,3,1,1,0.74,0.6818,0.58,0.194,0,4,4
1783,2011-03-19,1,0,3,23,0,6,0,1,0.38,0.3939,0.4,0.2985,13,37,50
9225,2012-01-25,1,1,1,6,0,3,1,1,0.24,0.2273,0.73,0.2239,1,87,88
1096,2011-02-18,1,0,2,9,0,5,1,2,0.42,0.4242,0.77,0.194,15,154,169
5545,2011-08-23,3,0,8,22,0,2,1,1,0.62,0.6212,0.57,0.1343,46,145,191
13158,2012-07-07,3,1,7,10,0,6,0,1,0.92,0.8636,0.37,0.2239,100,225,325
9746,2012-02-16,1,1,2,0,0,4,1,2,0.3,0.303,0.7,0.1343,1,22,23
15326,2012-10-05,4,1,10,18,0,5,1,1,0.64,0.6212,0.57,0.1343,106,655,761
678,2011-01-31,1,0,1,13,0,1,1,2,0.16,0.2273,0.59,0,2,52,54
13722,2012-07-30,3,1,7,22,0,1,1,2,0.7,0.6667,0.74,0.2239,47,183,230
1393,2011-03-03,1,0,3,7,0,4,1,1,0.12,0.0909,0.42,0.4179,1,110,111
753,2011-02-03,1,0,2,18,0,4,1,1,0.2,0.2121,0.4,0.1642,2,145,147
3738,2011-06-09,2,0,6,15,0,4,1,1,0.94,0.8333,0.31,0.1642,18,86,104
2977,2011-05-08,2,0,5,22,0,0,0,1,0.5,0.4848,0.88,0.0896,29,86,115
6695,2011-10-11,4,0,10,12,0,2,1,2,0.6,0.5909,0.73,0.1642,51,130,181
3216,2011-05-18,2,0,5,21,0,3,1,1,0.52,0.5,0.88,0,11,74,85
1771,2011-03-19,1,0,3,11,0,6,0,1,0.46,0.4545,0.36,0.4478,90,106,196
16621,2012-11-30,4,1,11,7,0,5,1,1,0.22,0.2727,0.8,0,6,346,352
12543,2012-06-11,2,1,6,19,0,1,1,2,0.76,0.6818,0.48,0.3284,89,507,596
3023,2011-05-10,2,0,5,20,0,2,1,1,0.54,0.5152,0.6,0.1343,50,241,291
5402,2011-08-17,3,0,8,23,0,3,1,1,0.7,0.6515,0.65,0.2836,20,85,105
7857,2011-11-29,4,0,11,0,0,2,1,1,0.52,0.5,0.83,0,4,18,22
6876,2011-10-19,4,0,10,1,0,3,1,2,0.52,0.5,0.77,0.194,7,9,16
5192,2011-08-09,3,0,8,5,0,2,1,1,0.7,0.6515,0.65,0.0896,5,25,30
4620,2011-07-16,3,0,7,9,0,6,0,1,0.7,0.6515,0.54,0.2239,72,150,222
13587,2012-07-25,3,1,7,7,0,3,1,1,0.66,0.6212,0.5,0.3284,34,473,507
14758,2012-09-12,3,1,9,2,0,3,1,1,0.52,0.5,0.72,0.0896,2,9,11
8720,2012-01-04,1,1,1,3,0,3,1,1,0.02,0.0152,0.34,0.2836,0,1,1
10753,2012-03-29,2,1,3,3,0,4,1,1,0.58,0.5455,0.28,0.2537,1,4,5
15829,2012-10-26,4,1,10,17,0,5,1,2,0.56,0.5303,0.76,0.194,125,692,817
8147,2011-12-11,4,0,12,2,0,0,0,1,0.18,0.1667,0.55,0.2537,5,47,52
7969,2011-12-03,4,0,12,16,0,6,0,1,0.38,0.3939,0.46,0,75,230,305
4265,2011-07-01,3,0,7,14,0,5,1,1,0.82,0.697,0.23,0.194,78,225,303
17373,2012-12-31,1,1,12,17,0,1,1,2,0.26,0.2879,0.48,0.0896,14,150,164
6826,2011-10-16,4,0,10,23,0,0,0,1,0.56,0.5303,0.52,0.4179,14,48,62
8114,2011-12-09,4,0,12,17,0,5,1,1,0.34,0.3485,0.66,0.1045,10,352,362
702,2011-02-01,1,0,2,14,0,2,1,2,0.22,0.2576,0.8,0.0896,5,49,54
6171,2011-09-19,3,0,9,16,0,1,1,2,0.6,0.6061,0.6,0.1642,55,208,263
9039,2012-01-17,1,1,1,12,0,2,1,2,0.32,0.303,0.87,0.2836,3,83,86
8160,2011-12-11,4,0,12,15,0,0,0,1,0.3,0.3333,0.26,0,47,219,266
6871,2011-10-18,4,0,10,20,0,2,1,1,0.54,0.5152,0.64,0.1642,23,204,227
4424,2011-07-08,3,0,7,5,0,5,1,1,0.68,0.6364,0.79,0.2537,3,24,27
6863,2011-10-18,4,0,10,12,0,2,1,2,0.62,0.6212,0.43,0.0896,42,159,201
6987,2011-10-23,4,0,10,17,0,0,0,1,0.5,0.4848,0.63,0.1343,120,220,340
4869,2011-07-26,3,0,7,18,0,2,1,1,0.84,0.7424,0.39,0.3881,68,478,546
4377,2011-07-06,3,0,7,6,0,3,1,1,0.7,0.6667,0.79,0.0896,9,112,121
11748,2012-05-09,2,1,5,16,0,3,1,2,0.66,0.6212,0.5,0.194,68,289,357
2927,2011-05-06,2,0,5,20,0,5,1,1,0.52,0.5,0.48,0.1045,29,161,190
14109,2012-08-16,3,1,8,1,0,4,1,1,0.64,0.6061,0.73,0,3,18,21
13543,2012-07-23,3,1,7,11,0,1,1,2,0.8,0.7424,0.52,0.1642,69,129,198
13951,2012-08-09,3,1,8,11,0,4,1,1,0.84,0.7576,0.44,0,94,166,260
15174,2012-09-29,4,1,9,10,0,6,0,1,0.54,0.5152,0.56,0.2537,134,338,472
4351,2011-07-05,3,0,7,4,0,2,1,1,0.66,0.6212,0.69,0.1642,1,4,5
13119,2012-07-05,3,1,7,19,0,4,1,2,0.88,0.803,0.39,0.2537,128,375,503
3698,2011-06-07,2,0,6,23,0,2,1,1,0.68,0.6364,0.79,0.1045,18,72,90
2014,2011-03-29,2,0,3,18,0,2,1,1,0.36,0.3636,0.21,0.0896,42,252,294
13120,2012-07-05,3,1,7,20,0,4,1,2,0.86,0.7879,0.41,0.2239,78,243,321
11126,2012-04-13,2,1,4,18,0,5,1,1,0.54,0.5152,0.26,0.1343,107,564,671
5678,2011-08-30,3,0,8,0,0,2,1,1,0.56,0.5303,0.73,0.1343,10,17,27
14845,2012-09-15,3,1,9,17,0,6,0,2,0.66,0.6212,0.36,0.2537,295,434,729
15759,2012-10-23,4,1,10,19,0,2,1,1,0.62,0.6212,0.57,0.0896,25,457,482
2148,2011-04-04,2,0,4,8,0,1,1,2,0.46,0.4545,0.55,0.2985,31,308,339
8789,2012-01-07,1,1,1,0,0,6,0,1,0.36,0.3485,0.5,0.1642,2,77,79
2706,2011-04-27,2,0,4,15,0,3,1,1,0.7,0.6515,0.65,0.4925,18,120,138
12622,2012-06-15,2,1,6,2,0,5,1,1,0.56,0.5303,0.83,0.1045,0,15,15
11903,2012-05-16,2,1,5,3,0,3,1,1,0.56,0.5303,0.88,0.1045,1,5,6
16661,2012-12-01,4,1,12,23,0,6,0,2,0.32,0.3485,0.81,0,10,116,126
811,2011-02-06,1,0,2,5,0,0,0,1,0.26,0.2576,0.6,0.2239,0,1,1
5318,2011-08-14,3,0,8,11,0,0,0,1,0.7,0.6667,0.79,0.194,81,117,198
16382,2012-11-20,4,1,11,7,0,2,1,1,0.32,0.3333,0.76,0.0896,7,411,418
313,2011-01-14,1,0,1,12,0,5,1,1,0.2,0.197,0.44,0.2537,2,59,61
2074,2011-04-01,2,0,4,6,0,5,1,3,0.24,0.2273,0.93,0.2239,2,26,28
13929,2012-08-08,3,1,8,13,0,3,1,2,0.8,0.7424,0.52,0,101,212,313
13568,2012-07-24,3,1,7,12,0,2,1,2,0.82,0.7879,0.56,0.2239,60,169,229
7735,2011-11-23,4,0,11,21,0,3,1,1,0.36,0.3182,0.57,0.4627,0,66,66
886,2011-02-09,1,0,2,9,0,3,1,1,0.12,0.1364,0.39,0.1642,4,119,123
1791,2011-03-20,1,0,3,7,0,0,0,1,0.24,0.2273,0.6,0.2239,5,9,14
11244,2012-04-18,2,1,4,16,0,3,1,2,0.42,0.4242,0.77,0.2239,36,199,235
3455,2011-05-28,2,0,5,20,0,6,0,1,0.7,0.6515,0.65,0.2239,68,128,196
8875,2012-01-10,1,1,1,15,0,2,1,1,0.42,0.4242,0.38,0.2985,17,119,136
3896,2011-06-16,2,0,6,5,0,4,1,1,0.6,0.6061,0.64,0.194,7,18,25
15358,2012-10-07,4,1,10,2,0,0,0,1,0.42,0.4242,0.62,0.1343,10,64,74
10839,2012-04-01,2,1,4,17,0,0,0,1,0.52,0.5,0.55,0.2836,232,323,555
11286,2012-04-20,2,1,4,10,0,5,1,1,0.5,0.4848,0.77,0.194,67,170,237
8250,2011-12-15,4,0,12,9,0,4,1,2,0.36,0.3333,0.62,0.2836,6,274,280
16545,2012-11-27,4,1,11,2,0,2,1,2,0.32,0.3182,0.7,0.1642,0,5,5
8013,2011-12-05,4,0,12,12,0,1,1,2,0.4,0.4091,0.76,0.1045,29,125,154
9184,2012-01-23,1,1,1,13,0,1,1,3,0.22,0.2576,0.93,0.0896,5,32,37
10969,2012-04-07,2,1,4,4,0,6,0,1,0.32,0.3182,0.36,0.1642,3,4,7
16366,2012-11-19,4,1,11,15,0,1,1,1,0.44,0.4394,0.54,0.194,44,213,257
11431,2012-04-26,2,1,4,11,0,4,1,2,0.46,0.4545,0.94,0.2239,16,135,151
7926,2011-12-01,4,0,12,21,0,4,1,1,0.3,0.3182,0.61,0.1045,8,154,162
1469,2011-03-06,1,0,3,12,0,0,0,2,0.46,0.4545,0.94,0.3284,10,69,79
471,2011-01-21,1,0,1,15,0,5,1,1,0.16,0.1212,0.26,0.4478,4,61,65
2723,2011-04-28,2,0,4,8,0,4,1,2,0.66,0.6061,0.78,0.4478,31,367,398
5420,2011-08-18,3,0,8,17,0,4,1,3,0.8,0.7273,0.46,0.2985,44,365,409
9813,2012-02-18,1,1,2,19,0,6,0,1,0.44,0.4394,0.44,0.1642,38,150,188
15721,2012-10-22,4,1,10,5,0,1,1,1,0.38,0.3939,0.76,0.0896,2,44,46
10866,2012-04-02,2,1,4,21,0,1,1,1,0.46,0.4545,0.28,0.1343,24,214,238
6042,2011-09-14,3,0,9,7,0,3,1,1,0.6,0.5606,0.83,0.1045,20,350,370
2745,2011-04-29,2,0,4,6,0,5,1,1,0.5,0.4848,0.45,0.2836,4,67,71
15968,2012-11-03,4,1,11,0,0,6,0,1,0.34,0.3333,0.53,0.1642,9,99,108
13353,2012-07-15,3,1,7,13,0,0,0,1,0.86,0.7879,0.41,0.1045,171,309,480
13017,2012-07-01,3,1,7,13,0,0,0,1,0.92,0.8333,0.33,0.2537,111,309,420
14573,2012-09-04,3,1,9,9,0,2,1,2,0.72,0.697,0.79,0.2239,30,293,323
4675,2011-07-18,3,0,7,16,0,1,1,1,0.84,0.803,0.53,0.2836,45,220,265
7457,2011-11-12,4,0,11,7,0,6,0,1,0.22,0.2273,0.75,0.194,3,24,27
15440,2012-10-10,4,1,10,12,0,3,1,1,0.54,0.5152,0.56,0.2239,78,312,390
14225,2012-08-20,3,1,8,21,0,1,1,1,0.6,0.5606,0.83,0,26,219,245
6380,2011-09-28,4,0,9,9,0,3,1,3,0.62,0.5455,0.94,0.2239,14,141,155
10403,2012-03-14,1,1,3,13,0,3,1,1,0.66,0.6212,0.27,0.2239,57,197,254
13903,2012-08-07,3,1,8,11,0,2,1,2,0.76,0.7273,0.66,0.0896,84,130,214
3877,2011-06-15,2,0,6,10,0,3,1,1,0.64,0.6212,0.47,0.1642,27,108,135
1076,2011-02-17,1,0,2,13,0,4,1,1,0.54,0.5152,0.34,0.2239,15,108,123
3937,2011-06-17,2,0,6,22,0,5,1,1,0.62,0.5606,0.88,0.1343,48,127,175
15772,2012-10-24,4,1,10,8,0,3,1,2,0.52,0.5,0.83,0.1045,24,777,801
13188,2012-07-08,3,1,7,16,0,0,0,2,0.8,0.803,0.66,0.2239,65,226,291
7142,2011-10-30,4,0,10,4,0,0,0,1,0.22,0.197,0.8,0.3284,1,10,11
4208,2011-06-29,3,0,6,5,0,3,1,1,0.64,0.5758,0.83,0.194,3,19,22
6714,2011-10-12,4,0,10,7,0,3,1,2,0.54,0.5152,0.88,0.3881,15,244,259
2150,2011-04-04,2,0,4,10,0,1,1,2,0.54,0.5152,0.45,0.3582,35,55,90
8512,2011-12-26,1,0,12,9,1,1,0,1,0.34,0.303,0.46,0.2985,24,38,62
9669,2012-02-12,1,1,2,19,0,0,0,1,0.16,0.1364,0.4,0.2836,2,78,80
75,2011-01-04,1,0,1,6,0,2,1,1,0.12,0.1515,0.74,0.1045,0,36,36
11878,2012-05-15,2,1,5,2,0,2,1,2,0.56,0.5303,0.88,0.1343,1,3,4
7340,2011-11-07,4,0,11,10,0,1,1,1,0.36,0.3485,0.93,0.1343,28,95,123
9629,2012-02-11,1,1,2,3,0,6,0,3,0.24,0.2273,0.87,0.2239,0,9,9
10773,2012-03-29,2,1,3,23,0,4,1,1,0.42,0.4242,0.47,0.2985,17,77,94
11270,2012-04-19,2,1,4,18,0,4,1,1,0.6,0.6212,0.43,0.0896,99,677,776
13249,2012-07-11,3,1,7,5,0,3,1,1,0.64,0.5758,0.89,0,5,36,41
13477,2012-07-20,3,1,7,17,0,5,1,2,0.66,0.5909,0.89,0.4179,95,620,715
13853,2012-08-05,3,1,8,9,0,0,0,1,0.8,0.7727,0.59,0.3582,61,168,229
15229,2012-10-01,4,1,10,17,0,1,1,3,0.56,0.5303,0.6,0.2537,65,791,856
2510,2011-04-19,2,0,4,11,0,2,1,2,0.54,0.5152,0.68,0.1642,19,53,72
7282,2011-11-05,4,0,11,0,0,6,0,1,0.32,0.2879,0.45,0.3582,4,48,52
12676,2012-06-17,2,1,6,8,0,0,0,1,0.56,0.5303,0.68,0.2537,24,95,119
4068,2011-06-23,3,0,6,9,0,4,1,2,0.74,0.697,0.7,0.1343,33,194,227
10139,2012-03-03,1,1,3,12,0,6,0,2,0.42,0.4242,0.67,0.2537,47,252,299
14675,2012-09-08,3,1,9,15,0,6,0,3,0.56,0.5303,0.88,0.2537,175,337,512
3146,2011-05-15,2,0,5,23,0,0,0,1,0.54,0.5152,0.88,0.2239,18,51,69
10538,2012-03-20,1,1,3,4,0,2,1,2,0.52,0.5,0.88,0.1343,0,6,6
12271,2012-05-31,2,1,5,11,0,4,1,1,0.72,0.6515,0.37,0.2836,65,153,218
12761,2012-06-20,2,1,6,21,0,3,1,1,0.84,0.7576,0.44,0.0896,42,302,344
7927,2011-12-01,4,0,12,22,0,4,1,1,0.3,0.3333,0.61,0,5,99,104
14464,2012-08-30,3,1,8,20,0,4,1,1,0.74,0.6818,0.58,0.1642,68,403,471
17275,2012-12-27,1,1,12,15,0,4,1,2,0.26,0.2121,0.56,0.4478,31,89,120
541,2011-01-24,1,0,1,16,0,1,1,1,0.16,0.1515,0.47,0.2537,4,66,70
4236,2011-06-30,3,0,6,9,0,4,1,1,0.7,0.6364,0.42,0.2239,33,227,260
5508,2011-08-22,3,0,8,9,0,1,1,1,0.68,0.6364,0.54,0.2537,36,151,187
14518,2012-09-02,3,1,9,2,0,0,0,1,0.66,0.5909,0.89,0,28,56,84
17089,2012-12-19,4,1,12,19,0,3,1,1,0.38,0.3939,0.5,0.3881,7,329,336
755,2011-02-03,1,0,2,20,0,4,1,1,0.2,0.2273,0.47,0.0896,1,108,109
10050,2012-02-28,1,1,2,18,0,2,1,1,0.42,0.4242,0.28,0.1642,17,432,449
2543,2011-04-20,2,0,4,20,0,3,1,1,0.68,0.6212,0.32,0.1045,31,194,225
6074,2011-09-15,3,0,9,15,0,4,1,2,0.6,0.5909,0.69,0.4179,25,110,135
9623,2012-02-10,1,1,2,21,0,5,1,2,0.32,0.3333,0.66,0.0896,14,108,122
5219,2011-08-10,3,0,8,8,0,3,1,1,0.74,0.6667,0.51,0.194,38,361,399
16100,2012-11-08,4,1,11,13,0,4,1,1,0.44,0.4394,0.18,0.4179,33,195,228
12077,2012-05-23,2,1,5,9,0,3,1,2,0.62,0.5909,0.78,0,39,258,297
238,2011-01-11,1,0,1,6,0,2,1,2,0.16,0.1818,0.55,0.1343,0,27,27
4272,2011-07-01,3,0,7,21,0,5,1,1,0.7,0.6364,0.45,0.194,69,149,218
5876,2011-09-07,3,0,9,7,0,3,1,3,0.6,0.5455,0.88,0.0896,3,83,86
6658,2011-10-09,4,0,10,23,0,0,0,1,0.5,0.4848,0.88,0.1045,38,85,123
101,2011-01-05,1,0,1,9,0,3,1,1,0.22,0.197,0.37,0.3284,6,109,115
10073,2012-02-29,1,1,2,18,0,3,1,3,0.4,0.4091,0.87,0,11,181,192
13346,2012-07-15,3,1,7,6,0,0,0,1,0.68,0.6364,0.83,0.1343,6,9,15
13520,2012-07-22,3,1,7,12,0,0,0,2,0.7,0.6515,0.7,0.1045,178,326,504
9241,2012-01-25,1,1,1,22,0,3,1,1,0.3,0.3182,0.65,0.0896,12,101,113
5363,2011-08-16,3,0,8,8,0,2,1,1,0.7,0.6515,0.58,0.4478,24,417,441
4767,2011-07-22,3,0,7,12,0,5,1,1,0.94,0.9545,0.48,0.1642,20,95,115
7504,2011-11-14,4,0,11,6,0,1,1,2,0.44,0.4394,0.72,0.2239,10,104,114
11388,2012-04-24,2,1,4,16,0,2,1,1,0.5,0.4848,0.23,0.194,54,308,362
8794,2012-01-07,1,1,1,5,0,6,0,1,0.26,0.2727,0.75,0.1045,2,7,9
11757,2012-05-10,2,1,5,1,0,4,1,2,0.48,0.4697,0.88,0.1343,2,9,11
1309,2011-02-27,1,0,2,17,0,0,0,1,0.42,0.4242,0.54,0.194,66,121,187
1583,2011-03-11,1,0,3,10,0,5,1,2,0.32,0.303,0.57,0.2985,18,60,78
15175,2012-09-29,4,1,9,11,0,6,0,1,0.56,0.5303,0.52,0.2836,217,446,663
2432,2011-04-16,2,0,4,5,0,6,0,2,0.38,0.3939,0.87,0.2836,1,3,4
1045,2011-02-16,1,0,2,6,0,3,1,1,0.2,0.197,0.55,0.2239,1,32,33
14331,2012-08-25,3,1,8,7,0,6,0,2,0.64,0.5909,0.78,0.194,14,88,102
5010,2011-08-01,3,0,8,15,0,1,1,1,0.9,0.7879,0.27,0,52,77,129
15446,2012-10-10,4,1,10,18,0,3,1,2,0.56,0.5303,0.49,0.1642,57,787,844
1488,2011-03-07,1,0,3,8,0,1,1,1,0.2,0.1818,0.75,0.3881,11,200,211
7634,2011-11-19,4,0,11,16,0,6,0,1,0.42,0.4242,0.38,0.2985,99,188,287
5796,2011-09-03,3,0,9,22,0,6,0,1,0.68,0.6364,0.83,0.1045,66,96,162
5492,2011-08-21,3,0,8,17,0,0,0,1,0.72,0.697,0.79,0.1343,91,179,270
12993,2012-06-30,3,1,6,13,0,6,0,1,0.88,0.7727,0.3,0.2537,105,323,428
619,2011-01-29,1,0,1,0,0,6,0,1,0.22,0.197,0.64,0.3582,2,26,28
3800,2011-06-12,2,0,6,5,0,0,0,1,0.62,0.5606,0.88,0.2239,5,5,10
14702,2012-09-09,3,1,9,18,0,0,0,1,0.66,0.6212,0.36,0.2537,156,404,560
1601,2011-03-12,1,0,3,4,0,6,0,1,0.24,0.2273,0.65,0.2537,0,1,1
12670,2012-06-17,2,1,6,2,0,0,0,1,0.56,0.5303,0.56,0.0896,19,55,74
12913,2012-06-27,3,1,6,5,0,3,1,1,0.6,0.6212,0.43,0.2836,2,34,36
1753,2011-03-18,1,0,3,17,0,5,1,1,0.7,0.6364,0.37,0.3284,95,237,332
15537,2012-10-14,4,1,10,13,0,0,0,1,0.64,0.6212,0.41,0.4478,218,401,619
2041,2011-03-30,2,0,3,21,0,3,1,2,0.24,0.2273,0.93,0.2537,0,27,27
2084,2011-04-01,2,0,4,16,0,5,1,1,0.34,0.303,0.46,0.4179,42,125,167
7966,2011-12-03,4,0,12,13,0,6,0,1,0.36,0.3636,0.5,0.0896,70,222,292
11074,2012-04-11,2,1,4,14,0,3,1,1,0.36,0.3485,0.57,0.194,34,101,135
547,2011-01-24,1,0,1,22,0,1,1,2,0.14,0.1364,0.63,0.2239,3,32,35
6200,2011-09-20,3,0,9,21,0,2,1,1,0.56,0.5303,0.94,0,29,177,206
13271,2012-07-12,3,1,7,3,0,4,1,1,0.64,0.6061,0.69,0.1045,0,10,10
12900,2012-06-26,3,1,6,16,0,2,1,1,0.72,0.6364,0.26,0.4925,67,349,416
13925,2012-08-08,3,1,8,9,0,3,1,2,0.76,0.7273,0.66,0,33,308,341
5148,2011-08-07,3,0,8,9,0,0,0,1,0.76,0.7424,0.75,0.1045,82,102,184
16931,2012-12-13,4,1,12,5,0,4,1,2,0.26,0.2576,0.56,0.1642,2,31,33
8868,2012-01-10,1,1,1,8,0,2,1,2,0.18,0.197,0.93,0.1642,6,465,471
15432,2012-10-10,4,1,10,4,0,3,1,2,0.46,0.4545,0.88,0.1045,0,6,6
6015,2011-09-13,3,0,9,4,0,2,1,1,0.56,0.5303,0.88,0,2,6,8
7170,2011-10-31,4,0,10,8,0,1,1,2,0.28,0.3182,0.87,0,17,355,372
176,2011-01-08,1,0,1,14,0,6,0,1,0.2,0.1667,0.32,0.4925,12,83,95
16984,2012-12-15,4,1,12,10,0,6,0,1,0.32,0.3182,0.61,0.1642,23,250,273
2209,2011-04-06,2,0,4,21,0,3,1,1,0.46,0.4545,0.41,0.2836,18,84,102
14502,2012-09-01,3,1,9,10,0,6,0,2,0.78,0.7273,0.55,0.194,128,289,417
3788,2011-06-11,2,0,6,17,0,6,0,2,0.74,0.6818,0.58,0.1642,147,190,337
14471,2012-08-31,3,1,8,3,0,5,1,1,0.66,0.5909,0.89,0.1045,3,2,5
16980,2012-12-15,4,1,12,6,0,6,0,2,0.24,0.2879,0.75,0,0,11,11
13512,2012-07-22,3,1,7,4,0,0,0,1,0.6,0.5455,0.88,0,6,10,16
2442,2011-04-16,2,0,4,15,0,6,0,3,0.52,0.5,0.83,0.5821,16,62,78
9355,2012-01-30,1,1,1,16,0,1,1,1,0.34,0.3333,0.25,0.194,11,210,221
1323,2011-02-28,1,0,2,9,0,1,1,1,0.42,0.4242,0.82,0.2836,15,127,142
1604,2011-03-12,1,0,3,7,0,6,0,1,0.24,0.2273,0.7,0.194,4,19,23
8015,2011-12-05,4,0,12,14,0,1,1,2,0.46,0.4545,0.67,0,7,126,133
4066,2011-06-23,3,0,6,7,0,4,1,2,0.72,0.697,0.74,0.1343,26,301,327
1295,2011-02-27,1,0,2,2,0,0,0,1,0.26,0.2727,0.87,0.1343,2,20,22
2001,2011-03-29,2,0,3,5,0,2,1,1,0.22,0.2121,0.37,0.2537,0,8,8
13769,2012-08-01,3,1,8,21,0,3,1,1,0.72,0.6818,0.7,0.1343,36,284,320
2064,2011-03-31,2,0,3,20,0,4,1,3,0.28,0.2576,0.93,0.2836,6,79,85
1508,2011-03-08,1,0,3,4,0,2,1,1,0.22,0.2727,0.64,0,0,2,2
15651,2012-10-19,4,1,10,7,0,5,1,3,0.54,0.5152,0.94,0,5,149,154
1560,2011-03-10,1,0,3,10,0,4,1,3,0.4,0.4091,0,0.1642,0,17,17
10980,2012-04-07,2,1,4,15,0,6,0,1,0.52,0.5,0.19,0.4179,321,305,626
5578,2011-08-25,3,0,8,7,0,4,1,2,0.68,0.6364,0.79,0.3284,17,296,313
10803,2012-03-31,2,1,3,5,0,6,0,1,0.4,0.4091,0.82,0.2239,0,5,5
9346,2012-01-30,1,1,1,7,0,1,1,1,0.22,0.2121,0.44,0.2836,4,221,225
5612,2011-08-26,3,0,8,17,0,5,1,1,0.74,0.7121,0.74,0.2537,56,433,489
15144,2012-09-28,4,1,9,4,0,5,1,3,0.56,0.5303,0.88,0.1045,2,10,12
5336,2011-08-15,3,0,8,5,0,1,1,2,0.6,0.5455,0.88,0.194,3,14,17
17071,2012-12-19,4,1,12,1,0,3,1,1,0.3,0.3182,0.65,0.0896,1,14,15
4142,2011-06-26,3,0,6,11,0,0,0,1,0.72,0.6515,0.45,0.1343,127,219,346
13509,2012-07-22,3,1,7,1,0,0,0,2,0.6,0.5455,0.88,0.1642,31,99,130
16364,2012-11-19,4,1,11,13,0,1,1,1,0.44,0.4394,0.54,0.2537,46,205,251
6017,2011-09-13,3,0,9,6,0,2,1,1,0.56,0.5303,0.88,0.1045,6,116,122
6907,2011-10-20,4,0,10,9,0,4,1,1,0.44,0.4394,0.67,0.5821,26,197,223
6721,2011-10-12,4,0,10,14,0,3,1,3,0.54,0.5152,0.94,0.2836,8,70,78
1236,2011-02-24,1,0,2,14,0,4,1,2,0.4,0.4091,0.5,0.2985,2,67,69
15392,2012-10-08,4,1,10,12,1,1,0,2,0.42,0.4242,0.63,0.1642,74,267,341
16442,2012-11-22,4,1,11,19,1,4,0,1,0.36,0.3788,0.76,0,13,31,44
2252,2011-04-08,2,0,4,16,0,5,1,2,0.32,0.303,0.93,0.2537,2,58,60
14418,2012-08-28,3,1,8,22,0,2,1,1,0.7,0.6515,0.54,0,20,196,216
10324,2012-03-11,1,1,3,6,0,0,0,1,0.24,0.2424,0.7,0.1642,2,8,10
10910,2012-04-04,2,1,4,17,0,3,1,1,0.66,0.6212,0.41,0.2985,99,645,744
14644,2012-09-07,3,1,9,8,0,5,1,1,0.66,0.6061,0.83,0.1045,29,690,719
11981,2012-05-19,2,1,5,9,0,6,0,1,0.56,0.5303,0.43,0.1642,79,213,292
14021,2012-08-12,3,1,8,9,0,0,0,1,0.7,0.6515,0.48,0.2239,64,153,217
15378,2012-10-07,4,1,10,22,0,0,0,1,0.38,0.3939,0.87,0.1343,7,72,79
948,2011-02-12,1,0,2,2,0,6,0,1,0.14,0.2121,0.8,0,2,13,15
14373,2012-08-27,3,1,8,1,0,1,1,1,0.62,0.5606,0.88,0.0896,3,4,7
2971,2011-05-08,2,0,5,16,0,0,0,1,0.6,0.6212,0.46,0.1045,122,263,385
14610,2012-09-05,3,1,9,22,0,3,1,1,0.72,0.697,0.79,0,38,181,219
3886,2011-06-15,2,0,6,19,0,3,1,1,0.7,0.6364,0.37,0.2836,54,362,416
17055,2012-12-18,4,1,12,9,0,2,1,1,0.4,0.4091,0.87,0.0896,19,307,326
14284,2012-08-23,3,1,8,8,0,4,1,2,0.66,0.6212,0.74,0.0896,45,662,707
6698,2011-10-11,4,0,10,15,0,2,1,2,0.6,0.5758,0.78,0.1642,36,139,175
16171,2012-11-11,4,1,11,12,0,0,0,1,0.5,0.4848,0.48,0.0896,195,390,585
7132,2011-10-29,4,0,10,18,0,6,0,3,0.22,0.197,0.93,0.3284,6,37,43
6059,2011-09-15,3,0,9,0,0,4,1,1,0.64,0.6061,0.69,0.1343,3,34,37
1841,2011-03-22,2,0,3,10,0,2,1,2,0.44,0.4394,0.54,0.2985,29,95,124
1565,2011-03-10,1,0,3,15,0,4,1,3,0.44,0.4394,0,0.2239,3,11,14
3674,2011-06-06,2,0,6,23,0,1,1,1,0.64,0.6061,0.69,0.0896,5,55,60
16060,2012-11-06,4,1,11,20,0,2,1,1,0.3,0.2879,0.61,0.2239,10,218,228
4699,2011-07-19,3,0,7,16,0,2,1,1,0.9,0.8485,0.42,0.2985,61,216,277
3321,2011-05-23,2,0,5,6,0,1,1,2,0.54,0.5152,1,0,4,92,96
5193,2011-08-09,3,0,8,6,0,2,1,1,0.72,0.6667,0.64,0,6,95,101
4469,2011-07-10,3,0,7,2,0,0,0,1,0.68,0.6364,0.69,0.0896,28,68,96
4774,2011-07-22,3,0,7,19,0,5,1,2,0.86,0.7879,0.41,0.1045,40,210,250
6576,2011-10-06,4,0,10,13,0,4,1,1,0.56,0.5303,0.46,0.0896,33,158,191
12429,2012-06-07,2,1,6,1,0,4,1,1,0.52,0.5,0.77,0.1642,5,17,22
4710,2011-07-20,3,0,7,3,0,3,1,1,0.7,0.6667,0.84,0.1045,2,4,6
848,2011-02-07,1,0,2,18,0,1,1,2,0.34,0.3333,0.66,0.1343,5,170,175
15487,2012-10-12,4,1,10,11,0,5,1,1,0.54,0.5152,0.37,0.3582,61,252,313
839,2011-02-07,1,0,2,9,0,1,1,1,0.22,0.2727,0.8,0,3,115,118
8741,2012-01-05,1,1,1,0,0,4,1,2,0.22,0.2273,0.47,0.194,1,13,14
7533,2011-11-15,4,0,11,11,0,2,1,2,0.56,0.5303,0.64,0.194,18,116,134
7760,2011-11-24,4,0,11,22,1,4,0,1,0.36,0.3485,0.71,0.1642,8,14,22
4598,2011-07-15,3,0,7,11,0,5,1,1,0.7,0.6515,0.54,0.1343,73,137,210
5786,2011-09-03,3,0,9,12,0,6,0,1,0.7,0.6515,0.61,0.2239,97,160,257
16846,2012-12-09,4,1,12,16,0,0,0,3,0.36,0.3485,0.93,0.1642,33,220,253
605,2011-01-28,1,0,1,10,0,5,1,3,0.18,0.2121,0.86,0.1045,0,49,49
7226,2011-11-02,4,0,11,16,0,3,1,1,0.48,0.4697,0.51,0.1045,35,231,266
2312,2011-04-11,2,0,4,5,0,1,1,1,0.46,0.4545,0.94,0.194,1,12,13
10265,2012-03-08,1,1,3,18,0,4,1,2,0.62,0.6212,0.38,0.5522,45,545,590
1983,2011-03-28,2,0,3,11,0,1,1,2,0.26,0.2424,0.3,0.2836,18,39,57
8392,2011-12-21,1,0,12,7,0,3,1,2,0.36,0.3636,0.87,0.1045,5,224,229
8678,2012-01-02,1,1,1,9,1,1,0,1,0.24,0.2576,0.35,0,15,53,68
5729,2011-09-01,3,0,9,3,0,4,1,1,0.58,0.5455,0.78,0.0896,7,7,14
2824,2011-05-02,2,0,5,13,0,1,1,2,0.62,0.6061,0.69,0.194,51,119,170
4552,2011-07-13,3,0,7,13,0,3,1,3,0.82,0.7576,0.46,0.1343,39,119,158
5337,2011-08-15,3,0,8,6,0,1,1,1,0.6,0.5455,0.88,0.2537,3,87,90
4454,2011-07-09,3,0,7,11,0,6,0,1,0.78,0.697,0.46,0.2985,101,189,290
14515,2012-09-01,3,1,9,23,0,6,0,1,0.66,0.5909,0.89,0.0896,57,88,145
3750,2011-06-10,2,0,6,3,0,5,1,1,0.68,0.6364,0.69,0.1642,3,3,6
10229,2012-03-07,1,1,3,6,0,3,1,1,0.28,0.2576,0.61,0.3881,4,104,108
8002,2011-12-05,4,0,12,1,0,1,1,1,0.32,0.3485,0.87,0,2,10,12
15122,2012-09-27,4,1,9,6,0,4,1,1,0.56,0.5303,0.88,0.0896,5,164,169
12697,2012-06-18,2,1,6,5,0,1,1,3,0.52,0.5,0.83,0.1343,1,22,23
9080,2012-01-19,1,1,1,5,0,4,1,1,0.12,0.1212,0.55,0.2537,0,19,19
525,2011-01-23,1,0,1,23,0,0,0,1,0.06,0.0606,0.41,0.2239,4,17,21
15677,2012-10-20,4,1,10,9,0,6,0,1,0.5,0.4848,0.59,0.1343,106,257,363
9140,2012-01-21,1,1,1,17,0,6,0,2,0.2,0.1818,0.8,0.3881,7,99,106
8451,2011-12-23,1,0,12,18,0,5,1,1,0.36,0.3333,0.5,0.2537,4,91,95
14673,2012-09-08,3,1,9,13,0,6,0,1,0.82,0.7727,0.52,0.5224,233,435,668
11368,2012-04-23,2,1,4,20,0,1,1,2,0.32,0.3182,0.76,0.1642,17,186,203
123,2011-01-06,1,0,1,8,0,4,1,1,0.16,0.2273,0.59,0,3,216,219
4367,2011-07-05,3,0,7,20,0,2,1,1,0.76,0.7273,0.66,0.1045,59,225,284
9935,2012-02-23,1,1,2,23,0,4,1,1,0.44,0.4394,0.54,0,14,71,85
2303,2011-04-10,2,0,4,19,0,0,0,1,0.5,0.4848,0.77,0.194,47,84,131
15180,2012-09-29,4,1,9,16,0,6,0,1,0.62,0.6212,0.41,0.2537,275,447,722
13898,2012-08-07,3,1,8,6,0,2,1,2,0.7,0.6667,0.79,0.194,3,176,179
5821,2011-09-04,3,0,9,23,0,0,0,2,0.72,0.6818,0.7,0.1642,46,58,104
9198,2012-01-24,1,1,1,3,0,2,1,2,0.32,0.3333,0.93,0.1343,0,3,3
9302,2012-01-28,1,1,1,11,0,6,0,1,0.3,0.303,0.56,0.1343,55,241,296
13849,2012-08-05,3,1,8,5,0,0,0,1,0.72,0.697,0.74,0.2537,1,18,19
8881,2012-01-10,1,1,1,21,0,2,1,1,0.32,0.3333,0.66,0.0896,7,109,116
3056,2011-05-12,2,0,5,5,0,4,1,1,0.42,0.4242,0.94,0.1343,2,27,29
3567,2011-06-02,2,0,6,12,0,4,1,1,0.76,0.6667,0.25,0.4627,39,193,232
49,2011-01-03,1,0,1,1,0,1,1,1,0.2,0.1667,0.44,0.4179,0,2,2
502,2011-01-22,1,0,1,23,0,6,0,1,0.04,0.0758,0.57,0.1045,2,31,33
3186,2011-05-17,2,0,5,15,0,2,1,1,0.62,0.6061,0.69,0.4478,79,131,210
10331,2012-03-11,1,1,3,13,0,0,0,1,0.42,0.4242,0.41,0.2985,176,288,464
230,2011-01-10,1,0,1,20,0,1,1,1,0.16,0.1667,0.5,0.1642,1,73,74
10954,2012-04-06,2,1,4,13,0,5,1,1,0.44,0.4394,0.33,0.3284,173,238,411
2825,2011-05-02,2,0,5,14,0,1,1,1,0.64,0.6061,0.69,0.2239,48,133,181
8773,2012-01-06,1,1,1,8,0,5,1,1,0.24,0.2424,0.7,0.1343,11,436,447
14222,2012-08-20,3,1,8,18,0,1,1,2,0.62,0.5909,0.78,0.2537,89,726,815
3008,2011-05-10,2,0,5,5,0,2,1,1,0.4,0.4091,0.66,0.2239,1,28,29
4306,2011-07-03,3,0,7,7,0,0,0,2,0.64,0.5758,0.89,0.194,3,22,25
1075,2011-02-17,1,0,2,12,0,4,1,1,0.48,0.4697,0.41,0.2239,15,86,101
11892,2012-05-15,2,1,5,16,0,2,1,1,0.68,0.6364,0.65,0.1642,74,300,374
9884,2012-02-21,1,1,2,20,0,2,1,1,0.34,0.3182,0.53,0.2537,4,223,227
7654,2011-11-20,4,0,11,12,0,0,0,2,0.5,0.4848,0.63,0.1343,70,234,304
7211,2011-11-02,4,0,11,1,0,3,1,1,0.3,0.3333,0.87,0,2,8,10
2945,2011-05-07,2,0,5,14,0,6,0,3,0.6,0.6212,0.35,0.1642,143,235,378
9508,2012-02-06,1,1,2,1,0,1,1,1,0.22,0.2576,0.75,0.0896,0,6,6
13819,2012-08-03,3,1,8,23,0,5,1,1,0.74,0.7121,0.79,0.1343,26,170,196
8639,2011-12-31,1,0,12,17,0,6,0,1,0.42,0.4242,0.54,0.194,28,101,129
4434,2011-07-08,3,0,7,15,0,5,1,2,0.8,0.7879,0.63,0.3582,39,102,141
16243,2012-11-14,4,1,11,12,0,3,1,1,0.34,0.3333,0.46,0,40,200,240
4162,2011-06-27,3,0,6,7,0,1,1,2,0.64,0.6061,0.73,0.2239,14,247,261
15805,2012-10-25,4,1,10,17,0,4,1,1,0.6,0.5909,0.69,0.1642,112,774,886
14247,2012-08-21,3,1,8,19,0,2,1,3,0.62,0.5909,0.73,0.1045,56,420,476
6879,2011-10-19,4,0,10,5,0,3,1,3,0.5,0.4848,1,0.1045,0,3,3
13858,2012-08-05,3,1,8,14,0,0,0,1,0.9,0.8485,0.42,0.4627,161,365,526
5323,2011-08-14,3,0,8,16,0,0,0,1,0.74,0.697,0.66,0.1642,116,176,292
11011,2012-04-08,2,1,4,22,0,0,0,1,0.5,0.4848,0.36,0.2239,33,85,118
10357,2012-03-12,1,1,3,15,0,1,1,1,0.56,0.5303,0.4,0.1343,74,159,233
16295,2012-11-16,4,1,11,16,0,5,1,1,0.42,0.4242,0.35,0.2836,33,350,383
13654,2012-07-28,3,1,7,2,0,6,0,1,0.72,0.6818,0.7,0,14,76,90
13317,2012-07-14,3,1,7,1,0,6,0,2,0.7,0.6515,0.51,0.1045,13,105,118
11181,2012-04-16,2,1,4,1,1,1,0,1,0.62,0.6061,0.61,0.3582,7,21,28
10772,2012-03-29,2,1,3,22,0,4,1,1,0.42,0.4242,0.44,0.2836,17,135,152
1018,2011-02-15,1,0,2,1,0,2,1,1,0.3,0.2424,0.42,0.7761,0,5,5
12578,2012-06-13,2,1,6,6,0,3,1,1,0.6,0.5606,0.83,0.2239,6,188,194
8541,2011-12-27,1,0,12,14,0,2,1,3,0.42,0.4242,0.82,0.3881,0,14,14
7744,2011-11-24,4,0,11,6,1,4,0,1,0.3,0.3182,0.61,0.0896,1,5,6
1929,2011-03-26,2,0,3,3,0,6,0,1,0.2,0.197,0.47,0.194,2,7,9
16059,2012-11-06,4,1,11,19,0,2,1,1,0.3,0.2879,0.56,0.2239,15,356,371
351,2011-01-16,1,0,1,2,0,0,0,1,0.26,0.2879,0.56,0.0896,3,13,16
10592,2012-03-22,2,1,3,10,0,4,1,2,0.5,0.4848,1,0.0896,32,110,142
224,2011-01-10,1,0,1,14,0,1,1,2,0.2,0.197,0.4,0.2239,0,47,47
6031,2011-09-13,3,0,9,20,0,2,1,1,0.66,0.6212,0.74,0.194,31,241,272
16840,2012-12-09,4,1,12,10,0,0,0,2,0.4,0.4091,0.87,0.2836,39,180,219
16108,2012-11-08,4,1,11,21,0,4,1,1,0.36,0.3333,0.37,0.3881,11,222,233
16113,2012-11-09,4,1,11,2,0,5,1,1,0.32,0.303,0.53,0.2537,1,11,12
16612,2012-11-29,4,1,11,22,0,4,1,1,0.26,0.2879,0.7,0.0896,4,147,151
2501,2011-04-19,2,0,4,2,0,2,1,1,0.46,0.4545,0.67,0.2836,8,5,13
14716,2012-09-10,3,1,9,8,0,1,1,1,0.56,0.5303,0.6,0.2836,33,697,730
565,2011-01-25,1,0,1,17,0,2,1,1,0.3,0.3333,0.45,0,14,208,222
12625,2012-06-15,2,1,6,5,0,5,1,1,0.54,0.5152,0.88,0.1045,2,31,33
16658,2012-12-01,4,1,12,20,0,6,0,1,0.32,0.3485,0.81,0,28,170,198
11224,2012-04-17,2,1,4,20,0,2,1,1,0.6,0.6061,0.23,0.2836,44,358,402
3386,2011-05-25,2,0,5,23,0,3,1,1,0.64,0.6061,0.73,0.1343,12,74,86
3934,2011-06-17,2,0,6,19,0,5,1,3,0.64,0.5758,0.83,0.2537,53,275,328
7960,2011-12-03,4,0,12,7,0,6,0,1,0.22,0.2576,0.75,0.0896,2,24,26
2708,2011-04-27,2,0,4,17,0,3,1,3,0.66,0.6061,0.83,0.3881,63,458,521
2791,2011-05-01,2,0,5,4,0,0,0,1,0.4,0.4091,0.76,0.1045,6,11,17
3447,2011-05-28,2,0,5,12,0,6,0,1,0.72,0.6667,0.58,0.2537,145,213,358
11342,2012-04-22,2,1,4,18,0,0,0,3,0.36,0.3182,0.93,0.4478,1,38,39
3536,2011-06-01,2,0,6,5,0,3,1,2,0.66,0.5909,0.89,0.0896,2,19,21
17167,2012-12-23,1,1,12,1,0,0,0,1,0.22,0.2273,0.47,0.194,1,19,20
17224,2012-12-25,1,1,12,12,1,2,0,1,0.32,0.3333,0.76,0.0896,62,52,114
14467,2012-08-30,3,1,8,23,0,4,1,1,0.7,0.6667,0.74,0.1045,19,133,152
7526,2011-11-15,4,0,11,4,0,2,1,1,0.56,0.5303,0.64,0.2985,1,6,7
822,2011-02-06,1,0,2,16,0,0,0,1,0.34,0.3485,0.49,0.1045,42,115,157
15791,2012-10-25,4,1,10,3,0,4,1,2,0.52,0.5,0.88,0.1343,0,8,8
8279,2011-12-16,4,0,12,14,0,5,1,2,0.34,0.3182,0.42,0.2239,13,115,128
8274,2011-12-16,4,0,12,9,0,5,1,1,0.36,0.3333,0.46,0.3881,8,235,243
12177,2012-05-27,2,1,5,13,0,0,0,1,0.76,0.7121,0.58,0.194,270,228,498
16771,2012-12-06,4,1,12,13,0,4,1,1,0.3,0.3333,0.39,0,33,212,245
9024,2012-01-16,1,1,1,20,1,1,0,1,0.26,0.2424,0.6,0.2836,2,88,90
7646,2011-11-20,4,0,11,4,0,0,0,2,0.4,0.4091,0.71,0.2836,2,10,12
12640,2012-06-15,2,1,6,20,0,5,1,1,0.68,0.6364,0.44,0.194,89,296,385
2834,2011-05-02,2,0,5,23,0,1,1,2,0.56,0.5303,0.83,0.194,16,48,64
7407,2011-11-10,4,0,11,5,0,4,1,2,0.36,0.3485,1,0.1343,1,22,23
11099,2012-04-12,2,1,4,15,0,4,1,1,0.48,0.4697,0.31,0.2537,42,169,211
16607,2012-11-29,4,1,11,17,0,4,1,1,0.34,0.3333,0.39,0.194,17,544,561
8241,2011-12-15,4,0,12,0,0,4,1,1,0.32,0.3182,0.7,0.1642,5,45,50
11615,2012-05-04,2,1,5,3,0,5,1,1,0.56,0.5303,0.88,0.2239,0,14,14
16107,2012-11-08,4,1,11,20,0,4,1,1,0.38,0.3939,0.29,0.4627,10,235,245
7769,2011-11-25,4,0,11,7,0,5,1,1,0.26,0.303,0.81,0,4,31,35
13893,2012-08-07,3,1,8,1,0,2,1,1,0.7,0.6667,0.84,0.1343,2,16,18
4096,2011-06-24,3,0,6,13,0,5,1,1,0.8,0.7121,0.36,0.2239,43,178,221
2690,2011-04-26,2,0,4,23,0,2,1,2,0.6,0.5606,0.83,0.2239,7,71,78
1190,2011-02-22,1,0,2,14,0,2,1,1,0.22,0.2273,0.55,0.194,9,49,58
9286,2012-01-27,1,1,1,19,0,5,1,1,0.36,0.3333,0.5,0.3881,10,241,251
4846,2011-07-25,3,0,7,19,0,1,1,1,0.74,0.697,0.7,0.0896,62,324,386
5211,2011-08-10,3,0,8,0,0,3,1,1,0.74,0.6667,0.51,0.2239,19,18,37
3991,2011-06-20,2,0,6,4,0,1,1,3,0.62,0.5606,0.88,0.1642,1,2,3
8061,2011-12-07,4,0,12,12,0,3,1,3,0.44,0.4394,1,0.1343,4,29,33
5677,2011-08-29,3,0,8,23,0,1,1,1,0.6,0.6061,0.6,0.0896,19,56,75
14149,2012-08-17,3,1,8,17,0,5,1,1,0.82,0.2424,0.36,0.3284,144,647,791
12236,2012-05-30,2,1,5,0,0,3,1,3,0.64,0.5758,0.89,0.1045,4,32,36
12010,2012-05-20,2,1,5,14,0,0,0,1,0.72,0.6515,0.39,0.3881,236,307,543
11879,2012-05-15,2,1,5,3,0,2,1,3,0.58,0.5455,0.83,0.1343,1,5,6
13040,2012-07-02,3,1,7,12,0,1,1,1,0.84,0.7273,0.32,0.194,74,183,257
3881,2011-06-15,2,0,6,14,0,3,1,1,0.74,0.6515,0.28,0,50,128,178
13874,2012-08-06,3,1,8,6,0,1,1,2,0.7,0.6667,0.79,0.2239,4,137,141
12933,2012-06-28,3,1,6,1,0,4,1,1,0.66,0.6212,0.54,0,11,14,25
15296,2012-10-04,4,1,10,12,0,4,1,2,0.72,0.6667,0.54,0.194,57,231,288
4935,2011-07-29,3,0,7,12,0,5,1,1,0.96,0.8636,0.31,0.2836,40,95,135
11092,2012-04-12,2,1,4,8,0,4,1,1,0.32,0.303,0.66,0.3284,20,604,624
16694,2012-12-03,4,1,12,8,0,1,1,1,0.36,0.3788,0.93,0,19,712,731
7747,2011-11-24,4,0,11,9,1,4,0,1,0.34,0.3485,0.61,0,13,68,81
5236,2011-08-11,3,0,8,1,0,4,1,1,0.7,0.6364,0.45,0.1343,9,17,26
3946,2011-06-18,2,0,6,7,0,6,0,1,0.64,0.5909,0.78,0.1343,12,45,57
2165,2011-04-05,2,0,4,1,0,2,1,3,0.62,0.6212,0.57,0.4179,10,5,15
2887,2011-05-05,2,0,5,4,0,4,1,1,0.34,0.3182,0.66,0.2537,4,3,7
14765,2012-09-12,3,1,9,9,0,3,1,1,0.6,0.6061,0.64,0.1343,50,278,328
12753,2012-06-20,2,1,6,13,0,3,1,1,0.86,0.7879,0.44,0.1045,48,163,211
14427,2012-08-29,3,1,8,7,0,3,1,1,0.64,0.6061,0.65,0.0896,23,531,554
16606,2012-11-29,4,1,11,16,0,4,1,1,0.36,0.3485,0.4,0.2239,24,346,370
5667,2011-08-29,3,0,8,13,0,1,1,2,0.7,0.6364,0.39,0,48,170,218
173,2011-01-08,1,0,1,11,0,6,0,2,0.2,0.1818,0.69,0.3881,2,60,62
640,2011-01-29,1,0,1,22,0,6,0,1,0.16,0.197,0.8,0.0896,4,28,32
9735,2012-02-15,1,1,2,13,0,3,1,1,0.4,0.4091,0.43,0.2836,11,159,170
11019,2012-04-09,2,1,4,6,0,1,1,1,0.42,0.4242,0.26,0.2239,3,108,111
16066,2012-11-07,4,1,11,2,0,3,1,2,0.28,0.2576,0.56,0.2985,6,68,74
9792,2012-02-17,1,1,2,22,0,5,1,1,0.36,0.3485,0.4,0.2239,15,92,107
5066,2011-08-03,3,0,8,23,0,3,1,2,0.68,0.6364,0.89,0.0896,4,52,56
16998,2012-12-16,4,1,12,0,0,0,0,2,0.36,0.3788,0.62,0,8,102,110
13305,2012-07-13,3,1,7,13,0,5,1,2,0.8,0.7121,0.38,0.1343,100,274,374
7436,2011-11-11,4,0,11,10,1,5,0,1,0.32,0.2727,0.42,0.5522,38,162,200
11760,2012-05-10,2,1,5,4,0,4,1,1,0.46,0.4545,0.77,0.194,0,2,2
11980,2012-05-19,2,1,5,8,0,6,0,1,0.52,0.5,0.52,0.1642,33,162,195
8920,2012-01-12,1,1,1,12,0,4,1,2,0.34,0.3485,0.81,0.1045,14,130,144
16570,2012-11-28,4,1,11,3,0,3,1,2,0.26,0.2576,0.7,0.2239,0,3,3
13345,2012-07-15,3,1,7,5,0,0,0,1,0.68,0.6364,0.89,0.1343,2,7,9
9027,2012-01-16,1,1,1,23,1,1,0,3,0.26,0.2273,0.7,0.2985,0,28,28
2487,2011-04-18,2,0,4,12,0,1,1,2,0.56,0.5303,0.49,0.0896,60,124,184
9323,2012-01-29,1,1,1,8,0,0,0,1,0.18,0.197,0.4,0.1343,9,61,70
11298,2012-04-20,2,1,4,22,0,5,1,1,0.54,0.5152,0.68,0.2537,26,176,202
8258,2011-12-15,4,0,12,17,0,4,1,2,0.52,0.5,0.59,0.2836,14,310,324
13001,2012-06-30,3,1,6,21,0,6,0,1,0.82,0.7727,0.52,0.1642,48,165,213
12553,2012-06-12,2,1,6,5,0,2,1,3,0.6,0.5455,0.88,0.1343,1,28,29
2025,2011-03-30,2,0,3,5,0,3,1,2,0.3,0.2879,0.56,0.194,0,7,7
1873,2011-03-23,2,0,3,19,0,3,1,3,0.38,0.3939,0.82,0.2537,12,147,159
355,2011-01-16,1,0,1,6,0,0,0,2,0.26,0.2576,0.56,0.1642,0,1,1
5361,2011-08-16,3,0,8,6,0,2,1,1,0.62,0.5909,0.73,0.3284,4,115,119
11567,2012-05-02,2,1,5,3,0,3,1,1,0.56,0.5303,0.83,0.0896,0,6,6
1165,2011-02-21,1,0,2,7,1,1,0,2,0.42,0.4242,0.26,0.2836,3,16,19
15016,2012-09-22,3,1,9,20,0,6,0,1,0.7,0.6515,0.54,0.2537,76,249,325
16239,2012-11-14,4,1,11,8,0,3,1,1,0.28,0.2576,0.56,0.2985,27,664,691
3396,2011-05-26,2,0,5,9,0,4,1,1,0.72,0.6818,0.7,0.1642,22,194,216
13782,2012-08-02,3,1,8,10,0,4,1,1,0.8,0.7576,0.55,0,51,130,181
3128,2011-05-15,2,0,5,5,0,0,0,3,0.52,0.5,1,0.1045,3,11,14
12896,2012-06-26,3,1,6,12,0,2,1,1,0.66,0.6212,0.34,0.4478,80,228,308
14356,2012-08-26,3,1,8,8,0,0,0,1,0.68,0.6364,0.79,0.2836,21,112,133
9384,2012-01-31,1,1,1,21,0,2,1,1,0.46,0.4545,0.33,0.2985,3,162,165
13118,2012-07-05,3,1,7,18,0,4,1,2,0.9,0.8333,0.39,0.3284,96,511,607
4355,2011-07-05,3,0,7,8,0,2,1,1,0.72,0.6818,0.62,0.1343,41,391,432
12249,2012-05-30,2,1,5,13,0,3,1,1,0.7,0.6515,0.51,0,53,236,289
10128,2012-03-03,1,1,3,1,0,6,0,3,0.36,0.3788,0.93,0,0,44,44
3588,2011-06-03,2,0,6,9,0,5,1,1,0.58,0.5455,0.4,0.1642,36,194,230
14071,2012-08-14,3,1,8,11,0,2,1,1,0.74,0.6818,0.62,0,69,127,196
325,2011-01-15,1,0,1,0,0,6,0,1,0.18,0.2424,0.55,0,3,25,28
7891,2011-11-30,4,0,11,10,0,3,1,1,0.34,0.3182,0.66,0.2239,15,95,110
5172,2011-08-08,3,0,8,9,0,1,1,1,0.76,0.697,0.55,0.3881,37,146,183
5649,2011-08-28,3,0,8,19,0,0,0,1,0.72,0.6667,0.48,0.1045,140,247,387
6744,2011-10-13,4,0,10,13,0,4,1,2,0.64,0.5758,0.83,0.1642,20,142,162
13471,2012-07-20,3,1,7,11,0,5,1,3,0.72,0.697,0.74,0.194,51,161,212
3210,2011-05-18,2,0,5,15,0,3,1,1,0.6,0.5758,0.78,0.2537,34,133,167
15294,2012-10-04,4,1,10,10,0,4,1,2,0.66,0.6061,0.83,0.1343,27,150,177
4753,2011-07-21,3,0,7,22,0,4,1,1,0.82,0.8636,0.71,0.1642,36,113,149
8880,2012-01-10,1,1,1,20,0,2,1,1,0.34,0.3485,0.53,0.1045,10,190,200
2380,2011-04-14,2,0,4,1,0,4,1,1,0.38,0.3939,0.76,0.2239,1,9,10
12853,2012-06-24,3,1,6,17,0,0,0,1,0.84,0.7273,0.32,0.2537,203,329,532
8022,2011-12-05,4,0,12,21,0,1,1,2,0.44,0.4394,0.88,0.0896,10,166,176
12161,2012-05-26,2,1,5,21,0,6,0,2,0.72,0.6818,0.62,0.194,100,151,251
6659,2011-10-10,4,0,10,0,1,1,0,1,0.5,0.4848,0.94,0,11,42,53
15766,2012-10-24,4,1,10,2,0,3,1,1,0.54,0.5152,0.68,0,0,6,6
8178,2011-12-12,4,0,12,9,0,1,1,2,0.18,0.2121,0.74,0.0896,12,208,220
14959,2012-09-20,3,1,9,11,0,4,1,1,0.62,0.6212,0.43,0,37,206,243
4422,2011-07-08,3,0,7,3,0,5,1,1,0.68,0.6364,0.79,0.1045,2,4,6
1102,2011-02-18,1,0,2,15,0,5,1,1,0.66,0.6212,0.36,0.3284,55,117,172
10904,2012-04-04,2,1,4,11,0,3,1,2,0.6,0.6212,0.43,0.3582,61,152,213
8610,2011-12-30,1,0,12,12,0,5,1,1,0.32,0.3333,0.57,0.1343,38,159,197
8062,2011-12-07,4,0,12,13,0,3,1,3,0.44,0.4394,1,0.194,5,28,33
3251,2011-05-20,2,0,5,8,0,5,1,1,0.54,0.5152,0.68,0,41,476,517
3558,2011-06-02,2,0,6,3,0,4,1,1,0.66,0.6212,0.44,0.1045,0,4,4
710,2011-02-01,1,0,2,22,0,2,1,2,0.22,0.2576,0.87,0.0896,2,34,36
119,2011-01-06,1,0,1,4,0,4,1,2,0.16,0.197,0.64,0.0896,0,1,1
4599,2011-07-15,3,0,7,12,0,5,1,1,0.7,0.6515,0.48,0.194,61,177,238
2043,2011-03-30,2,0,3,23,0,3,1,3,0.24,0.2121,0.93,0.2836,1,11,12
7420,2011-11-10,4,0,11,18,0,4,1,2,0.36,0.3485,0.81,0.1642,10,263,273
6131,2011-09-18,3,0,9,0,0,0,0,1,0.46,0.4545,0.77,0.2239,24,88,112
9747,2012-02-16,1,1,2,1,0,4,1,2,0.3,0.3333,0.7,0,0,5,5
16074,2012-11-07,4,1,11,10,0,3,1,2,0.28,0.2576,0.56,0.2985,27,151,178
5316,2011-08-14,3,0,8,9,0,0,0,3,0.66,0.5909,0.89,0.2836,27,76,103
14806,2012-09-14,3,1,9,2,0,5,1,1,0.56,0.5303,0.73,0,7,23,30
6607,2011-10-07,4,0,10,20,0,5,1,1,0.54,0.5152,0.49,0,30,167,197
16488,2012-11-24,4,1,11,17,0,6,0,1,0.26,0.2273,0.41,0.3881,29,97,126
5004,2011-08-01,3,0,8,9,0,1,1,1,0.82,0.7424,0.41,0,27,139,166
6524,2011-10-04,4,0,10,9,0,2,1,1,0.46,0.4545,0.67,0.2537,19,168,187
4274,2011-07-01,3,0,7,23,0,5,1,1,0.68,0.6364,0.47,0.0896,44,96,140
5740,2011-09-01,3,0,9,14,0,4,1,3,0.72,0.6667,0.54,0.2537,54,144,198
15578,2012-10-16,4,1,10,6,0,2,1,1,0.42,0.4242,0.67,0.1642,4,168,172
5471,2011-08-20,3,0,8,20,0,6,0,1,0.74,0.6818,0.62,0.2239,78,170,248
5817,2011-09-04,3,0,9,19,0,0,0,1,0.74,0.697,0.7,0.194,178,150,328
10872,2012-04-03,2,1,4,3,0,2,1,1,0.38,0.3939,0.46,0,0,3,3
88,2011-01-04,1,0,1,19,0,2,1,1,0.24,0.2576,0.48,0.1045,2,110,112
7631,2011-11-19,4,0,11,13,0,6,0,1,0.42,0.4242,0.3,0.2836,118,245,363
4164,2011-06-27,3,0,6,9,0,1,1,2,0.72,0.6667,0.54,0,37,150,187
3383,2011-05-25,2,0,5,20,0,3,1,1,0.7,0.6515,0.61,0.1642,56,284,340
404,2011-01-18,1,0,1,19,0,2,1,2,0.22,0.2273,0.8,0.1343,1,98,99
4912,2011-07-28,3,0,7,13,0,4,1,1,0.86,0.803,0.47,0.2537,26,126,152
9366,2012-01-31,1,1,1,3,0,2,1,1,0.3,0.2879,0.45,0.2239,0,2,2
13027,2012-07-01,3,1,7,23,0,0,0,3,0.78,0.7121,0.52,0.1642,22,88,110
6379,2011-09-28,4,0,9,8,0,3,1,3,0.62,0.5455,0.94,0.2239,17,270,287
2242,2011-04-08,2,0,4,6,0,5,1,2,0.34,0.3636,0.87,0,2,33,35
11068,2012-04-11,2,1,4,8,0,3,1,1,0.3,0.2879,0.49,0.2239,14,581,595
13182,2012-07-08,3,1,7,10,0,0,0,1,0.9,0.8636,0.45,0,85,234,319
12111,2012-05-24,2,1,5,19,0,4,1,1,0.7,0.6515,0.61,0.2985,76,416,492
6311,2011-09-25,4,0,9,12,0,0,0,2,0.66,0.6061,0.78,0,143,270,413
9220,2012-01-25,1,1,1,1,0,3,1,1,0.3,0.2879,0.7,0.2239,4,9,13
5518,2011-08-22,3,0,8,19,0,1,1,1,0.7,0.6364,0.3,0.2836,66,350,416
2437,2011-04-16,2,0,4,10,0,6,0,3,0.42,0.4242,0.94,0.3881,1,21,22
4690,2011-07-19,3,0,7,7,0,2,1,2,0.74,0.697,0.7,0.1642,28,287,315
12481,2012-06-09,2,1,6,5,0,6,0,1,0.6,0.6212,0.56,0.1045,4,15,19
9471,2012-02-04,1,1,2,12,0,6,0,2,0.3,0.3182,0.7,0.0896,40,260,300
11268,2012-04-19,2,1,4,16,0,4,1,1,0.62,0.6212,0.41,0.1045,63,324,387
6857,2011-10-18,4,0,10,6,0,2,1,1,0.46,0.4545,0.82,0.0896,4,105,109
13645,2012-07-27,3,1,7,17,0,5,1,1,0.86,0.7879,0.41,0.2836,101,598,699
6655,2011-10-09,4,0,10,20,0,0,0,1,0.56,0.5303,0.73,0.1045,59,134,193
1426,2011-03-04,1,0,3,16,0,5,1,1,0.36,0.3485,0.46,0.194,17,101,118
5028,2011-08-02,3,0,8,9,0,2,1,1,0.78,0.697,0.46,0.2985,31,182,213
5282,2011-08-12,3,0,8,23,0,5,1,1,0.68,0.6364,0.51,0,51,100,151
11349,2012-04-23,2,1,4,1,0,1,1,3,0.34,0.303,0.87,0.3582,1,1,2
1503,2011-03-07,1,0,3,23,0,1,1,1,0.28,0.3182,0.48,0,0,22,22
15911,2012-10-31,4,1,10,15,0,3,1,1,0.42,0.4242,0.54,0.1642,33,197,230
679,2011-01-31,1,0,1,14,0,1,1,2,0.18,0.197,0.55,0.1343,1,85,86
6674,2011-10-10,4,0,10,15,1,1,0,2,0.72,0.6515,0.42,0.1045,130,254,384
5852,2011-09-06,3,0,9,7,0,2,1,2,0.54,0.5152,0.83,0.3582,6,166,172
7195,2011-11-01,4,0,11,9,0,2,1,1,0.4,0.4091,0.66,0.1642,16,206,222
10433,2012-03-15,1,1,3,19,0,4,1,2,0.64,0.6212,0.5,0.194,72,353,425
5054,2011-08-03,3,0,8,11,0,3,1,2,0.74,0.6818,0.58,0.1045,29,93,122
1851,2011-03-22,2,0,3,20,0,2,1,2,0.44,0.4394,0.54,0.3582,19,116,135
6523,2011-10-04,4,0,10,8,0,2,1,1,0.44,0.4394,0.77,0.2239,28,372,400
1071,2011-02-17,1,0,2,8,0,4,1,1,0.32,0.3333,0.57,0.0896,18,267,285
9947,2012-02-24,1,1,2,11,0,5,1,2,0.36,0.3636,0.81,0.1045,27,136,163
6785,2011-10-15,4,0,10,6,0,6,0,1,0.4,0.4091,0.71,0,5,15,20
15416,2012-10-09,4,1,10,12,0,2,1,2,0.48,0.4697,0.69,0.194,43,217,260
3393,2011-05-26,2,0,5,6,0,4,1,2,0.6,0.5,1,0.0896,4,94,98
1100,2011-02-18,1,0,2,13,0,5,1,1,0.6,0.6212,0.43,0.194,45,131,176
16565,2012-11-27,4,1,11,22,0,2,1,1,0.24,0.2424,0.81,0.1642,2,95,97
14342,2012-08-25,3,1,8,18,0,6,0,2,0.66,0.6212,0.69,0.4627,122,261,383
419,2011-01-19,1,0,1,11,0,3,1,2,0.28,0.303,0.87,0.0896,5,47,52
11660,2012-05-06,2,1,5,0,0,0,0,2,0.56,0.5303,0.83,0.1343,23,111,134
5820,2011-09-04,3,0,9,22,0,0,0,2,0.72,0.697,0.74,0.2836,70,85,155
10942,2012-04-06,2,1,4,1,0,5,1,1,0.36,0.3485,0.62,0.1343,10,28,38
14768,2012-09-12,3,1,9,12,0,3,1,1,0.68,0.6364,0.36,0.1343,88,264,352
11293,2012-04-20,2,1,4,17,0,5,1,1,0.64,0.6212,0.47,0.2836,122,697,819
17203,2012-12-24,1,1,12,14,0,1,1,3,0.24,0.2576,0.87,0.1045,13,33,46
8401,2011-12-21,1,0,12,16,0,3,1,3,0.44,0.4394,1,0.3284,6,95,101
16125,2012-11-09,4,1,11,14,0,5,1,1,0.46,0.4545,0.38,0.194,67,207,274
16578,2012-11-28,4,1,11,11,0,3,1,1,0.32,0.3182,0.45,0.1642,19,127,146
4894,2011-07-27,3,0,7,19,0,3,1,1,0.8,0.697,0.29,0.0896,87,288,375
8721,2012-01-04,1,1,1,4,0,3,1,1,0.02,0.0455,0.41,0.194,0,2,2
8972,2012-01-14,1,1,1,16,0,6,0,1,0.24,0.2273,0.38,0.2239,28,178,206
723,2011-02-02,1,0,2,11,0,3,1,2,0.24,0.2273,0.93,0.194,5,47,52
5177,2011-08-08,3,0,8,14,0,1,1,1,0.82,0.7424,0.43,0.2985,41,109,150
1861,2011-03-23,2,0,3,7,0,3,1,2,0.32,0.303,0.93,0.2239,7,111,118
16711,2012-12-04,4,1,12,1,0,2,1,1,0.42,0.4242,0.82,0.1045,3,22,25
1688,2011-03-15,1,0,3,22,0,2,1,2,0.32,0.3182,0.87,0.1642,1,20,21
8499,2011-12-25,1,0,12,19,0,0,0,1,0.32,0.3333,0.57,0.1343,2,14,16
16598,2012-11-29,4,1,11,8,0,4,1,1,0.2,0.2273,0.69,0.1045,15,664,679
1993,2011-03-28,2,0,3,21,0,1,1,1,0.32,0.3333,0.21,0.1343,6,55,61
12003,2012-05-20,2,1,5,7,0,0,0,1,0.52,0.5,0.68,0.194,35,55,90
12205,2012-05-28,2,1,5,17,1,1,0,1,0.82,0.7879,0.56,0.2985,158,247,405
14039,2012-08-13,3,1,8,3,0,1,1,1,0.64,0.6061,0.69,0,1,5,6
10498,2012-03-18,1,1,3,12,0,0,0,2,0.44,0.4394,0.88,0.1343,222,281,503
6118,2011-09-17,3,0,9,11,0,6,0,2,0.52,0.5,0.68,0.2239,119,248,367
3460,2011-05-29,2,0,5,1,0,0,0,1,0.62,0.5606,0.88,0.1642,17,49,66
6568,2011-10-06,4,0,10,5,0,4,1,1,0.42,0.4242,0.62,0.194,0,24,24
16397,2012-11-20,4,1,11,22,0,2,1,1,0.36,0.3788,0.71,0,7,115,122
13930,2012-08-08,3,1,8,14,0,3,1,2,0.8,0.7424,0.52,0.2537,63,173,236
9297,2012-01-28,1,1,1,6,0,6,0,1,0.24,0.2879,0.7,0,3,12,15
10836,2012-04-01,2,1,4,14,0,0,0,2,0.48,0.4697,0.55,0.2239,283,278,561
14555,2012-09-03,3,1,9,15,1,1,0,1,0.74,0.697,0.7,0.2239,168,281,449
8950,2012-01-13,1,1,1,18,0,5,1,1,0.26,0.2273,0.38,0.2985,7,294,301
5493,2011-08-21,3,0,8,18,0,0,0,1,0.72,0.697,0.79,0.2537,96,215,311
10676,2012-03-25,2,1,3,22,0,0,0,1,0.46,0.4545,0.82,0.1343,19,92,111
15449,2012-10-10,4,1,10,21,0,3,1,1,0.5,0.4848,0.51,0.3582,18,251,269
8450,2011-12-23,1,0,12,17,0,5,1,1,0.36,0.3485,0.53,0.2239,11,129,140
13978,2012-08-10,3,1,8,14,0,5,1,1,0.76,0.7121,0.58,0.3582,71,236,307
9233,2012-01-25,1,1,1,14,0,3,1,1,0.34,0.3485,0.49,0.0896,53,107,160
14797,2012-09-13,3,1,9,17,0,4,1,1,0.72,0.6515,0.42,0.194,97,787,884
11831,2012-05-13,2,1,5,3,0,0,0,2,0.54,0.5152,0.64,0.1343,2,26,28
3626,2011-06-04,2,0,6,23,0,6,0,2,0.64,0.6212,0.57,0,29,121,150
14688,2012-09-09,3,1,9,4,0,0,0,1,0.52,0.5,0.77,0.2537,12,16,28
16528,2012-11-26,4,1,11,9,0,1,1,1,0.28,0.303,0.56,0.0896,10,276,286
8696,2012-01-03,1,1,1,3,0,2,1,1,0.16,0.1364,0.55,0.2836,0,2,2
15254,2012-10-02,4,1,10,18,0,2,1,3,0.62,0.5455,0.94,0.0896,48,639,687
849,2011-02-07,1,0,2,19,0,1,1,2,0.32,0.3485,0.7,0,5,123,128
2249,2011-04-08,2,0,4,13,0,5,1,3,0.36,0.3333,0.76,0.2836,7,35,42
5617,2011-08-26,3,0,8,22,0,5,1,1,0.72,0.697,0.79,0.1045,26,126,152
15336,2012-10-06,4,1,10,4,0,6,0,1,0.54,0.5152,0.83,0.2537,4,7,11
16495,2012-11-25,4,1,11,0,0,0,0,1,0.22,0.2121,0.47,0.2537,3,31,34
13113,2012-07-05,3,1,7,13,0,4,1,1,0.92,0.8333,0.33,0.2239,129,181,310
8119,2011-12-09,4,0,12,22,0,5,1,1,0.28,0.3182,0.87,0,15,114,129
5304,2011-08-13,3,0,8,21,0,6,0,2,0.68,0.6364,0.83,0.3881,40,127,167
4053,2011-06-22,3,0,6,18,0,3,1,2,0.8,0.7727,0.59,0.2537,66,447,513
10053,2012-02-28,1,1,2,21,0,2,1,1,0.34,0.3485,0.46,0.1045,10,178,188
15128,2012-09-27,4,1,9,12,0,4,1,2,0.74,0.6667,0.48,0.1343,63,272,335
4077,2011-06-23,3,0,6,18,0,4,1,1,0.72,0.6818,0.7,0.4179,57,483,540
998,2011-02-14,1,0,2,5,0,1,1,1,0.32,0.303,0.53,0.2836,0,3,3
4333,2011-07-04,3,0,7,10,1,1,0,2,0.76,0.697,0.55,0.0896,166,114,280
9369,2012-01-31,1,1,1,6,0,2,1,1,0.28,0.2727,0.52,0.1642,0,104,104
552,2011-01-25,1,0,1,4,0,2,1,1,0.14,0.1667,0.74,0.1045,0,1,1
14894,2012-09-17,3,1,9,18,0,1,1,2,0.62,0.5909,0.73,0.1642,66,708,774
4373,2011-07-06,3,0,7,2,0,3,1,1,0.7,0.6667,0.79,0.0896,1,4,5
3498,2011-05-30,2,0,5,15,1,1,0,1,0.88,0.803,0.39,0.2537,132,179,311
9998,2012-02-26,1,1,2,14,0,0,0,1,0.34,0.3485,0.31,0,68,263,331
9649,2012-02-11,1,1,2,23,0,6,0,3,0.12,0.0758,0.5,0.4925,0,20,20
15793,2012-10-25,4,1,10,5,0,4,1,2,0.52,0.5,0.88,0.1642,2,53,55
1408,2011-03-03,1,0,3,22,0,4,1,1,0.2,0.2576,0.4,0,3,50,53
15584,2012-10-16,4,1,10,12,0,2,1,2,0.52,0.5,0.45,0.3284,69,256,325
12268,2012-05-31,2,1,5,8,0,4,1,1,0.62,0.6212,0.57,0.2537,18,675,693
11824,2012-05-12,2,1,5,20,0,6,0,1,0.62,0.6212,0.46,0.1642,113,174,287
694,2011-02-01,1,0,2,6,0,2,1,3,0.14,0.2121,0.93,0,0,22,22
5012,2011-08-01,3,0,8,17,0,1,1,1,0.76,0.6818,0.45,0.2985,69,445,514
3444,2011-05-28,2,0,5,9,0,6,0,1,0.64,0.6061,0.73,0.2537,61,116,177
9175,2012-01-23,1,1,1,4,0,1,1,2,0.2,0.2576,0.8,0,0,1,1
4176,2011-06-27,3,0,6,21,0,1,1,1,0.7,0.6515,0.65,0,52,190,242
4223,2011-06-29,3,0,6,20,0,3,1,1,0.74,0.6515,0.37,0.2985,69,264,333
8284,2011-12-16,4,0,12,19,0,5,1,2,0.32,0.303,0.45,0.2239,11,203,214
16237,2012-11-14,4,1,11,6,0,3,1,1,0.24,0.2273,0.65,0.194,4,142,146
13368,2012-07-16,3,1,7,4,0,1,1,1,0.68,0.6364,0.79,0.1045,1,11,12
262,2011-01-12,1,0,1,8,0,3,1,1,0.16,0.1667,0.59,0.1642,3,125,128
16783,2012-12-07,4,1,12,1,0,5,1,2,0.24,0.2273,0.7,0.194,2,26,28
5498,2011-08-21,3,0,8,23,0,0,0,1,0.7,0.6667,0.74,0.1642,20,48,68
16677,2012-12-02,4,1,12,15,0,0,0,1,0.44,0.4394,0.67,0.1343,106,311,417
4017,2011-06-21,3,0,6,6,0,2,1,2,0.6,0.5455,0.88,0.1343,8,107,115
3627,2011-06-05,2,0,6,0,0,0,0,1,0.64,0.6212,0.57,0.0896,23,90,113
11299,2012-04-20,2,1,4,23,0,5,1,1,0.52,0.5,0.72,0.1343,31,156,187
446,2011-01-20,1,0,1,14,0,4,1,2,0.3,0.303,0.45,0.1343,6,75,81
6753,2011-10-13,4,0,10,22,0,4,1,1,0.62,0.5758,0.83,0.194,13,101,114
5112,2011-08-05,3,0,8,21,0,5,1,1,0.7,0.6515,0.65,0.194,54,119,173
3556,2011-06-02,2,0,6,1,0,4,1,1,0.72,0.6515,0.38,0.1045,3,12,15
7339,2011-11-07,4,0,11,9,0,1,1,2,0.34,0.3333,1,0.1343,18,156,174
3368,2011-05-25,2,0,5,5,0,3,1,1,0.56,0.5303,0.88,0.0896,2,23,25
16261,2012-11-15,4,1,11,6,0,4,1,2,0.3,0.2879,0.65,0.2537,1,146,147
2527,2011-04-20,2,0,4,4,0,3,1,1,0.4,0.4091,1,0.1045,5,4,9
16129,2012-11-09,4,1,11,18,0,5,1,1,0.42,0.4242,0.44,0.1045,46,450,496
10227,2012-03-07,1,1,3,4,0,3,1,1,0.28,0.2576,0.61,0.3284,0,3,3
1169,2011-02-21,1,0,2,11,1,1,0,2,0.32,0.3333,0.57,0.1045,20,70,90
4145,2011-06-26,3,0,6,14,0,0,0,1,0.74,0.6515,0.4,0.1343,197,246,443
7893,2011-11-30,4,0,11,12,0,3,1,2,0.36,0.3333,0.53,0.2836,12,148,160
8277,2011-12-16,4,0,12,12,0,5,1,2,0.34,0.303,0.42,0.3582,10,163,173
3150,2011-05-16,2,0,5,3,0,1,1,1,0.5,0.4848,0.94,0.1642,1,3,4
881,2011-02-09,1,0,2,3,0,3,1,1,0.06,0.0758,0.45,0.1343,0,2,2
6748,2011-10-13,4,0,10,17,0,4,1,3,0.62,0.5758,0.83,0.2537,47,432,479
13009,2012-07-01,3,1,7,5,0,0,0,1,0.68,0.6364,0.79,0.1045,3,7,10
7573,2011-11-17,4,0,11,3,0,4,1,2,0.42,0.4242,0.77,0.3284,0,3,3
17009,2012-12-16,4,1,12,11,0,0,0,2,0.36,0.3485,0.87,0.1343,47,248,295
1468,2011-03-06,1,0,3,11,0,0,0,2,0.42,0.4242,1,0.2239,18,44,62
8155,2011-12-11,4,0,12,10,0,0,0,1,0.24,0.2879,0.44,0,30,164,194
13513,2012-07-22,3,1,7,5,0,0,0,1,0.6,0.5455,0.88,0,0,6,6
6538,2011-10-04,4,0,10,23,0,2,1,1,0.48,0.4697,0.77,0.1343,6,60,66
453,2011-01-20,1,0,1,21,0,4,1,2,0.24,0.2273,0.6,0.2537,3,54,57
4138,2011-06-26,3,0,6,7,0,0,0,1,0.62,0.6061,0.61,0,24,27,51
3040,2011-05-11,2,0,5,13,0,3,1,1,0.62,0.6212,0.5,0,36,157,193
4151,2011-06-26,3,0,6,20,0,0,0,2,0.7,0.6515,0.48,0.1045,55,158,213
10376,2012-03-13,1,1,3,10,0,2,1,1,0.52,0.5,0.77,0.2239,28,115,143
10197,2012-03-05,1,1,3,22,0,1,1,1,0.24,0.2121,0.35,0.3284,2,76,78
12632,2012-06-15,2,1,6,12,0,5,1,1,0.7,0.6364,0.45,0.1642,111,292,403
580,2011-01-26,1,0,1,10,0,3,1,3,0.22,0.2121,0.93,0.2836,2,26,28
6572,2011-10-06,4,0,10,9,0,4,1,1,0.46,0.4545,0.63,0.194,20,188,208
7468,2011-11-12,4,0,11,18,0,6,0,1,0.42,0.4242,0.58,0.194,53,150,203
13597,2012-07-25,3,1,7,17,0,3,1,1,0.8,0.697,0.31,0,130,783,913
10902,2012-04-04,2,1,4,9,0,3,1,2,0.48,0.4697,0.55,0.1343,47,316,363
14568,2012-09-04,3,1,9,4,0,2,1,2,0.66,0.5909,0.89,0,0,8,8
4158,2011-06-27,3,0,6,3,0,1,1,3,0.62,0.5909,0.78,0.1343,0,2,2
6350,2011-09-27,4,0,9,3,0,2,1,2,0.62,0.5455,0.94,0,5,5,10
10612,2012-03-23,2,1,3,6,0,5,1,2,0.5,0.4848,0.88,0,6,110,116
14072,2012-08-14,3,1,8,12,0,2,1,1,0.78,0.7121,0.49,0.1343,93,207,300
403,2011-01-18,1,0,1,18,0,2,1,2,0.22,0.2273,0.8,0.1642,1,132,133
4429,2011-07-08,3,0,7,10,0,5,1,2,0.74,0.697,0.7,0.3582,30,108,138
3058,2011-05-12,2,0,5,7,0,4,1,1,0.46,0.4545,0.88,0.1343,14,283,297
7061,2011-10-26,4,0,10,19,0,3,1,1,0.5,0.4848,0.82,0,25,306,331
165,2011-01-08,1,0,1,3,0,6,0,3,0.18,0.197,0.55,0.1642,0,7,7
12378,2012-06-04,2,1,6,22,0,1,1,1,0.56,0.5303,0.52,0.2836,41,127,168
3318,2011-05-23,2,0,5,3,0,1,1,3,0.54,0.5152,0.94,0.1642,0,4,4
7866,2011-11-29,4,0,11,9,0,2,1,3,0.56,0.5303,0.73,0.4179,5,197,202
10905,2012-04-04,2,1,4,12,0,3,1,2,0.6,0.6212,0.46,0.4179,73,210,283
6852,2011-10-18,4,0,10,1,0,2,1,2,0.46,0.4545,0.88,0,4,7,11
1848,2011-03-22,2,0,3,17,0,2,1,1,0.5,0.4848,0.42,0.1045,42,265,307
14614,2012-09-06,3,1,9,2,0,4,1,1,0.72,0.697,0.79,0,1,7,8
1335,2011-02-28,1,0,2,21,0,1,1,2,0.38,0.3939,0.87,0.3881,2,78,80
8780,2012-01-06,1,1,1,15,0,5,1,1,0.52,0.5,0.27,0.2537,44,178,222
16355,2012-11-19,4,1,11,4,0,1,1,2,0.36,0.3485,0.66,0.2239,1,11,12
12695,2012-06-18,2,1,6,3,0,1,1,2,0.52,0.5,0.83,0.2239,1,3,4
8946,2012-01-13,1,1,1,14,0,5,1,1,0.26,0.2121,0.33,0.5522,10,119,129
16078,2012-11-07,4,1,11,14,0,3,1,2,0.32,0.2879,0.53,0.3582,19,142,161
6998,2011-10-24,4,0,10,4,0,1,1,1,0.4,0.4091,0.82,0,1,5,6
707,2011-02-01,1,0,2,19,0,2,1,2,0.24,0.2424,0.81,0.1343,3,105,108
3492,2011-05-30,2,0,5,9,1,1,0,1,0.72,0.697,0.74,0.0896,47,81,128
4574,2011-07-14,3,0,7,11,0,4,1,1,0.72,0.6515,0.37,0.2239,38,110,148
14410,2012-08-28,3,1,8,14,0,2,1,1,0.84,0.7424,0.38,0.3284,72,179,251
7707,2011-11-22,4,0,11,17,0,2,1,3,0.44,0.4394,1,0.0896,4,161,165
7055,2011-10-26,4,0,10,13,0,3,1,3,0.56,0.5303,0.6,0.1045,20,62,82
5581,2011-08-25,3,0,8,10,0,4,1,2,0.74,0.697,0.66,0.2985,37,105,142
3152,2011-05-16,2,0,5,5,0,1,1,1,0.5,0.4848,0.93,0.194,1,20,21
6618,2011-10-08,4,0,10,7,0,6,0,1,0.42,0.4242,0.94,0.0896,27,46,73
4785,2011-07-23,3,0,7,6,0,6,0,1,0.8,0.7424,0.52,0.1343,6,19,25
4023,2011-06-21,3,0,6,12,0,2,1,1,0.7,0.6667,0.74,0.1642,40,149,189
15335,2012-10-06,4,1,10,3,0,6,0,1,0.54,0.5152,0.77,0.2239,2,54,56
9267,2012-01-27,1,1,1,0,0,5,1,2,0.4,0.4091,0.82,0.2537,6,32,38
14583,2012-09-04,3,1,9,19,0,2,1,1,0.76,0.7273,0.7,0.2239,50,502,552
12801,2012-06-22,3,1,6,13,0,5,1,1,0.88,0.803,0.39,0.2239,72,228,300
9119,2012-01-20,1,1,1,20,0,5,1,2,0.2,0.2273,0.34,0.0896,1,141,142
12579,2012-06-13,2,1,6,7,0,3,1,1,0.6,0.5606,0.83,0.2985,25,480,505
2430,2011-04-16,2,0,4,3,0,6,0,2,0.36,0.3485,0.87,0.1642,5,9,14
247,2011-01-11,1,0,1,15,0,2,1,2,0.16,0.197,0.8,0.0896,2,45,47
3816,2011-06-12,2,0,6,21,0,0,0,1,0.66,0.6061,0.83,0.1045,39,101,140
11390,2012-04-24,2,1,4,18,0,2,1,1,0.5,0.4848,0.18,0,52,580,632
9090,2012-01-19,1,1,1,15,0,4,1,1,0.26,0.2273,0.44,0.2985,9,118,127
2263,2011-04-09,2,0,4,3,0,6,0,3,0.3,0.2879,1,0.2537,3,11,14
836,2011-02-07,1,0,2,6,0,1,1,1,0.18,0.2424,0.93,0,1,29,30
8625,2011-12-31,1,0,12,3,0,6,0,2,0.4,0.4091,0.62,0.2836,1,17,18
1174,2011-02-21,1,0,2,16,1,1,0,3,0.28,0.2424,0.75,0.4179,8,48,56
15510,2012-10-13,4,1,10,10,0,6,0,1,0.4,0.4091,0.43,0,82,265,347
6438,2011-09-30,4,0,9,19,0,5,1,1,0.54,0.5152,0.52,0.2836,42,332,374
10440,2012-03-16,1,1,3,2,0,5,1,2,0.42,0.4242,0.82,0.194,0,4,4
13159,2012-07-07,3,1,7,11,0,6,0,1,0.94,0.8788,0.38,0.194,122,245,367
11826,2012-05-12,2,1,5,22,0,6,0,1,0.56,0.5303,0.68,0.1343,62,212,274
5290,2011-08-13,3,0,8,7,0,6,0,2,0.66,0.6212,0.74,0.194,10,34,44
8099,2011-12-09,4,0,12,2,0,5,1,1,0.24,0.2879,0.7,0,2,10,12
12397,2012-06-05,2,1,6,17,0,2,1,1,0.6,0.6212,0.43,0,86,764,850
251,2011-01-11,1,0,1,19,0,2,1,3,0.16,0.2273,0.93,0,0,51,51
9781,2012-02-17,1,1,2,11,0,5,1,1,0.36,0.3333,0.62,0.4179,9,133,142
7953,2011-12-03,4,0,12,0,0,6,0,1,0.3,0.2879,0.56,0.2537,10,65,75
17209,2012-12-24,1,1,12,20,0,1,1,3,0.24,0.2424,0.93,0.1343,6,17,23
7335,2011-11-07,4,0,11,5,0,1,1,1,0.3,0.3333,0.93,0,1,25,26
2794,2011-05-01,2,0,5,7,0,0,0,2,0.42,0.4242,0.77,0.0896,7,26,33
9966,2012-02-25,1,1,2,6,0,6,0,2,0.3,0.2727,0.42,0.2985,1,12,13
7796,2011-11-26,4,0,11,10,0,6,0,1,0.36,0.3788,0.81,0,57,84,141
15807,2012-10-25,4,1,10,19,0,4,1,1,0.54,0.5152,0.83,0.194,45,497,542
3408,2011-05-26,2,0,5,21,0,4,1,1,0.72,0.6818,0.62,0.0896,45,178,223
8626,2011-12-31,1,0,12,4,0,6,0,1,0.38,0.3939,0.71,0.2239,1,9,10
10846,2012-04-02,2,1,4,0,0,1,1,3,0.44,0.4394,0.82,0.1045,6,11,17
7423,2011-11-10,4,0,11,21,0,4,1,1,0.36,0.3333,0.57,0.2537,6,130,136
8964,2012-01-14,1,1,1,8,0,6,0,1,0.12,0.1515,0.54,0.1045,3,89,92
1998,2011-03-29,2,0,3,2,0,2,1,1,0.24,0.2121,0.32,0.2985,0,3,3
13011,2012-07-01,3,1,7,7,0,0,0,1,0.74,0.697,0.7,0,13,37,50
12615,2012-06-14,2,1,6,19,0,4,1,1,0.7,0.6515,0.48,0.2537,96,483,579
5630,2011-08-27,3,0,8,11,0,6,0,3,0.66,0.5909,0.89,0.4179,15,73,88
4003,2011-06-20,2,0,6,16,0,1,1,1,0.7,0.6515,0.58,0.1642,61,238,299
10731,2012-03-28,2,1,3,5,0,3,1,1,0.36,0.3333,0.43,0.2985,2,38,40
4754,2011-07-21,3,0,7,23,0,4,1,1,0.8,0.8182,0.71,0.1642,40,73,113
16537,2012-11-26,4,1,11,18,0,1,1,1,0.36,0.3485,0.5,0.1642,19,502,521
14484,2012-08-31,3,1,8,16,0,5,1,1,0.9,0.7879,0.27,0.2537,111,417,528
4197,2011-06-28,3,0,6,18,0,2,1,3,0.8,0.7576,0.55,0.2985,68,436,504
9636,2012-02-11,1,1,2,10,0,6,0,3,0.22,0.2424,0.93,0.1045,23,143,166
3682,2011-06-07,2,0,6,7,0,2,1,2,0.64,0.6061,0.69,0.194,23,311,334
3020,2011-05-10,2,0,5,17,0,2,1,1,0.64,0.6212,0.33,0,79,532,611
4311,2011-07-03,3,0,7,12,0,0,0,1,0.8,0.7576,0.55,0.1045,198,206,404
7449,2011-11-11,4,0,11,23,1,5,0,1,0.3,0.3182,0.45,0.0896,6,67,73
10010,2012-02-27,1,1,2,2,0,1,1,1,0.26,0.2273,0.7,0.2985,0,4,4
3986,2011-06-19,2,0,6,23,0,0,0,1,0.66,0.6061,0.78,0.194,14,78,92
9206,2012-01-24,1,1,1,11,0,2,1,1,0.34,0.3333,0.87,0.1343,30,123,153
15720,2012-10-22,4,1,10,4,0,1,1,1,0.38,0.3939,0.66,0,1,6,7
2570,2011-04-21,2,0,4,23,0,4,1,1,0.4,0.4091,0.43,0.1045,13,86,99
13234,2012-07-10,3,1,7,14,0,2,1,1,0.82,0.7273,0.38,0.1642,71,171,242
4278,2011-07-02,3,0,7,3,0,6,0,1,0.64,0.6212,0.53,0,5,21,26
3667,2011-06-06,2,0,6,16,0,1,1,1,0.76,0.6667,0.33,0.1343,34,233,267
8413,2011-12-22,1,0,12,4,0,4,1,1,0.38,0.3939,0.82,0.1343,0,3,3
17298,2012-12-28,1,1,12,14,0,5,1,2,0.3,0.303,0.49,0.1343,84,177,261
2447,2011-04-16,2,0,4,20,0,6,0,3,0.44,0.4394,0.94,0.2239,4,49,53
6822,2011-10-16,4,0,10,19,0,0,0,1,0.54,0.5152,0.52,0.3881,52,181,233
9827,2012-02-19,1,1,2,9,0,0,0,2,0.24,0.2273,0.56,0.2537,20,73,93
6521,2011-10-04,4,0,10,6,0,2,1,1,0.4,0.4091,0.82,0.1045,3,109,112
14196,2012-08-19,3,1,8,16,0,0,0,2,0.66,0.6212,0.65,0,97,259,356
8960,2012-01-14,1,1,1,4,0,6,0,1,0.14,0.1515,0.5,0.1343,0,3,3
3173,2011-05-17,2,0,5,2,0,2,1,3,0.56,0.5303,0.88,0,4,4,8
1224,2011-02-24,1,0,2,1,0,4,1,1,0.22,0.2576,0.6,0.0896,0,7,7
545,2011-01-24,1,0,1,20,0,1,1,1,0.14,0.1364,0.59,0.194,1,80,81
1205,2011-02-23,1,0,2,6,0,3,1,1,0.12,0.1515,0.5,0.1045,0,36,36
10138,2012-03-03,1,1,3,11,0,6,0,2,0.4,0.4091,0.87,0.0896,33,181,214
8614,2011-12-30,1,0,12,16,0,5,1,1,0.42,0.4242,0.47,0.194,36,247,283
9258,2012-01-26,1,1,1,15,0,4,1,2,0.42,0.4242,0.71,0.1045,22,142,164
7243,2011-11-03,4,0,11,9,0,4,1,2,0.36,0.3485,0.81,0.194,9,155,164
2638,2011-04-24,2,0,4,19,0,0,0,3,0.6,0.5606,0.83,0.2836,62,132,194
8762,2012-01-05,1,1,1,21,0,4,1,1,0.26,0.2727,0.6,0.1343,9,88,97
10135,2012-03-03,1,1,3,8,0,6,0,3,0.36,0.3788,0.93,0,2,46,48
15424,2012-10-09,4,1,10,20,0,2,1,2,0.5,0.4848,0.72,0.1642,30,330,360
16726,2012-12-04,4,1,12,16,0,2,1,1,0.58,0.5455,0.49,0.2836,44,391,435
16178,2012-11-11,4,1,11,19,0,0,0,1,0.48,0.4697,0.55,0.1343,69,208,277
878,2011-02-09,1,0,2,0,0,3,1,1,0.1,0.0758,0.36,0.3582,0,17,17
8389,2011-12-21,1,0,12,4,0,3,1,2,0.36,0.3788,0.71,0,0,2,2
99,2011-01-05,1,0,1,7,0,3,1,1,0.18,0.1818,0.43,0.194,1,87,88
4380,2011-07-06,3,0,7,9,0,3,1,3,0.7,0.6667,0.79,0.194,31,158,189
13244,2012-07-11,3,1,7,0,0,3,1,2,0.66,0.6061,0.83,0.1343,6,38,44
3909,2011-06-16,2,0,6,18,0,4,1,1,0.64,0.5758,0.83,0.2239,26,299,325
7689,2011-11-21,4,0,11,23,0,1,1,3,0.4,0.4091,0.87,0.1642,4,29,33
6497,2011-10-03,4,0,10,6,0,1,1,2,0.36,0.3788,0.71,0,3,91,94
16001,2012-11-04,4,1,11,9,0,0,0,1,0.32,0.3333,0.53,0,56,161,217
8448,2011-12-23,1,0,12,15,0,5,1,1,0.38,0.3939,0.54,0.3582,12,191,203
17029,2012-12-17,4,1,12,7,0,1,1,2,0.36,0.3485,0.93,0.1343,5,314,319
8076,2011-12-08,4,0,12,3,0,4,1,1,0.26,0.2273,0.6,0.2985,0,1,1
6965,2011-10-22,4,0,10,19,0,6,0,1,0.44,0.4394,0.67,0,47,173,220
6480,2011-10-02,4,0,10,13,0,0,0,3,0.4,0.4091,0.62,0.2239,84,224,308
4712,2011-07-20,3,0,7,5,0,3,1,1,0.68,0.6364,0.83,0.1045,4,19,23
9821,2012-02-19,1,1,2,3,0,0,0,2,0.3,0.2879,0.36,0.2239,3,12,15
13889,2012-08-06,3,1,8,21,0,1,1,1,0.74,0.697,0.7,0.194,72,245,317
15327,2012-10-05,4,1,10,19,0,5,1,1,0.62,0.5909,0.73,0.1642,67,433,500
2683,2011-04-26,2,0,4,16,0,2,1,1,0.7,0.6515,0.58,0.3881,40,251,291
10692,2012-03-26,2,1,3,14,0,1,1,1,0.48,0.4697,0.33,0.4478,58,159,217
2509,2011-04-19,2,0,4,10,0,2,1,2,0.5,0.4848,0.72,0.2239,15,60,75
13642,2012-07-27,3,1,7,14,0,5,1,1,0.86,0.803,0.47,0.2985,105,221,326
4315,2011-07-03,3,0,7,16,0,0,0,1,0.84,0.803,0.53,0.2985,195,219,414
13810,2012-08-03,3,1,8,14,0,5,1,2,0.86,0.7879,0.44,0.2537,102,229,331
10464,2012-03-17,1,1,3,2,0,6,0,2,0.44,0.4394,0.88,0,10,32,42
5357,2011-08-16,3,0,8,2,0,2,1,1,0.62,0.5909,0.73,0.2239,1,3,4
6640,2011-10-09,4,0,10,5,0,0,0,1,0.44,0.4394,0.88,0,1,14,15
5973,2011-09-11,3,0,9,9,0,0,0,1,0.66,0.6212,0.74,0,59,168,227
9437,2012-02-03,1,1,2,2,0,5,1,1,0.3,0.2879,0.52,0.2239,0,6,6
3735,2011-06-09,2,0,6,12,0,4,1,1,0.92,0.8485,0.35,0.194,40,100,140
10929,2012-04-05,2,1,4,12,0,4,1,1,0.44,0.4394,0.33,0,66,210,276
7788,2011-11-26,4,0,11,2,0,6,0,1,0.3,0.3182,0.81,0.1045,3,20,23
15821,2012-10-26,4,1,10,9,0,5,1,2,0.54,0.5152,0.88,0.1343,56,347,403
1877,2011-03-23,2,0,3,23,0,3,1,3,0.32,0.3333,0.9,0,2,24,26
11045,2012-04-10,2,1,4,8,0,2,1,1,0.38,0.3939,0.62,0.1343,22,670,692
5263,2011-08-12,3,0,8,4,0,5,1,1,0.62,0.6212,0.53,0.1343,0,5,5
8447,2011-12-23,1,0,12,14,0,5,1,1,0.4,0.4091,0.54,0.4179,23,177,200
5160,2011-08-07,3,0,8,21,0,0,0,1,0.72,0.7121,0.84,0.1045,36,100,136
15298,2012-10-04,4,1,10,14,0,4,1,1,0.7,0.6515,0.61,0.2537,56,211,267
16574,2012-11-28,4,1,11,7,0,3,1,2,0.26,0.2576,0.56,0.194,6,403,409
760,2011-02-04,1,0,2,1,0,5,1,2,0.16,0.2273,0.59,0,0,7,7
5482,2011-08-21,3,0,8,7,0,0,0,1,0.68,0.6364,0.83,0.2985,12,19,31
655,2011-01-30,1,0,1,14,0,0,0,1,0.28,0.303,0.61,0.0896,18,104,122
5813,2011-09-04,3,0,9,15,0,0,0,1,0.78,0.7576,0.66,0.2836,218,192,410
5289,2011-08-13,3,0,8,6,0,6,0,1,0.64,0.6061,0.73,0.0896,3,19,22
2893,2011-05-05,2,0,5,10,0,4,1,1,0.5,0.4848,0.39,0.2836,30,98,128
5637,2011-08-28,3,0,8,7,0,0,0,3,0.62,0.5758,0.83,0.3582,0,1,1
9613,2012-02-10,1,1,2,11,0,5,1,2,0.28,0.2879,0.45,0.1045,19,134,153
3045,2011-05-11,2,0,5,18,0,3,1,1,0.62,0.6212,0.5,0.2985,40,234,274
8521,2011-12-26,1,0,12,18,1,1,0,1,0.32,0.3333,0.49,0.0896,21,54,75
12549,2012-06-12,2,1,6,1,0,2,1,2,0.68,0.6364,0.65,0.1642,5,11,16
12944,2012-06-28,3,1,6,12,0,4,1,1,0.84,0.7121,0.26,0.2836,49,227,276
7319,2011-11-06,4,0,11,13,0,0,0,1,0.46,0.4545,0.51,0.1642,105,209,314
6160,2011-09-19,3,0,9,5,0,1,1,2,0.5,0.4848,0.77,0.194,2,26,28
12350,2012-06-03,2,1,6,18,0,0,0,1,0.7,0.6364,0.34,0.2537,153,343,496
6023,2011-09-13,3,0,9,12,0,2,1,1,0.72,0.6667,0.58,0.2239,43,144,187
5093,2011-08-05,3,0,8,2,0,5,1,1,0.66,0.6212,0.69,0,5,14,19
16298,2012-11-16,4,1,11,19,0,5,1,1,0.36,0.3485,0.46,0.2239,26,306,332
11743,2012-05-09,2,1,5,11,0,3,1,2,0.62,0.6212,0.59,0.2985,45,156,201
1132,2011-02-19,1,0,2,21,0,6,0,1,0.32,0.2727,0.26,0.5522,4,29,33
3660,2011-06-06,2,0,6,9,0,1,1,1,0.7,0.6515,0.58,0.1642,26,162,188
13069,2012-07-03,3,1,7,17,0,2,1,2,0.86,0.7424,0.3,0.1642,102,620,722
15665,2012-10-19,4,1,10,21,0,5,1,1,0.5,0.4848,0.77,0,17,189,206
2664,2011-04-25,2,0,4,21,0,1,1,1,0.62,0.6061,0.69,0.2537,41,149,190
16668,2012-12-02,4,1,12,6,0,0,0,2,0.24,0.2424,0.93,0.1343,1,15,16
5379,2011-08-17,3,0,8,0,0,3,1,1,0.66,0.6212,0.69,0.0896,8,16,24
9555,2012-02-08,1,1,2,1,0,3,1,1,0.28,0.2727,0.61,0.1642,1,9,10
5534,2011-08-23,3,0,8,11,0,2,1,1,0.7,0.6364,0.34,0.1045,62,124,186
5,2011-01-01,1,0,1,4,0,6,0,1,0.24,0.2879,0.75,0,0,1,1
13554,2012-07-23,3,1,7,22,0,1,1,1,0.74,0.6818,0.62,0.194,40,169,209
15712,2012-10-21,4,1,10,20,0,0,0,1,0.48,0.4697,0.44,0.194,35,160,195
9976,2012-02-25,1,1,2,16,0,6,0,1,0.32,0.2727,0.26,0.5821,32,163,195
11490,2012-04-28,2,1,4,22,0,6,0,2,0.36,0.3485,0.71,0.1343,17,66,83
2881,2011-05-04,2,0,5,22,0,3,1,1,0.38,0.3939,0.62,0.2239,9,80,89
5840,2011-09-05,3,0,9,18,1,1,0,1,0.66,0.5909,0.89,0.0896,31,92,123
3382,2011-05-25,2,0,5,19,0,3,1,1,0.7,0.6515,0.61,0.1343,73,332,405
9495,2012-02-05,1,1,2,12,0,0,0,2,0.26,0.2576,0.65,0.194,25,223,248
10900,2012-04-04,2,1,4,7,0,3,1,2,0.44,0.4394,0.62,0,12,354,366
4958,2011-07-30,3,0,7,11,0,6,0,1,0.84,0.7424,0.36,0.194,111,206,317
13902,2012-08-07,3,1,8,10,0,2,1,2,0.74,0.697,0.7,0.1343,89,161,250
5721,2011-08-31,3,0,8,19,0,3,1,1,0.84,0.7727,0.47,0.2537,53,393,446
14019,2012-08-12,3,1,8,7,0,0,0,1,0.64,0.6061,0.65,0.1343,9,30,39
943,2011-02-11,1,0,2,21,0,5,1,1,0.2,0.2121,0.59,0.1343,1,46,47
3236,2011-05-19,2,0,5,17,0,4,1,1,0.56,0.5303,0.78,0.1642,60,487,547
3258,2011-05-20,2,0,5,15,0,5,1,2,0.6,0.6212,0.56,0.194,74,168,242
13996,2012-08-11,3,1,8,8,0,6,0,1,0.66,0.6061,0.83,0.1045,30,132,162
13686,2012-07-29,3,1,7,10,0,0,0,1,0.74,0.6818,0.62,0,123,258,381
8369,2011-12-20,4,0,12,8,0,2,1,2,0.42,0.4242,0.54,0.0896,10,422,432
8628,2011-12-31,1,0,12,6,0,6,0,2,0.4,0.4091,0.71,0.0896,1,5,6
9892,2012-02-22,1,1,2,4,0,3,1,1,0.34,0.3333,0.71,0.1642,0,2,2
309,2011-01-14,1,0,1,8,0,5,1,1,0.12,0.1667,0.68,0,2,156,158
1566,2011-03-10,1,0,3,16,0,4,1,3,0.42,0.4242,0,0.2537,1,20,21
6728,2011-10-12,4,0,10,21,0,3,1,3,0.54,0.5152,1,0.1045,9,74,83
2136,2011-04-03,2,0,4,20,0,0,0,3,0.42,0.4242,0.41,0.2239,24,55,79
10899,2012-04-04,2,1,4,6,0,3,1,2,0.42,0.4242,0.58,0,6,120,126
16292,2012-11-16,4,1,11,13,0,5,1,1,0.42,0.4242,0.38,0.194,52,226,278
10651,2012-03-24,2,1,3,21,0,6,0,3,0.44,0.4394,1,0.194,16,88,104
10674,2012-03-25,2,1,3,20,0,0,0,1,0.48,0.4697,0.77,0.2239,63,196,259
15189,2012-09-30,4,1,9,1,0,0,0,1,0.5,0.4848,0.59,0,31,85,116
15341,2012-10-06,4,1,10,9,0,6,0,1,0.6,0.5909,0.73,0.194,130,265,395
7394,2011-11-09,4,0,11,16,0,3,1,1,0.52,0.5,0.48,0.194,24,257,281
2277,2011-04-09,2,0,4,17,0,6,0,2,0.38,0.3939,0.82,0.0896,128,129,257
7073,2011-10-27,4,0,10,7,0,4,1,2,0.46,0.4545,0.94,0.0896,9,128,137
11380,2012-04-24,2,1,4,8,0,2,1,1,0.34,0.3182,0.61,0.2537,12,599,611
16410,2012-11-21,4,1,11,11,0,3,1,1,0.4,0.4091,0.5,0.194,43,198,241
2624,2011-04-24,2,0,4,5,0,0,0,1,0.5,0.4848,0.94,0.0896,5,7,12
11865,2012-05-14,2,1,5,13,0,1,1,2,0.62,0.5909,0.73,0.2239,33,143,176
8535,2011-12-27,1,0,12,8,0,2,1,2,0.3,0.303,0.65,0.1642,9,155,164
16663,2012-12-02,4,1,12,1,0,0,0,2,0.3,0.3182,0.87,0.0896,10,84,94
232,2011-01-10,1,0,1,22,0,1,1,1,0.14,0.1515,0.59,0.1642,2,22,24
8372,2011-12-20,4,0,12,11,0,2,1,2,0.4,0.4091,0.62,0.1642,13,116,129
17269,2012-12-27,1,1,12,9,0,4,1,1,0.26,0.2121,0.6,0.4925,6,127,133
738,2011-02-03,1,0,2,2,0,4,1,1,0.18,0.1667,0.43,0.2537,0,2,2
2839,2011-05-03,2,0,5,4,0,2,1,1,0.52,0.5,0.88,0.2239,3,1,4
10455,2012-03-16,1,1,3,17,0,5,1,3,0.48,0.4697,0.82,0.0896,23,235,258
8217,2011-12-14,4,0,12,0,0,3,1,1,0.26,0.303,0.75,0,0,22,22
14652,2012-09-07,3,1,9,16,0,5,1,1,0.8,0.7576,0.55,0.2836,75,395,470
10807,2012-03-31,2,1,3,9,0,6,0,2,0.4,0.4091,0.76,0.194,62,161,223
11991,2012-05-19,2,1,5,19,0,6,0,1,0.7,0.6364,0.39,0.1343,203,229,432
5706,2011-08-31,3,0,8,4,0,3,1,1,0.56,0.5303,0.73,0,0,5,5
14067,2012-08-14,3,1,8,7,0,2,1,2,0.66,0.6061,0.83,0.0896,1,178,179
9514,2012-02-06,1,1,2,8,0,1,1,1,0.16,0.1818,0.86,0.1343,10,434,444
5936,2011-09-09,3,0,9,20,0,5,1,1,0.64,0.5606,0.94,0.0896,30,180,210
6496,2011-10-03,4,0,10,5,0,1,1,2,0.36,0.3636,0.76,0.1045,4,17,21
756,2011-02-03,1,0,2,21,0,4,1,1,0.18,0.2121,0.55,0.1045,1,53,54
10145,2012-03-03,1,1,3,18,0,6,0,1,0.5,0.4848,0.25,0.2537,53,250,303
16869,2012-12-10,4,1,12,15,0,1,1,2,0.5,0.4848,0.87,0.1642,29,207,236
8120,2011-12-09,4,0,12,23,0,5,1,1,0.28,0.3182,0.81,0,6,88,94
8993,2012-01-15,1,1,1,13,0,0,0,1,0.2,0.1818,0.34,0.2836,40,184,224
15576,2012-10-16,4,1,10,4,0,2,1,1,0.42,0.4242,0.67,0.1642,0,7,7
6201,2011-09-20,3,0,9,22,0,2,1,1,0.56,0.5303,0.94,0,23,125,148
11766,2012-05-10,2,1,5,10,0,4,1,1,0.5,0.4848,0.51,0.4179,42,112,154
70,2011-01-04,1,0,1,0,0,2,1,1,0.16,0.1818,0.55,0.1045,0,5,5
5368,2011-08-16,3,0,8,13,0,2,1,1,0.76,0.6818,0.48,0.2985,45,147,192
8085,2011-12-08,4,0,12,12,0,4,1,1,0.28,0.2576,0.52,0.3284,8,148,156
5683,2011-08-30,3,0,8,5,0,2,1,1,0.52,0.5,0.77,0.0896,1,27,28
16691,2012-12-03,4,1,12,5,0,1,1,1,0.34,0.3485,0.93,0.0896,0,38,38
14872,2012-09-16,3,1,9,20,0,0,0,1,0.6,0.6212,0.53,0.1045,57,267,324
1681,2011-03-15,1,0,3,15,0,2,1,2,0.38,0.3939,0.43,0.2836,24,66,90
13151,2012-07-07,3,1,7,3,0,6,0,1,0.74,0.7121,0.74,0.1343,12,19,31
14786,2012-09-13,3,1,9,6,0,4,1,1,0.5,0.4848,0.82,0,9,186,195
9662,2012-02-12,1,1,2,12,0,0,0,1,0.14,0.0758,0.39,0.6418,7,133,140
5962,2011-09-10,3,0,9,22,0,6,0,1,0.64,0.5909,0.78,0,49,126,175
2604,2011-04-23,2,0,4,9,0,6,0,2,0.38,0.3939,0.94,0.2985,13,55,68
7869,2011-11-29,4,0,11,12,0,2,1,3,0.42,0.4242,0.82,0.4179,1,17,18
13542,2012-07-23,3,1,7,10,0,1,1,2,0.78,0.7424,0.62,0,63,137,200
14361,2012-08-26,3,1,8,13,0,0,0,3,0.66,0.6061,0.78,0.4179,166,375,541
11120,2012-04-13,2,1,4,12,0,5,1,1,0.5,0.4848,0.31,0,104,218,322
8670,2012-01-02,1,1,1,0,1,1,0,1,0.4,0.4091,0.4,0.4627,8,31,39
16806,2012-12-08,4,1,12,0,0,6,0,2,0.36,0.3636,0.93,0.0896,5,98,103
2284,2011-04-10,2,0,4,0,0,0,0,2,0.38,0.3939,0.87,0.0896,5,48,53
3733,2011-06-09,2,0,6,10,0,4,1,1,0.86,0.8182,0.5,0.2836,20,74,94
9046,2012-01-17,1,1,1,19,0,2,1,1,0.46,0.4545,0.63,0.4179,11,297,308
17024,2012-12-17,4,1,12,2,0,1,1,2,0.38,0.3939,0.94,0,1,4,5
8944,2012-01-13,1,1,1,12,0,5,1,1,0.24,0.197,0.38,0.4925,14,140,154
16893,2012-12-11,4,1,12,15,0,2,1,2,0.38,0.3939,0.5,0.2239,20,250,270
15646,2012-10-19,4,1,10,2,0,5,1,2,0.54,0.5152,0.88,0,1,9,10
12982,2012-06-30,3,1,6,2,0,6,0,2,0.64,0.5758,0.89,0,7,54,61
6621,2011-10-08,4,0,10,10,0,6,0,1,0.52,0.5,0.77,0,120,217,337
14759,2012-09-12,3,1,9,3,0,3,1,1,0.5,0.4848,0.77,0.0896,0,7,7
5128,2011-08-06,3,0,8,13,0,6,0,2,0.8,0.7727,0.59,0.3284,176,265,441
12908,2012-06-27,3,1,6,0,0,3,1,1,0.62,0.6212,0.41,0.194,15,39,54
1546,2011-03-09,1,0,3,18,0,3,1,2,0.34,0.3182,0.76,0.2537,12,176,188
740,2011-02-03,1,0,2,5,0,4,1,1,0.16,0.1364,0.5,0.2985,0,2,2
14184,2012-08-19,3,1,8,4,0,0,0,2,0.62,0.6061,0.65,0.1642,4,22,26
13662,2012-07-28,3,1,7,10,0,6,0,1,0.82,0.7727,0.52,0.2239,129,266,395
6985,2011-10-23,4,0,10,15,0,0,0,1,0.52,0.5,0.52,0.1642,171,216,387
6796,2011-10-15,4,0,10,17,0,6,0,1,0.58,0.5455,0.32,0.2836,177,264,441
3519,2011-05-31,2,0,5,12,0,2,1,1,0.86,0.803,0.47,0.1343,37,125,162
15649,2012-10-19,4,1,10,5,0,5,1,2,0.54,0.5152,0.88,0,1,35,36
774,2011-02-04,1,0,2,16,0,5,1,2,0.3,0.2879,0.42,0.2239,8,91,99
866,2011-02-08,1,0,2,12,0,2,1,1,0.24,0.197,0.38,0.4925,2,63,65
8522,2011-12-26,1,0,12,19,1,1,0,1,0.3,0.3182,0.65,0.0896,16,49,65
5201,2011-08-09,3,0,8,14,0,2,1,1,0.86,0.7879,0.44,0.2836,53,95,148
14642,2012-09-07,3,1,9,6,0,5,1,1,0.62,0.5606,0.88,0.1045,5,135,140
642,2011-01-30,1,0,1,0,0,0,0,1,0.16,0.1818,0.8,0.1045,0,33,33
14005,2012-08-11,3,1,8,17,0,6,0,3,0.74,0.697,0.66,0.3582,220,292,512
10550,2012-03-20,1,1,3,16,0,2,1,1,0.62,0.6061,0.66,0.2239,99,332,431
3204,2011-05-18,2,0,5,9,0,3,1,3,0.56,0.5303,0.83,0.2537,26,176,202
7289,2011-11-05,4,0,11,7,0,6,0,1,0.26,0.2424,0.6,0.2836,3,31,34
5205,2011-08-09,3,0,8,18,0,2,1,1,0.8,0.7576,0.55,0.194,97,488,585
9058,2012-01-18,1,1,1,7,0,3,1,1,0.32,0.2879,0.42,0.3582,1,262,263
17018,2012-12-16,4,1,12,20,0,0,0,2,0.38,0.3939,0.82,0,14,108,122
11744,2012-05-09,2,1,5,12,0,3,1,2,0.62,0.6212,0.57,0.2239,58,222,280
6924,2011-10-21,4,0,10,2,0,5,1,1,0.38,0.3939,0.66,0.1642,6,12,18
3841,2011-06-13,2,0,6,22,0,1,1,1,0.62,0.6212,0.46,0.2239,20,114,134
15473,2012-10-11,4,1,10,21,0,4,1,1,0.42,0.4242,0.62,0.1343,24,236,260
14794,2012-09-13,3,1,9,14,0,4,1,1,0.72,0.6515,0.39,0.1343,60,214,274
13713,2012-07-30,3,1,7,13,0,1,1,1,0.8,0.7424,0.49,0.1642,57,169,226
6666,2011-10-10,4,0,10,7,1,1,0,1,0.46,0.4545,0.88,0,12,102,114
13857,2012-08-05,3,1,8,13,0,0,0,1,0.88,0.8182,0.44,0.4627,208,315,523
16251,2012-11-14,4,1,11,20,0,3,1,1,0.3,0.3182,0.52,0.0896,15,252,267
3310,2011-05-22,2,0,5,19,0,0,0,1,0.66,0.6212,0.61,0.194,107,193,300
364,2011-01-16,1,0,1,15,0,0,0,1,0.26,0.2424,0.38,0.2537,35,78,113
3724,2011-06-09,2,0,6,1,0,4,1,1,0.74,0.7121,0.79,0.1045,3,13,16
7671,2011-11-21,4,0,11,5,0,1,1,2,0.44,0.4394,1,0,0,20,20
4727,2011-07-20,3,0,7,20,0,3,1,1,0.8,0.8333,0.75,0.2239,45,264,309
14509,2012-09-01,3,1,9,17,0,6,0,2,0.82,0.7727,0.52,0,205,258,463
2941,2011-05-07,2,0,5,10,0,6,0,1,0.56,0.5303,0.49,0.2985,90,208,298
472,2011-01-21,1,0,1,16,0,5,1,1,0.16,0.1364,0.26,0.3582,0,97,97
1642,2011-03-13,1,0,3,22,0,0,0,1,0.3,0.2727,0.56,0.3284,8,29,37
16303,2012-11-17,4,1,11,0,0,6,0,1,0.3,0.303,0.52,0.1642,11,95,106
14961,2012-09-20,3,1,9,13,0,4,1,1,0.64,0.6212,0.44,0.1343,68,268,336
13658,2012-07-28,3,1,7,6,0,6,0,1,0.7,0.6515,0.7,0.1045,10,40,50
1173,2011-02-21,1,0,2,15,1,1,0,2,0.3,0.2727,0.7,0.4478,11,76,87
11576,2012-05-02,2,1,5,12,0,3,1,2,0.58,0.5455,0.83,0.2239,35,210,245
6086,2011-09-16,3,0,9,3,0,5,1,1,0.4,0.4091,0.71,0.2537,2,4,6
9603,2012-02-10,1,1,2,1,0,5,1,2,0.28,0.303,0.61,0.0896,2,11,13
15930,2012-11-01,4,1,11,10,0,4,1,3,0.36,0.3485,0.62,0.194,13,133,146
11291,2012-04-20,2,1,4,15,0,5,1,1,0.64,0.6212,0.47,0.194,145,262,407
3365,2011-05-25,2,0,5,2,0,3,1,2,0.56,0.5303,0.94,0,0,8,8
14772,2012-09-12,3,1,9,16,0,3,1,1,0.72,0.6515,0.37,0.1642,90,419,509
10250,2012-03-08,1,1,3,3,0,4,1,1,0.46,0.4545,0.63,0.3881,0,3,3
1411,2011-03-04,1,0,3,1,0,5,1,2,0.18,0.1818,0.64,0.194,0,4,4
15941,2012-11-01,4,1,11,21,0,4,1,2,0.38,0.3939,0.54,0.1343,29,238,267
6667,2011-10-10,4,0,10,8,1,1,0,1,0.52,0.5,0.83,0,27,227,254
8635,2011-12-31,1,0,12,13,0,6,0,1,0.5,0.4848,0.42,0.4925,108,205,313
816,2011-02-06,1,0,2,10,0,0,0,1,0.3,0.2879,0.52,0.2537,15,74,89
6501,2011-10-03,4,0,10,10,0,1,1,2,0.4,0.4091,0.66,0.1045,19,82,101
7323,2011-11-06,4,0,11,17,0,0,0,1,0.44,0.4394,0.62,0.1642,71,185,256
2132,2011-04-03,2,0,4,16,0,0,0,2,0.46,0.4545,0.31,0.194,147,156,303
1798,2011-03-20,1,0,3,14,0,0,0,1,0.4,0.4091,0.3,0,145,134,279
7728,2011-11-23,4,0,11,14,0,3,1,1,0.42,0.4242,0.54,0.4627,13,200,213
4576,2011-07-14,3,0,7,13,0,4,1,1,0.76,0.6667,0.33,0.3284,39,138,177
5191,2011-08-09,3,0,8,4,0,2,1,1,0.7,0.6667,0.74,0,1,6,7
8168,2011-12-11,4,0,12,23,0,0,0,1,0.2,0.2576,0.69,0,4,31,35
3123,2011-05-15,2,0,5,0,0,0,0,2,0.52,0.5,1,0,5,34,39
5366,2011-08-16,3,0,8,11,0,2,1,1,0.74,0.6667,0.51,0.2239,40,110,150
4276,2011-07-02,3,0,7,1,0,6,0,1,0.66,0.6212,0.54,0,20,58,78
524,2011-01-23,1,0,1,22,0,0,0,1,0.08,0.0909,0.38,0.194,5,23,28
3090,2011-05-13,2,0,5,15,0,5,1,2,0.52,0.5,0.88,0.1642,56,142,198
12451,2012-06-07,2,1,6,23,0,4,1,1,0.56,0.5303,0.52,0.1343,42,135,177
17364,2012-12-31,1,1,12,8,0,1,1,1,0.14,0.1515,0.69,0.1343,9,187,196
11840,2012-05-13,2,1,5,12,0,0,0,1,0.64,0.6212,0.57,0.2239,189,342,531
5254,2011-08-11,3,0,8,19,0,4,1,1,0.74,0.6515,0.35,0.194,48,323,371
15039,2012-09-23,4,1,9,19,0,0,0,1,0.52,0.5,0.42,0.1642,82,331,413
1533,2011-03-09,1,0,3,5,0,3,1,2,0.24,0.2424,0.81,0.1343,1,7,8
10363,2012-03-12,1,1,3,21,0,1,1,2,0.54,0.5152,0.56,0.2239,22,183,205
2832,2011-05-02,2,0,5,21,0,1,1,2,0.6,0.5909,0.73,0.1045,54,178,232
8270,2011-12-16,4,0,12,5,0,5,1,1,0.48,0.4697,0.44,0.3881,0,26,26
9728,2012-02-15,1,1,2,6,0,3,1,1,0.3,0.303,0.61,0.1343,3,92,95
7490,2011-11-13,4,0,11,16,0,0,0,2,0.54,0.5152,0.28,0.3881,93,226,319
16763,2012-12-06,4,1,12,5,0,4,1,1,0.22,0.2121,0.55,0.2836,0,32,32
14126,2012-08-16,3,1,8,18,0,4,1,1,0.8,0.7121,0.36,0,109,723,832
10448,2012-03-16,1,1,3,10,0,5,1,2,0.4,0.4091,0.87,0.0896,44,136,180
1300,2011-02-27,1,0,2,8,0,0,0,1,0.26,0.303,0.87,0,9,26,35
6274,2011-09-23,4,0,9,23,0,5,1,2,0.58,0.5455,1,0.1343,41,107,148
5500,2011-08-22,3,0,8,1,0,1,1,1,0.68,0.6364,0.79,0.0896,8,13,21
13327,2012-07-14,3,1,7,11,0,6,0,2,0.72,0.6818,0.7,0.1045,143,296,439
13216,2012-07-09,3,1,7,20,0,1,1,2,0.74,0.6818,0.55,0.1045,69,378,447
9295,2012-01-28,1,1,1,4,0,6,0,1,0.26,0.2576,0.6,0.1642,0,8,8
15546,2012-10-14,4,1,10,22,0,0,0,1,0.56,0.5303,0.73,0.3881,38,87,125
1481,2011-03-07,1,0,3,0,0,1,1,3,0.2,0.1818,1,0.3284,0,4,4
1602,2011-03-12,1,0,3,5,0,6,0,1,0.22,0.2273,0.69,0.194,0,2,2
5092,2011-08-05,3,0,8,1,0,5,1,1,0.64,0.5909,0.78,0.0896,3,16,19
7068,2011-10-27,4,0,10,2,0,4,1,3,0.46,0.4545,0.94,0,3,5,8
16451,2012-11-23,4,1,11,4,0,5,1,1,0.24,0.2576,0.75,0.1045,1,3,4
15334,2012-10-06,4,1,10,2,0,6,0,1,0.56,0.5303,0.78,0.194,13,62,75
3662,2011-06-06,2,0,6,11,0,1,1,1,0.74,0.6667,0.42,0.1343,39,72,111
13908,2012-08-07,3,1,8,16,0,2,1,3,0.76,0.7273,0.66,0.2836,101,344,445
8748,2012-01-05,1,1,1,7,0,4,1,2,0.2,0.2273,0.69,0.0896,3,212,215
4826,2011-07-24,3,0,7,23,0,0,0,2,0.76,0.7273,0.7,0.0896,13,37,50
9356,2012-01-30,1,1,1,17,0,1,1,1,0.36,0.3485,0.21,0.194,16,422,438
5681,2011-08-30,3,0,8,3,0,2,1,1,0.54,0.5152,0.73,0.194,2,2,4
398,2011-01-18,1,0,1,13,0,2,1,2,0.2,0.197,0.86,0.2239,0,22,22
14377,2012-08-27,3,1,8,5,0,1,1,1,0.62,0.5606,0.88,0,4,32,36
2507,2011-04-19,2,0,4,8,0,2,1,2,0.5,0.4848,0.68,0.1343,20,331,351
12138,2012-05-25,2,1,5,22,0,5,1,1,0.66,0.6212,0.74,0.1045,65,147,212
11324,2012-04-22,2,1,4,0,0,0,0,2,0.46,0.4545,0.82,0.194,32,85,117
3011,2011-05-10,2,0,5,8,0,2,1,2,0.5,0.4848,0.51,0.1045,28,397,425
12607,2012-06-14,2,1,6,11,0,4,1,1,0.66,0.6212,0.57,0.2537,60,168,228
724,2011-02-02,1,0,2,12,0,3,1,2,0.24,0.2273,0.93,0.2239,3,61,64
301,2011-01-13,1,0,1,23,0,4,1,1,0.12,0.1364,0.5,0.194,1,14,15
15568,2012-10-15,4,1,10,20,0,1,1,2,0.52,0.5,0.72,0.3881,19,237,256
10985,2012-04-07,2,1,4,20,0,6,0,1,0.5,0.4848,0.2,0.2239,73,135,208
7329,2011-11-06,4,0,11,23,0,0,0,1,0.34,0.3485,0.87,0.0896,7,43,50
10064,2012-02-29,1,1,2,9,0,3,1,3,0.3,0.303,0.81,0.1642,5,33,38
4186,2011-06-28,3,0,6,7,0,2,1,1,0.68,0.6364,0.83,0.194,27,320,347
2714,2011-04-27,2,0,4,23,0,3,1,2,0.62,0.5606,0.88,0.3582,25,53,78
17354,2012-12-30,1,1,12,22,0,0,0,1,0.2,0.197,0.55,0.194,6,30,36
16507,2012-11-25,4,1,11,12,0,0,0,2,0.26,0.2576,0.41,0.2239,37,165,202
13848,2012-08-05,3,1,8,4,0,0,0,1,0.72,0.697,0.74,0.2537,3,11,14
4583,2011-07-14,3,0,7,20,0,4,1,1,0.7,0.6364,0.42,0.2239,81,267,348
16590,2012-11-28,4,1,11,23,0,3,1,1,0.26,0.2727,0.48,0.1343,5,73,78
7368,2011-11-08,4,0,11,14,0,2,1,1,0.56,0.5303,0.46,0.1045,32,129,161
15176,2012-09-29,4,1,9,12,0,6,0,1,0.62,0.6212,0.41,0.2985,191,491,682
2512,2011-04-19,2,0,4,13,0,2,1,2,0.54,0.5152,0.68,0.2239,26,103,129
7434,2011-11-11,4,0,11,8,1,5,0,1,0.3,0.2727,0.42,0.3582,9,249,258
15190,2012-09-30,4,1,9,2,0,0,0,1,0.48,0.4697,0.63,0,21,71,92
9345,2012-01-30,1,1,1,6,0,1,1,1,0.22,0.2121,0.44,0.2537,0,80,80
6966,2011-10-22,4,0,10,20,0,6,0,1,0.42,0.4242,0.67,0,48,111,159
1213,2011-02-23,1,0,2,14,0,3,1,1,0.32,0.3333,0.29,0.1045,17,61,78
7056,2011-10-26,4,0,10,14,0,3,1,2,0.52,0.5,0.77,0,14,52,66
15094,2012-09-26,4,1,9,2,0,3,1,2,0.58,0.5455,0.64,0.2836,2,15,17
15948,2012-11-02,4,1,11,4,0,5,1,1,0.3,0.3182,0.7,0.1045,1,6,7
9262,2012-01-26,1,1,1,19,0,4,1,2,0.4,0.4091,0.76,0.1045,11,302,313
15533,2012-10-14,4,1,10,9,0,0,0,2,0.48,0.4697,0.67,0.2836,62,161,223
12994,2012-06-30,3,1,6,14,0,6,0,1,0.88,0.7727,0.3,0.2537,114,295,409
15218,2012-10-01,4,1,10,6,0,1,1,1,0.44,0.4394,0.77,0.1045,8,147,155
5428,2011-08-19,3,0,8,1,0,5,1,3,0.64,0.5758,0.89,0,1,19,20
11627,2012-05-04,2,1,5,15,0,5,1,2,0.72,0.6818,0.62,0.1045,103,240,343
13511,2012-07-22,3,1,7,3,0,0,0,2,0.6,0.5455,0.88,0.1045,13,30,43
8858,2012-01-09,1,1,1,21,0,1,1,2,0.2,0.2576,0.93,0,1,78,79
7217,2011-11-02,4,0,11,7,0,3,1,1,0.3,0.3333,0.81,0,11,240,251
5995,2011-09-12,3,0,9,8,0,1,1,1,0.6,0.5758,0.78,0.0896,26,382,408
8835,2012-01-08,1,1,1,22,0,0,0,1,0.26,0.2727,0.6,0.1045,4,54,58
3768,2011-06-10,2,0,6,21,0,5,1,1,0.76,0.7273,0.66,0.1343,55,163,218
4273,2011-07-01,3,0,7,22,0,5,1,1,0.7,0.6364,0.42,0,49,173,222
17106,2012-12-20,4,1,12,12,0,4,1,2,0.36,0.3485,0.53,0.1642,31,181,212
14608,2012-09-05,3,1,9,20,0,3,1,1,0.72,0.7121,0.84,0.1642,55,357,412
787,2011-02-05,1,0,2,5,0,6,0,3,0.2,0.2273,1,0.0896,0,9,9
12143,2012-05-26,2,1,5,3,0,6,0,1,0.62,0.5606,0.88,0.1045,9,22,31
10996,2012-04-08,2,1,4,7,0,0,0,1,0.38,0.3939,0.27,0.1642,12,25,37
14594,2012-09-05,3,1,9,6,0,3,1,1,0.7,0.6667,0.79,0.2836,7,203,210
7854,2011-11-28,4,0,11,21,0,1,1,2,0.54,0.5152,0.77,0.2239,4,152,156
16386,2012-11-20,4,1,11,11,0,2,1,2,0.42,0.4242,0.67,0.0896,45,160,205
15619,2012-10-17,4,1,10,23,0,3,1,1,0.46,0.4545,0.88,0.2239,15,84,99
2906,2011-05-05,2,0,5,23,0,4,1,1,0.46,0.4545,0.41,0.194,16,99,115
4627,2011-07-16,3,0,7,16,0,6,0,1,0.76,0.6818,0.45,0.2836,183,242,425
997,2011-02-14,1,0,2,4,0,1,1,1,0.32,0.303,0.53,0.2836,0,2,2
14182,2012-08-19,3,1,8,2,0,0,0,2,0.62,0.6061,0.69,0.0896,16,103,119
155,2011-01-07,1,0,1,17,0,5,1,2,0.2,0.2576,0.37,0,9,178,187
7247,2011-11-03,4,0,11,13,0,4,1,2,0.52,0.5,0.48,0.2537,19,150,169
6251,2011-09-23,4,0,9,0,0,5,1,2,0.62,0.5455,0.94,0.0896,11,41,52
14913,2012-09-18,3,1,9,13,0,2,1,2,0.7,0.6667,0.74,0.5821,17,97,114
8056,2011-12-07,4,0,12,7,0,3,1,3,0.44,0.4394,1,0.1045,3,43,46
16988,2012-12-15,4,1,12,14,0,6,0,1,0.4,0.4091,0.5,0.1642,92,334,426
5524,2011-08-23,3,0,8,1,0,2,1,1,0.58,0.5455,0.49,0.194,6,13,19
12700,2012-06-18,2,1,6,8,0,1,1,2,0.54,0.5152,0.83,0.194,27,447,474
7506,2011-11-14,4,0,11,8,0,1,1,2,0.46,0.4545,0.67,0.194,27,425,452
8927,2012-01-12,1,1,1,19,0,4,1,2,0.42,0.4242,0.71,0.1642,17,313,330
157,2011-01-07,1,0,1,19,0,5,1,1,0.16,0.197,0.55,0.0896,3,92,95
12149,2012-05-26,2,1,5,9,0,6,0,1,0.64,0.5758,0.83,0.194,97,192,289
3086,2011-05-13,2,0,5,11,0,5,1,2,0.52,0.5,0.83,0.1642,56,90,146
12847,2012-06-24,3,1,6,11,0,0,0,1,0.76,0.6818,0.4,0.1343,215,291,506
1553,2011-03-10,1,0,3,1,0,4,1,3,0.34,0.3182,0,0.2537,0,2,2
10815,2012-03-31,2,1,3,17,0,6,0,1,0.48,0.4697,0.67,0.4179,238,305,543
11978,2012-05-19,2,1,5,6,0,6,0,1,0.44,0.4394,0.72,0.0896,12,38,50
496,2011-01-22,1,0,1,17,0,6,0,1,0.12,0.197,0.28,0,8,59,67
2322,2011-04-11,2,0,4,15,0,1,1,1,0.74,0.6667,0.48,0.5224,56,85,141
913,2011-02-10,1,0,2,13,0,4,1,1,0.18,0.1667,0.29,0.2985,3,59,62
11145,2012-04-14,2,1,4,13,0,6,0,1,0.62,0.6212,0.33,0.2985,308,370,678
8778,2012-01-06,1,1,1,13,0,5,1,1,0.4,0.4091,0.43,0.2836,16,188,204
152,2011-01-07,1,0,1,14,0,5,1,2,0.2,0.197,0.4,0.2537,7,43,50
10835,2012-04-01,2,1,4,13,0,0,0,2,0.44,0.4394,0.62,0.194,190,274,464
15824,2012-10-26,4,1,10,12,0,5,1,2,0.58,0.5455,0.73,0.194,90,302,392
12631,2012-06-15,2,1,6,11,0,5,1,1,0.66,0.6212,0.5,0.194,106,180,286
1739,2011-03-18,1,0,3,2,0,5,1,1,0.4,0.4091,0.62,0.194,5,9,14
3002,2011-05-09,2,0,5,23,0,1,1,1,0.5,0.4848,0.68,0.0896,16,45,61
9310,2012-01-28,1,1,1,19,0,6,0,2,0.42,0.4242,0.41,0.5522,33,173,206
11404,2012-04-25,2,1,4,8,0,3,1,1,0.36,0.3636,0.76,0.0896,20,634,654
6962,2011-10-22,4,0,10,16,0,6,0,1,0.5,0.4848,0.45,0.194,169,190,359
16535,2012-11-26,4,1,11,16,0,1,1,1,0.44,0.4394,0.3,0,49,297,346
2884,2011-05-05,2,0,5,1,0,4,1,1,0.34,0.3333,0.71,0.194,4,6,10
3721,2011-06-08,2,0,6,22,0,3,1,1,0.76,0.7424,0.75,0.1642,37,139,176
7128,2011-10-29,4,0,10,14,0,6,0,3,0.24,0.197,0.87,0.4478,0,29,29
12707,2012-06-18,2,1,6,15,0,1,1,2,0.6,0.5909,0.69,0.194,61,176,237
889,2011-02-09,1,0,2,12,0,3,1,2,0.18,0.1818,0.4,0.2239,4,57,61
5472,2011-08-20,3,0,8,21,0,6,0,1,0.72,0.6818,0.7,0.2239,81,144,225
3202,2011-05-18,2,0,5,7,0,3,1,1,0.54,0.5152,0.88,0.194,14,260,274
11948,2012-05-18,2,1,5,0,0,5,1,1,0.52,0.5,0.59,0.1045,13,57,70
4824,2011-07-24,3,0,7,21,0,0,0,1,0.8,0.7879,0.63,0.1343,42,111,153
4705,2011-07-19,3,0,7,22,0,2,1,1,0.74,0.7121,0.74,0,36,120,156
344,2011-01-15,1,0,1,19,0,6,0,2,0.32,0.303,0.39,0.2537,14,60,74
4137,2011-06-26,3,0,6,6,0,0,0,1,0.6,0.6061,0.64,0,7,13,20
13637,2012-07-27,3,1,7,9,0,5,1,1,0.82,0.7727,0.49,0.2836,34,329,363
3189,2011-05-17,2,0,5,18,0,2,1,1,0.6,0.5909,0.69,0.2985,54,426,480
4523,2011-07-12,3,0,7,8,0,2,1,1,0.76,0.7121,0.58,0.2239,35,382,417
2224,2011-04-07,2,0,4,12,0,4,1,2,0.46,0.4545,0.55,0,39,114,153
2122,2011-04-03,2,0,4,6,0,0,0,1,0.28,0.2727,0.65,0.194,10,23,33
6859,2011-10-18,4,0,10,8,0,2,1,1,0.5,0.4848,0.77,0.0896,25,474,499
12803,2012-06-22,3,1,6,15,0,5,1,1,0.9,0.8182,0.35,0.3582,72,212,284
11916,2012-05-16,2,1,5,16,0,3,1,1,0.72,0.6515,0.45,0.1045,70,376,446
11612,2012-05-04,2,1,5,0,0,5,1,1,0.6,0.5758,0.78,0.3284,19,70,89
14581,2012-09-04,3,1,9,17,0,2,1,1,0.76,0.7273,0.7,0.3582,110,746,856
7367,2011-11-08,4,0,11,13,0,2,1,1,0.54,0.5152,0.49,0.1642,31,165,196
15104,2012-09-26,4,1,9,12,0,3,1,1,0.68,0.6364,0.61,0.2239,56,260,316
4735,2011-07-21,3,0,7,4,0,4,1,2,0.72,0.7121,0.84,0.1045,0,4,4
15612,2012-10-17,4,1,10,16,0,3,1,1,0.56,0.5303,0.52,0.194,70,396,466
1466,2011-03-06,1,0,3,9,0,0,0,2,0.42,0.4242,1,0.2836,4,18,22
4594,2011-07-15,3,0,7,7,0,5,1,1,0.64,0.6061,0.65,0.1045,17,257,274
3566,2011-06-02,2,0,6,11,0,4,1,1,0.74,0.6515,0.28,0.3881,42,123,165
5841,2011-09-05,3,0,9,19,1,1,0,3,0.66,0.5909,0.94,0.1045,52,123,175
284,2011-01-13,1,0,1,6,0,4,1,1,0.12,0.1515,0.54,0.1343,0,28,28
16776,2012-12-06,4,1,12,18,0,4,1,1,0.28,0.2727,0.45,0.1642,23,542,565
6176,2011-09-19,3,0,9,21,0,1,1,2,0.56,0.5303,0.68,0.1642,19,181,200
17281,2012-12-27,1,1,12,21,0,4,1,2,0.24,0.2273,0.6,0.2537,12,51,63
8912,2012-01-12,1,1,1,4,0,4,1,3,0.36,0.3485,0.93,0.194,0,2,2
4152,2011-06-26,3,0,6,21,0,0,0,2,0.7,0.6515,0.54,0.1045,48,135,183
17101,2012-12-20,4,1,12,7,0,4,1,2,0.3,0.3333,0.7,0,4,346,350
11091,2012-04-12,2,1,4,7,0,4,1,1,0.3,0.2727,0.65,0.3284,12,294,306
7377,2011-11-08,4,0,11,23,0,2,1,1,0.36,0.3788,0.81,0,3,45,48
11103,2012-04-12,2,1,4,19,0,4,1,1,0.46,0.4545,0.31,0.2985,50,383,433
16790,2012-12-07,4,1,12,8,0,5,1,2,0.3,0.2879,0.75,0.194,11,430,441
8862,2012-01-10,1,1,1,1,0,2,1,2,0.22,0.2424,0.93,0.1045,2,3,5
10802,2012-03-31,2,1,3,4,0,6,0,1,0.42,0.4242,0.77,0.4179,4,4,8
3162,2011-05-16,2,0,5,15,0,1,1,1,0.72,0.6667,0.51,0,55,110,165
2631,2011-04-24,2,0,4,12,0,0,0,1,0.68,0.6364,0.65,0.2537,168,220,388
14659,2012-09-07,3,1,9,23,0,5,1,1,0.66,0.5909,0.89,0.2537,28,220,248
16810,2012-12-08,4,1,12,4,0,6,0,2,0.36,0.3788,0.93,0,3,9,12
16489,2012-11-24,4,1,11,18,0,6,0,1,0.26,0.2273,0.38,0.3881,22,123,145
14718,2012-09-10,3,1,9,10,0,1,1,1,0.62,0.6212,0.5,0.2836,42,168,210
1204,2011-02-23,1,0,2,5,0,3,1,1,0.12,0.1515,0.5,0.1045,0,8,8
6414,2011-09-29,4,0,9,19,0,4,1,1,0.62,0.6212,0.5,0.0896,36,348,384
12531,2012-06-11,2,1,6,7,0,1,1,1,0.64,0.5909,0.78,0.1045,25,478,503
617,2011-01-28,1,0,1,22,0,5,1,1,0.24,0.2121,0.65,0.3582,0,26,26
10119,2012-03-02,1,1,3,16,0,5,1,3,0.4,0.4091,0.58,0.2985,1,49,50
3115,2011-05-14,2,0,5,16,0,6,0,2,0.54,0.5152,0.94,0.194,107,188,295
15001,2012-09-22,3,1,9,5,0,6,0,1,0.56,0.5303,0.83,0.3284,2,15,17
7482,2011-11-13,4,0,11,8,0,0,0,1,0.34,0.3485,0.66,0.0896,24,55,79
11483,2012-04-28,2,1,4,15,0,6,0,1,0.42,0.4242,0.41,0.2239,148,260,408
2729,2011-04-28,2,0,4,14,0,4,1,1,0.62,0.5758,0.83,0.2985,21,121,142
10406,2012-03-14,1,1,3,16,0,3,1,1,0.72,0.6364,0.25,0.194,78,278,356
16911,2012-12-12,4,1,12,9,0,3,1,2,0.28,0.2879,0.61,0.1343,13,272,285
15269,2012-10-03,4,1,10,9,0,3,1,2,0.62,0.5758,0.83,0.194,30,332,362
12185,2012-05-27,2,1,5,21,0,0,0,3,0.66,0.6212,0.69,0.4179,64,79,143
1358,2011-03-01,1,0,3,20,0,2,1,1,0.3,0.3182,0.61,0.0896,2,86,88
13294,2012-07-13,3,1,7,2,0,5,1,2,0.66,0.6212,0.61,0.0896,2,15,17
7799,2011-11-26,4,0,11,13,0,6,0,1,0.48,0.4697,0.44,0,177,148,325
8998,2012-01-15,1,1,1,18,0,0,0,1,0.18,0.1818,0.29,0.2239,7,113,120
15462,2012-10-11,4,1,10,10,0,4,1,1,0.44,0.4394,0.41,0.3582,39,165,204
7777,2011-11-25,4,0,11,15,0,5,1,1,0.52,0.5,0.36,0.194,165,145,310
1591,2011-03-11,1,0,3,18,0,5,1,1,0.32,0.303,0.49,0.3284,19,134,153
17142,2012-12-22,1,1,12,0,0,6,0,1,0.26,0.2121,0.44,0.5821,1,30,31
3141,2011-05-15,2,0,5,18,0,0,0,1,0.56,0.5303,0.78,0.2537,60,177,237
5339,2011-08-15,3,0,8,8,0,1,1,1,0.64,0.5909,0.78,0.3284,29,326,355
14501,2012-09-01,3,1,9,9,0,6,0,2,0.76,0.7121,0.58,0.194,62,175,237
12494,2012-06-09,2,1,6,18,0,6,0,1,0.82,0.697,0.24,0.2239,175,276,451
548,2011-01-24,1,0,1,23,0,1,1,2,0.16,0.1515,0.64,0.2537,3,21,24
7119,2011-10-29,4,0,10,5,0,6,0,3,0.26,0.2273,0.93,0.3582,0,1,1
14325,2012-08-25,3,1,8,1,0,6,0,2,0.68,0.6364,0.69,0,15,100,115
6938,2011-10-21,4,0,10,16,0,5,1,1,0.5,0.4848,0.45,0.2537,60,242,302
27,2011-01-02,1,0,1,2,0,0,0,2,0.42,0.4242,1,0.2836,1,8,9
1068,2011-02-17,1,0,2,5,0,4,1,1,0.32,0.3333,0.66,0.0896,1,11,12
3919,2011-06-17,2,0,6,4,0,5,1,1,0.54,0.5152,0.94,0.1343,1,5,6
6605,2011-10-07,4,0,10,18,0,5,1,1,0.56,0.5303,0.6,0.0896,94,371,465
5530,2011-08-23,3,0,8,7,0,2,1,1,0.6,0.6212,0.49,0.194,11,333,344
6679,2011-10-10,4,0,10,20,1,1,0,1,0.6,0.5909,0.73,0,37,188,225
5399,2011-08-17,3,0,8,20,0,3,1,1,0.74,0.6818,0.58,0.2537,37,243,280
10649,2012-03-24,2,1,3,19,0,6,0,3,0.46,0.4545,0.94,0.1343,28,105,133
8082,2011-12-08,4,0,12,9,0,4,1,1,0.24,0.2121,0.52,0.3881,7,218,225
9414,2012-02-02,1,1,2,3,0,4,1,2,0.42,0.4242,0.67,0.1343,0,2,2
11839,2012-05-13,2,1,5,11,0,0,0,1,0.62,0.6212,0.57,0.2537,150,278,428
16941,2012-12-13,4,1,12,15,0,4,1,1,0.36,0.3485,0.34,0.1343,40,240,280
438,2011-01-20,1,0,1,6,0,4,1,1,0.22,0.2121,0.6,0.2239,0,35,35
11080,2012-04-11,2,1,4,20,0,3,1,1,0.36,0.3333,0.46,0.3284,22,213,235
16625,2012-11-30,4,1,11,11,0,5,1,2,0.34,0.3485,0.53,0.0896,31,170,201
5270,2011-08-12,3,0,8,11,0,5,1,1,0.76,0.6667,0.29,0,48,108,156
1862,2011-03-23,2,0,3,8,0,3,1,2,0.32,0.3182,0.87,0.194,14,247,261
12866,2012-06-25,3,1,6,6,0,1,1,1,0.64,0.5909,0.78,0.1642,11,147,158
8317,2011-12-18,4,0,12,4,0,0,0,1,0.22,0.2121,0.55,0.2239,0,1,1
9226,2012-01-25,1,1,1,7,0,3,1,1,0.24,0.2273,0.75,0.2239,14,243,257
15629,2012-10-18,4,1,10,9,0,4,1,2,0.5,0.4848,0.77,0.1642,41,346,387
2707,2011-04-27,2,0,4,16,0,3,1,1,0.7,0.6515,0.7,0.3881,29,189,218
15667,2012-10-19,4,1,10,23,0,5,1,1,0.46,0.4545,0.88,0.1045,13,118,131
8519,2011-12-26,1,0,12,16,1,1,0,1,0.36,0.3333,0.43,0.2836,28,69,97
5326,2011-08-14,3,0,8,19,0,0,0,1,0.72,0.697,0.74,0.2239,75,184,259
15541,2012-10-14,4,1,10,17,0,0,0,1,0.64,0.6212,0.44,0.194,193,346,539
6958,2011-10-22,4,0,10,12,0,6,0,1,0.46,0.4545,0.55,0.0896,132,211,343
14250,2012-08-21,3,1,8,22,0,2,1,1,0.64,0.5909,0.78,0,24,208,232
5967,2011-09-11,3,0,9,3,0,0,0,2,0.62,0.5909,0.78,0.0896,15,30,45
10919,2012-04-05,2,1,4,2,0,4,1,1,0.46,0.4545,0.33,0.4478,7,11,18
11243,2012-04-18,2,1,4,15,0,3,1,3,0.42,0.4242,0.77,0.194,10,88,98
4012,2011-06-21,3,0,6,1,0,2,1,3,0.62,0.5909,0.78,0.1642,2,12,14
3463,2011-05-29,2,0,5,4,0,0,0,1,0.6,0.5455,0.88,0.0896,13,10,23
535,2011-01-24,1,0,1,10,0,1,1,1,0.1,0.1364,0.42,0,6,34,40
13928,2012-08-08,3,1,8,12,0,3,1,2,0.8,0.7424,0.52,0,63,217,280
586,2011-01-26,1,0,1,16,0,3,1,4,0.22,0.197,0.93,0.3284,1,35,36
13100,2012-07-05,3,1,7,0,0,4,1,1,0.74,0.6667,0.51,0.1045,17,71,88
14734,2012-09-11,3,1,9,2,0,2,1,1,0.48,0.4697,0.77,0.1642,1,5,6
10983,2012-04-07,2,1,4,18,0,6,0,1,0.54,0.5152,0.18,0.2985,227,290,517
12500,2012-06-10,2,1,6,0,0,0,0,1,0.66,0.6212,0.69,0.1045,33,125,158
8684,2012-01-02,1,1,1,15,1,1,0,1,0.28,0.2424,0.38,0.4478,29,139,168
9744,2012-02-15,1,1,2,22,0,3,1,1,0.34,0.3485,0.49,0.1045,3,104,107
14131,2012-08-16,3,1,8,23,0,4,1,1,0.7,0.6515,0.54,0.1045,58,168,226
9089,2012-01-19,1,1,1,14,0,4,1,1,0.24,0.2273,0.44,0.194,15,104,119
10551,2012-03-20,1,1,3,17,0,2,1,1,0.6,0.5909,0.73,0.194,108,642,750
6465,2011-10-01,4,0,10,22,0,6,0,2,0.36,0.3485,0.93,0.2239,12,58,70
10149,2012-03-03,1,1,3,22,0,6,0,1,0.44,0.4394,0.21,0.1343,19,115,134
14517,2012-09-02,3,1,9,1,0,0,0,1,0.66,0.5909,0.89,0,15,58,73
16813,2012-12-08,4,1,12,7,0,6,0,2,0.36,0.3636,1,0.0896,3,36,39
1917,2011-03-25,2,0,3,15,0,5,1,2,0.34,0.3182,0.36,0.2537,43,79,122
16371,2012-11-19,4,1,11,20,0,1,1,2,0.38,0.3939,0.62,0.2537,7,252,259
9698,2012-02-14,1,1,2,0,0,2,1,2,0.26,0.303,0.6,0,0,14,14
8108,2011-12-09,4,0,12,11,0,5,1,1,0.32,0.303,0.7,0.2537,15,121,136
8083,2011-12-08,4,0,12,10,0,4,1,1,0.26,0.2273,0.52,0.3284,1,109,110
1911,2011-03-25,2,0,3,9,0,5,1,1,0.24,0.2121,0.48,0.2985,16,150,166
17267,2012-12-27,1,1,12,7,0,4,1,1,0.24,0.2273,0.7,0.2239,0,90,90
12865,2012-06-25,3,1,6,5,0,1,1,1,0.66,0.6212,0.74,0.1642,1,42,43
1134,2011-02-19,1,0,2,23,0,6,0,1,0.28,0.2424,0.33,0.4478,4,25,29
12023,2012-05-21,2,1,5,3,0,1,1,2,0.56,0.5303,0.88,0.2985,0,2,2
13286,2012-07-12,3,1,7,18,0,4,1,1,0.76,0.6818,0.45,0.1343,86,739,825
1318,2011-02-28,1,0,2,3,0,1,1,3,0.32,0.3182,0.93,0.1642,0,1,1
4369,2011-07-05,3,0,7,22,0,2,1,1,0.76,0.7273,0.66,0.2239,31,124,155
8314,2011-12-18,4,0,12,1,0,0,0,1,0.2,0.2273,0.69,0.1045,3,43,46
14163,2012-08-18,3,1,8,7,0,6,0,1,0.6,0.5606,0.83,0.2239,12,52,64
14693,2012-09-09,3,1,9,9,0,0,0,1,0.62,0.6061,0.61,0.2537,85,214,299
7326,2011-11-06,4,0,11,20,0,0,0,1,0.36,0.3636,0.81,0.1045,16,100,116
6081,2011-09-15,3,0,9,22,0,4,1,1,0.44,0.4394,0.67,0.2836,7,108,115
11942,2012-05-17,2,1,5,18,0,4,1,1,0.66,0.6212,0.27,0.1642,134,734,868
2602,2011-04-23,2,0,4,7,0,6,0,3,0.34,0.3333,1,0.1642,2,17,19
6569,2011-10-06,4,0,10,6,0,4,1,1,0.4,0.4091,0.66,0.194,4,110,114
13683,2012-07-29,3,1,7,7,0,0,0,1,0.66,0.6212,0.69,0.2537,4,36,40
2174,2011-04-05,2,0,4,10,0,2,1,3,0.34,0.303,0.81,0.3881,3,25,28
3606,2011-06-04,2,0,6,3,0,6,0,1,0.52,0.5,0.59,0.1045,8,10,18
6430,2011-09-30,4,0,9,11,0,5,1,1,0.64,0.6212,0.57,0.0896,49,168,217
10439,2012-03-16,1,1,3,1,0,5,1,2,0.42,0.4242,0.82,0.3284,4,22,26
7996,2011-12-04,4,0,12,19,0,0,0,1,0.38,0.3939,0.76,0,15,158,173
9143,2012-01-21,1,1,1,20,0,6,0,2,0.18,0.1667,0.8,0.2985,5,62,67
3769,2011-06-10,2,0,6,22,0,5,1,1,0.72,0.697,0.74,0.2537,40,145,185
5078,2011-08-04,3,0,8,11,0,4,1,2,0.74,0.697,0.66,0.2239,37,112,149
8275,2011-12-16,4,0,12,10,0,5,1,1,0.34,0.303,0.46,0.2985,10,122,132
9600,2012-02-09,1,1,2,22,0,4,1,2,0.3,0.3333,0.56,0,3,104,107
4632,2011-07-16,3,0,7,21,0,6,0,1,0.7,0.6515,0.58,0.2239,85,167,252
10791,2012-03-30,2,1,3,17,0,5,1,2,0.4,0.4091,0.62,0.2239,93,513,606
241,2011-01-11,1,0,1,9,0,2,1,2,0.18,0.197,0.51,0.1642,3,127,130
10863,2012-04-02,2,1,4,18,0,1,1,1,0.5,0.4848,0.27,0.2537,75,543,618
15828,2012-10-26,4,1,10,16,0,5,1,2,0.58,0.5455,0.73,0.1642,137,445,582
7603,2011-11-18,4,0,11,9,0,5,1,1,0.26,0.2576,0.41,0.194,6,207,213
10566,2012-03-21,2,1,3,8,0,3,1,3,0.48,0.4697,0.94,0.1045,33,502,535
1868,2011-03-23,2,0,3,14,0,3,1,2,0.36,0.3636,0.87,0.1045,13,71,84
11774,2012-05-10,2,1,5,18,0,4,1,1,0.56,0.5303,0.35,0.5224,109,661,770
17307,2012-12-28,1,1,12,23,0,5,1,2,0.24,0.2576,0.65,0.0896,5,54,59
12959,2012-06-29,3,1,6,3,0,5,1,1,0.72,0.6667,0.58,0.194,3,5,8
2522,2011-04-19,2,0,4,23,0,2,1,1,0.46,0.4545,0.88,0.0896,11,41,52
12159,2012-05-26,2,1,5,19,0,6,0,2,0.74,0.697,0.66,0.2239,159,214,373
1821,2011-03-21,2,0,3,14,0,1,1,2,0.54,0.5152,0.64,0.2239,36,65,101
2411,2011-04-15,2,0,4,8,1,5,0,1,0.44,0.4394,0.62,0.2985,21,279,300
8244,2011-12-15,4,0,12,3,0,4,1,2,0.32,0.3333,0.7,0.1343,1,2,3
6638,2011-10-09,4,0,10,3,0,0,0,1,0.44,0.4394,0.88,0,10,20,30
5188,2011-08-09,3,0,8,1,0,2,1,1,0.72,0.6818,0.66,0,5,9,14
12389,2012-06-05,2,1,6,9,0,2,1,2,0.52,0.5,0.72,0.2537,50,285,335
4566,2011-07-14,3,0,7,3,0,4,1,1,0.62,0.6212,0.57,0.2985,1,5,6
7943,2011-12-02,4,0,12,14,0,5,1,1,0.42,0.4242,0.44,0.1045,25,145,170
15258,2012-10-02,4,1,10,22,0,2,1,2,0.62,0.5455,0.94,0.1045,28,212,240
6392,2011-09-28,4,0,9,21,0,3,1,3,0.6,0.5455,0.88,0.2537,7,67,74
2119,2011-04-03,2,0,4,3,0,0,0,1,0.3,0.3333,0.61,0,3,8,11
10051,2012-02-28,1,1,2,19,0,2,1,1,0.42,0.4242,0.26,0,15,291,306
3780,2011-06-11,2,0,6,9,0,6,0,1,0.74,0.6818,0.62,0.1343,59,171,230
16036,2012-11-05,4,1,11,20,0,1,1,1,0.32,0.303,0.49,0.2537,13,228,241
4962,2011-07-30,3,0,7,15,0,6,0,1,0.9,0.803,0.31,0.1343,113,189,302
2810,2011-05-01,2,0,5,23,0,0,0,1,0.46,0.4545,0.77,0.194,64,82,146
499,2011-01-22,1,0,1,20,0,6,0,1,0.06,0.0758,0.45,0.1642,1,44,45
919,2011-02-10,1,0,2,19,0,4,1,1,0.14,0.1667,0.28,0.1045,2,110,112
12351,2012-06-03,2,1,6,19,0,0,0,1,0.68,0.6364,0.34,0.2836,116,337,453
8618,2011-12-30,1,0,12,20,0,5,1,2,0.34,0.3485,0.66,0.1045,16,75,91
4285,2011-07-02,3,0,7,10,0,6,0,1,0.8,0.7121,0.36,0,103,168,271
12563,2012-06-12,2,1,6,15,0,2,1,3,0.66,0.5909,0.89,0.194,22,94,116
11059,2012-04-10,2,1,4,22,0,2,1,1,0.4,0.4091,0.37,0.4925,9,118,127
229,2011-01-10,1,0,1,19,0,1,1,1,0.16,0.1667,0.47,0.1642,3,92,95
10799,2012-03-31,2,1,3,1,0,6,0,2,0.4,0.4091,0.76,0.194,17,65,82
12063,2012-05-22,2,1,5,19,0,2,1,1,0.66,0.6212,0.69,0.2239,44,320,364
2742,2011-04-29,2,0,4,3,0,5,1,1,0.46,0.4545,0.59,0.0896,1,4,5
9272,2012-01-27,1,1,1,5,0,5,1,2,0.42,0.4242,0.94,0.3284,0,24,24
11710,2012-05-08,2,1,5,2,0,2,1,2,0.52,0.5,0.63,0.2985,9,7,16
6002,2011-09-12,3,0,9,15,0,1,1,1,0.74,0.6667,0.48,0.0896,60,152,212
5719,2011-08-31,3,0,8,17,0,3,1,1,0.72,0.6515,0.45,0.1343,83,525,608
12600,2012-06-14,2,1,6,4,0,4,1,2,0.6,0.6212,0.56,0.2537,0,6,6
5584,2011-08-25,3,0,8,13,0,4,1,1,0.7,0.6667,0.79,0.1045,7,30,37
15622,2012-10-18,4,1,10,2,0,4,1,1,0.46,0.4545,0.82,0.194,1,13,14
15731,2012-10-22,4,1,10,15,0,1,1,1,0.64,0.6212,0.29,0.1642,74,222,296
10742,2012-03-28,2,1,3,16,0,3,1,3,0.62,0.6212,0.43,0.0896,51,170,221
1129,2011-02-19,1,0,2,18,0,6,0,1,0.36,0.3182,0.25,0.4478,21,67,88
11947,2012-05-17,2,1,5,23,0,4,1,1,0.54,0.5152,0.49,0.1343,29,137,166
12825,2012-06-23,3,1,6,13,0,6,0,1,0.82,0.7273,0.34,0.194,226,338,564
10299,2012-03-10,1,1,3,4,0,6,0,1,0.24,0.2121,0.41,0.3582,1,3,4
1707,2011-03-16,1,0,3,18,0,3,1,2,0.44,0.4394,0.54,0.2239,26,211,237
7451,2011-11-12,4,0,11,1,0,6,0,1,0.24,0.2424,0.6,0.1343,9,45,54
3154,2011-05-16,2,0,5,7,0,1,1,1,0.52,0.5,0.83,0.2836,27,245,272
11675,2012-05-06,2,1,5,15,0,0,0,2,0.62,0.6061,0.61,0.1045,229,342,571
13176,2012-07-08,3,1,7,4,0,0,0,1,0.78,0.7576,0.66,0.1045,2,11,13
513,2011-01-23,1,0,1,11,0,0,0,1,0.14,0.1364,0.43,0.2239,22,77,99
6241,2011-09-22,3,0,9,14,0,4,1,2,0.66,0.6061,0.83,0.2239,41,142,183
7105,2011-10-28,4,0,10,15,0,5,1,2,0.36,0.3333,0.43,0.2537,44,171,215
9825,2012-02-19,1,1,2,7,0,0,0,2,0.24,0.2121,0.52,0.2836,2,12,14
15739,2012-10-22,4,1,10,23,0,1,1,1,0.46,0.4545,0.82,0.1045,20,143,163
17176,2012-12-23,1,1,12,10,0,0,0,1,0.22,0.2273,0.64,0.194,26,67,93
10701,2012-03-26,2,1,3,23,0,1,1,1,0.34,0.2879,0.25,0.5224,2,46,48
2722,2011-04-28,2,0,4,7,0,4,1,2,0.64,0.5909,0.78,0.4478,14,201,215
7446,2011-11-11,4,0,11,20,1,5,0,1,0.32,0.3182,0.39,0.194,12,97,109
7894,2011-11-30,4,0,11,13,0,3,1,2,0.38,0.3939,0.43,0.3582,16,131,147
7510,2011-11-14,4,0,11,12,0,1,1,1,0.56,0.5303,0.56,0.2985,36,166,202
14123,2012-08-16,3,1,8,15,0,4,1,1,0.8,0.697,0.33,0.2537,63,197,260
8043,2011-12-06,4,0,12,18,0,2,1,2,0.46,0.4545,1,0.2836,17,287,304
13205,2012-07-09,3,1,7,9,0,1,1,2,0.66,0.6061,0.83,0.1642,38,325,363
11263,2012-04-19,2,1,4,11,0,4,1,1,0.52,0.5,0.48,0,46,183,229
11577,2012-05-02,2,1,5,13,0,3,1,2,0.58,0.5455,0.78,0.194,49,179,228
14315,2012-08-24,3,1,8,15,0,5,1,2,0.76,0.6818,0.48,0.1343,99,251,350
12438,2012-06-07,2,1,6,10,0,4,1,1,0.6,0.6061,0.64,0.0896,56,154,210
12591,2012-06-13,2,1,6,19,0,3,1,1,0.7,0.6364,0.34,0.3881,123,548,671
12749,2012-06-20,2,1,6,9,0,3,1,2,0.72,0.697,0.74,0,40,276,316
13409,2012-07-17,3,1,7,21,0,2,1,1,0.82,0.7727,0.52,0.1343,50,283,333
9054,2012-01-18,1,1,1,3,0,3,1,2,0.44,0.4394,0.51,0.4925,1,3,4
12303,2012-06-01,2,1,6,19,0,5,1,3,0.62,0.5606,0.88,0.3582,4,41,45
6055,2011-09-14,3,0,9,20,0,3,1,2,0.72,0.6667,0.58,0.4179,40,221,261
12455,2012-06-08,2,1,6,3,0,5,1,1,0.54,0.5152,0.6,0.0896,0,8,8
15056,2012-09-24,4,1,9,12,0,1,1,1,0.56,0.5303,0.35,0.2985,77,265,342
2551,2011-04-21,2,0,4,4,0,4,1,2,0.44,0.4394,0.54,0.4478,2,4,6
16424,2012-11-22,4,1,11,1,1,4,0,1,0.28,0.303,0.65,0.0896,5,37,42
7441,2011-11-11,4,0,11,15,1,5,0,1,0.36,0.3333,0.37,0.4179,29,187,216
16188,2012-11-12,4,1,11,5,1,1,0,1,0.38,0.3939,0.87,0,1,23,24
6769,2011-10-14,4,0,10,14,0,5,1,1,0.62,0.6212,0.43,0.3582,37,119,156
11961,2012-05-18,2,1,5,13,0,5,1,1,0.64,0.6212,0.36,0.1642,98,297,395
2682,2011-04-26,2,0,4,15,0,2,1,1,0.7,0.6515,0.61,0.3582,34,119,153
6450,2011-10-01,4,0,10,7,0,6,0,3,0.42,0.4242,0.67,0.2537,6,30,36
12770,2012-06-21,3,1,6,6,0,4,1,2,0.7,0.6667,0.84,0.0896,3,147,150
1046,2011-02-16,1,0,2,7,0,3,1,2,0.2,0.197,0.55,0.2239,5,103,108
2645,2011-04-25,2,0,4,2,0,1,1,1,0.54,0.5152,1,0.0896,1,9,10
16220,2012-11-13,4,1,11,13,0,2,1,1,0.34,0.3182,0.53,0.2537,30,188,218
4488,2011-07-10,3,0,7,21,0,0,0,1,0.74,0.6818,0.62,0.2537,65,162,227
2062,2011-03-31,2,0,3,18,0,4,1,2,0.3,0.303,0.87,0.1343,12,165,177
4646,2011-07-17,3,0,7,11,0,0,0,1,0.76,0.697,0.55,0.2836,147,244,391
9113,2012-01-20,1,1,1,14,0,5,1,2,0.22,0.2121,0.35,0.2985,8,107,115
3776,2011-06-11,2,0,6,5,0,6,0,1,0.68,0.6364,0.74,0.1343,4,12,16
16025,2012-11-05,4,1,11,9,0,1,1,2,0.3,0.2879,0.52,0.2836,18,239,257
5597,2011-08-26,3,0,8,2,0,5,1,1,0.62,0.5606,0.88,0.1343,4,16,20
16904,2012-12-12,4,1,12,2,0,3,1,1,0.28,0.2727,0.56,0.1642,5,4,9
9298,2012-01-28,1,1,1,7,0,6,0,1,0.22,0.2727,0.75,0,3,28,31
7266,2011-11-04,4,0,11,8,0,5,1,2,0.4,0.4091,0.87,0.3582,8,387,395
11648,2012-05-05,2,1,5,12,0,6,0,1,0.72,0.6667,0.58,0.1045,220,330,550
4175,2011-06-27,3,0,6,20,0,1,1,1,0.7,0.6515,0.65,0.1045,54,251,305
16174,2012-11-11,4,1,11,15,0,0,0,1,0.56,0.5303,0.37,0.2239,304,420,724
9217,2012-01-24,1,1,1,22,0,2,1,1,0.32,0.3485,0.81,0,14,111,125
15443,2012-10-10,4,1,10,15,0,3,1,1,0.6,0.6212,0.4,0.1642,58,261,319
11025,2012-04-09,2,1,4,12,0,1,1,1,0.54,0.5152,0.28,0.7164,94,186,280
12306,2012-06-01,2,1,6,22,0,5,1,3,0.6,0.5455,0.88,0.1343,1,22,23
10144,2012-03-03,1,1,3,17,0,6,0,1,0.5,0.4848,0.23,0.3284,106,279,385
16506,2012-11-25,4,1,11,11,0,0,0,2,0.26,0.2576,0.41,0.2239,49,155,204
8544,2011-12-27,1,0,12,17,0,2,1,3,0.4,0.4091,0.87,0.1343,6,109,115
14776,2012-09-12,3,1,9,20,0,3,1,1,0.62,0.6212,0.57,0.1343,38,432,470
984,2011-02-13,1,0,2,15,0,0,0,2,0.4,0.4091,0.3,0.2985,40,122,162
12539,2012-06-11,2,1,6,15,0,1,1,1,0.8,0.7121,0.41,0.3582,72,187,259
5481,2011-08-21,3,0,8,6,0,0,0,1,0.66,0.5909,0.89,0.2836,4,10,14
14523,2012-09-02,3,1,9,7,0,0,0,1,0.66,0.5909,0.94,0.0896,13,29,42
4798,2011-07-23,3,0,7,19,0,6,0,2,0.82,0.803,0.59,0.1343,80,137,217
11869,2012-05-14,2,1,5,17,0,1,1,3,0.56,0.5303,0.88,0.2537,25,204,229
3663,2011-06-06,2,0,6,12,0,1,1,1,0.76,0.6667,0.37,0.1642,25,128,153
16713,2012-12-04,4,1,12,3,0,2,1,2,0.4,0.4091,0.87,0.1343,1,3,4
6948,2011-10-22,4,0,10,2,0,6,0,1,0.4,0.4091,0.62,0.2537,6,25,31
4658,2011-07-17,3,0,7,23,0,0,0,1,0.7,0.6667,0.74,0.1343,39,54,93
6415,2011-09-29,4,0,9,20,0,4,1,1,0.6,0.6212,0.53,0.0896,39,234,273
15610,2012-10-17,4,1,10,14,0,3,1,2,0.56,0.5303,0.43,0.1642,82,188,270
3151,2011-05-16,2,0,5,4,0,1,1,1,0.5,0.4848,1,0.1343,1,5,6
11575,2012-05-02,2,1,5,11,0,3,1,2,0.58,0.5455,0.81,0.1343,39,145,184
14837,2012-09-15,3,1,9,9,0,6,0,1,0.6,0.6212,0.43,0.4179,79,263,342
4814,2011-07-24,3,0,7,11,0,0,0,1,0.84,0.803,0.53,0.2537,74,169,243
9266,2012-01-26,1,1,1,23,0,4,1,2,0.4,0.4091,0.82,0,5,86,91
5970,2011-09-11,3,0,9,6,0,0,0,1,0.58,0.5455,0.88,0.1045,4,16,20
2940,2011-05-07,2,0,5,9,0,6,0,1,0.54,0.5152,0.49,0.2836,54,164,218
1341,2011-03-01,1,0,3,3,0,2,1,1,0.22,0.2121,0.69,0.2836,0,2,2
1392,2011-03-03,1,0,3,6,0,4,1,1,0.14,0.1212,0.33,0.2985,1,34,35
11920,2012-05-16,2,1,5,20,0,3,1,1,0.66,0.6212,0.65,0.2537,61,398,459
15964,2012-11-02,4,1,11,20,0,5,1,2,0.36,0.3333,0.46,0.4179,14,207,221
15005,2012-09-22,3,1,9,9,0,6,0,1,0.64,0.6061,0.69,0.2537,88,289,377
8803,2012-01-07,1,1,1,14,0,6,0,1,0.5,0.4848,0.42,0.2836,156,356,512
13454,2012-07-19,3,1,7,18,0,4,1,1,0.86,0.7879,0.41,0.194,93,684,777
13602,2012-07-25,3,1,7,22,0,3,1,1,0.7,0.6515,0.58,0.1343,55,223,278
12655,2012-06-16,2,1,6,11,0,6,0,1,0.66,0.6212,0.39,0.1642,213,353,566
6147,2011-09-18,3,0,9,16,0,0,0,2,0.56,0.5303,0.64,0.1642,134,235,369
9776,2012-02-17,1,1,2,6,0,5,1,2,0.28,0.2879,0.96,0.1343,1,70,71
1413,2011-03-04,1,0,3,3,0,5,1,2,0.18,0.1667,0.74,0.2537,0,1,1
2257,2011-04-08,2,0,4,21,0,5,1,2,0.3,0.2879,0.93,0.2537,11,43,54
13690,2012-07-29,3,1,7,14,0,0,0,1,0.8,0.7273,0.46,0.194,231,291,522
13256,2012-07-11,3,1,7,12,0,3,1,2,0.78,0.697,0.43,0,69,223,292
6121,2011-09-17,3,0,9,14,0,6,0,2,0.52,0.5,0.72,0.194,123,174,297
2213,2011-04-07,2,0,4,1,0,4,1,1,0.42,0.4242,0.47,0.1343,2,11,13
5604,2011-08-26,3,0,8,9,0,5,1,1,0.7,0.6667,0.74,0,39,191,230
8882,2012-01-10,1,1,1,22,0,2,1,1,0.3,0.303,0.7,0.0896,10,104,114
6005,2011-09-12,3,0,9,18,0,1,1,1,0.7,0.6515,0.54,0.194,56,515,571
5418,2011-08-18,3,0,8,15,0,4,1,1,0.8,0.7273,0.46,0.3582,56,118,174
4939,2011-07-29,3,0,7,16,0,5,1,1,0.96,0.8636,0.3,0.3881,35,198,233
3625,2011-06-04,2,0,6,22,0,6,0,1,0.64,0.6212,0.57,0.2239,49,141,190
3159,2011-05-16,2,0,5,12,0,1,1,1,0.66,0.6212,0.54,0.0896,72,137,209
4268,2011-07-01,3,0,7,17,0,5,1,1,0.82,0.697,0.21,0.194,99,362,461
9159,2012-01-22,1,1,1,12,0,0,0,2,0.16,0.1515,0.8,0.2239,24,161,185
464,2011-01-21,1,0,1,8,0,5,1,1,0.2,0.1818,0.47,0.3284,7,210,217
1755,2011-03-18,1,0,3,19,0,5,1,1,0.66,0.6212,0.44,0.1343,58,132,190
11356,2012-04-23,2,1,4,8,0,1,1,2,0.3,0.2727,0.75,0.3284,11,471,482
11119,2012-04-13,2,1,4,11,0,5,1,1,0.46,0.4545,0.36,0.1343,75,158,233
6381,2011-09-28,4,0,9,10,0,3,1,2,0.62,0.5455,0.94,0,20,109,129
3830,2011-06-13,2,0,6,11,0,1,1,1,0.66,0.6212,0.41,0.2985,53,106,159
379,2011-01-17,1,0,1,6,1,1,0,2,0.18,0.1818,0.43,0.194,0,5,5
14197,2012-08-19,3,1,8,17,0,0,0,2,0.64,0.5909,0.78,0.1045,76,267,343
1336,2011-02-28,1,0,2,22,0,1,1,3,0.34,0.303,0.93,0.4179,4,72,76
17125,2012-12-21,1,1,12,7,0,5,1,2,0.32,0.3182,0.57,0.194,3,205,208
2717,2011-04-28,2,0,4,2,0,4,1,2,0.62,0.5758,0.83,0.4478,14,7,21
11842,2012-05-13,2,1,5,14,0,0,0,1,0.7,0.6515,0.48,0.1343,228,324,552
13970,2012-08-10,3,1,8,6,0,5,1,3,0.64,0.5758,0.89,0.2985,3,41,44
12675,2012-06-17,2,1,6,7,0,0,0,1,0.52,0.5,0.72,0.0896,18,30,48
16552,2012-11-27,4,1,11,9,0,2,1,2,0.32,0.3333,0.81,0.1343,11,257,268
11956,2012-05-18,2,1,5,8,0,5,1,1,0.52,0.5,0.59,0.1343,49,696,745
10004,2012-02-26,1,1,2,20,0,0,0,1,0.32,0.3182,0.42,0.1642,9,79,88
6323,2011-09-26,4,0,9,0,0,1,1,2,0.62,0.5455,0.94,0,6,23,29
11358,2012-04-23,2,1,4,10,0,1,1,2,0.32,0.303,0.7,0.3284,12,88,100
12230,2012-05-29,2,1,5,18,0,2,1,1,0.8,0.7424,0.49,0.4925,78,632,710
1895,2011-03-24,2,0,3,17,0,4,1,2,0.3,0.2879,0.7,0.2239,12,221,233
9400,2012-02-01,1,1,2,13,0,3,1,1,0.46,0.4545,0.47,0.2239,12,174,186
4662,2011-07-18,3,0,7,3,0,1,1,1,0.66,0.6061,0.78,0.194,3,4,7
15959,2012-11-02,4,1,11,15,0,5,1,2,0.4,0.4091,0.4,0.4179,51,255,306
7770,2011-11-25,4,0,11,8,0,5,1,1,0.26,0.2727,0.81,0.1343,6,68,74
7091,2011-10-28,4,0,10,1,0,5,1,1,0.32,0.303,0.66,0.2537,7,9,16
6222,2011-09-21,3,0,9,19,0,3,1,3,0.62,0.5455,0.94,0,30,253,283
11267,2012-04-19,2,1,4,15,0,4,1,1,0.6,0.6212,0.43,0,66,196,262
9382,2012-01-31,1,1,1,19,0,2,1,1,0.5,0.4848,0.29,0.2836,22,306,328
12358,2012-06-04,2,1,6,2,0,1,1,1,0.56,0.5303,0.6,0.2239,1,10,11
16935,2012-12-13,4,1,12,9,0,4,1,1,0.28,0.2727,0.52,0.2537,25,300,325
7038,2011-10-25,4,0,10,20,0,2,1,1,0.46,0.4545,0.67,0.1045,40,208,248
14486,2012-08-31,3,1,8,18,0,5,1,1,0.86,0.7576,0.36,0.2537,87,459,546
10695,2012-03-26,2,1,3,17,0,1,1,1,0.46,0.4545,0.24,0.4478,65,599,664
17135,2012-12-21,1,1,12,17,0,5,1,2,0.26,0.2273,0.56,0.3284,24,297,321
10653,2012-03-24,2,1,3,23,0,6,0,2,0.44,0.4394,0.94,0.2836,17,88,105
12728,2012-06-19,2,1,6,12,0,2,1,1,0.7,0.6515,0.65,0.0896,70,222,292
13776,2012-08-02,3,1,8,4,0,4,1,1,0.66,0.6061,0.83,0,0,9,9
3993,2011-06-20,2,0,6,6,0,1,1,3,0.6,0.5758,0.78,0.1343,1,25,26
6692,2011-10-11,4,0,10,9,0,2,1,2,0.6,0.5909,0.69,0,40,195,235
1031,2011-02-15,1,0,2,15,0,2,1,1,0.34,0.3333,0.19,0.1642,11,74,85
9165,2012-01-22,1,1,1,18,0,0,0,3,0.16,0.1818,0.86,0.1045,11,110,121
2221,2011-04-07,2,0,4,9,0,4,1,2,0.4,0.4091,0.66,0.1343,15,155,170
9489,2012-02-05,1,1,2,6,0,0,0,2,0.26,0.2424,0.7,0.2537,0,4,4
15870,2012-10-28,4,1,10,10,0,0,0,2,0.48,0.4697,0.51,0.4179,120,314,434
16710,2012-12-04,4,1,12,0,0,2,1,1,0.42,0.4242,0.88,0.1045,6,49,55
9948,2012-02-24,1,1,2,12,0,5,1,2,0.4,0.4091,0.76,0.1343,27,201,228
3794,2011-06-11,2,0,6,23,0,6,0,1,0.66,0.6212,0.74,0.1045,24,107,131
13510,2012-07-22,3,1,7,2,0,0,0,2,0.6,0.5455,0.88,0.1045,32,90,122
14496,2012-09-01,3,1,9,4,0,6,0,1,0.7,0.6515,0.7,0,3,9,12
4328,2011-07-04,3,0,7,5,1,1,0,2,0.64,0.5758,0.83,0.1343,1,3,4
15842,2012-10-27,4,1,10,6,0,6,0,2,0.5,0.4848,0.82,0.194,2,29,31
8303,2011-12-17,4,0,12,14,0,6,0,1,0.28,0.2576,0.45,0.3582,30,207,237
16950,2012-12-14,4,1,12,0,0,5,1,1,0.22,0.2576,0.64,0.0896,4,43,47
16307,2012-11-17,4,1,11,4,0,6,0,1,0.24,0.2273,0.7,0.194,1,6,7
5732,2011-09-01,3,0,9,6,0,4,1,1,0.6,0.5758,0.78,0,2,103,105
2918,2011-05-06,2,0,5,11,0,5,1,2,0.54,0.5152,0.49,0.3284,42,123,165
5587,2011-08-25,3,0,8,16,0,4,1,1,0.72,0.7121,0.84,0,16,105,121
14858,2012-09-16,3,1,9,6,0,0,0,1,0.5,0.4848,0.72,0,9,26,35
6327,2011-09-26,4,0,9,4,0,1,1,2,0.62,0.5455,0.94,0.0896,2,4,6
1516,2011-03-08,1,0,3,12,0,2,1,2,0.36,0.3788,0.23,0,29,70,99
16927,2012-12-13,4,1,12,1,0,4,1,2,0.28,0.2576,0.52,0.2836,4,19,23
2372,2011-04-13,2,0,4,17,0,3,1,1,0.46,0.4545,0.67,0.2985,25,284,309
15580,2012-10-16,4,1,10,8,0,2,1,1,0.44,0.4394,0.62,0,35,800,835
2264,2011-04-09,2,0,4,4,0,6,0,3,0.3,0.2727,1,0.2537,0,3,3
4480,2011-07-10,3,0,7,13,0,0,0,1,0.8,0.7273,0.46,0.2985,139,228,367
4240,2011-06-30,3,0,6,13,0,4,1,1,0.76,0.6667,0.33,0.194,70,162,232
15750,2012-10-23,4,1,10,10,0,2,1,1,0.54,0.5152,0.6,0,50,171,221
15556,2012-10-15,4,1,10,8,0,1,1,2,0.6,0.6061,0.64,0.3881,24,713,737
894,2011-02-09,1,0,2,17,0,3,1,2,0.2,0.197,0.34,0.2537,9,157,166
1491,2011-03-07,1,0,3,11,0,1,1,1,0.26,0.2121,0.48,0.4478,19,41,60
14952,2012-09-20,3,1,9,4,0,4,1,1,0.44,0.4394,0.77,0.1045,0,6,6
10043,2012-02-28,1,1,2,11,0,2,1,1,0.34,0.3182,0.36,0.2537,8,155,163
11900,2012-05-16,2,1,5,0,0,3,1,2,0.58,0.5455,0.88,0,12,27,39
8517,2011-12-26,1,0,12,14,1,1,0,1,0.38,0.3939,0.4,0.3284,73,80,153
9408,2012-02-01,1,1,2,21,0,3,1,1,0.52,0.5,0.52,0.1642,16,217,233
2934,2011-05-07,2,0,5,3,0,6,0,1,0.42,0.4242,0.77,0.0896,9,9,18
16701,2012-12-03,4,1,12,15,0,1,1,1,0.6,0.6212,0.56,0,58,210,268
1130,2011-02-19,1,0,2,19,0,6,0,1,0.34,0.303,0.29,0.3582,5,54,59
732,2011-02-02,1,0,2,20,0,3,1,1,0.24,0.197,0.48,0.5522,4,71,75
3085,2011-05-13,2,0,5,10,0,5,1,2,0.52,0.5,0.83,0.1343,31,99,130
7298,2011-11-05,4,0,11,16,0,6,0,1,0.4,0.4091,0.4,0.2239,128,207,335
4589,2011-07-15,3,0,7,2,0,5,1,1,0.6,0.5758,0.78,0.1642,16,22,38
2796,2011-05-01,2,0,5,9,0,0,0,2,0.46,0.4545,0.72,0.1343,45,96,141
8980,2012-01-15,1,1,1,0,0,0,0,1,0.16,0.1364,0.47,0.3284,9,50,59
7602,2011-11-18,4,0,11,8,0,5,1,1,0.22,0.2273,0.44,0.194,6,369,375
799,2011-02-05,1,0,2,17,0,6,0,2,0.24,0.2121,1,0.2836,14,64,78
6233,2011-09-22,3,0,9,6,0,4,1,2,0.6,0.5,1,0.1343,7,94,101
735,2011-02-02,1,0,2,23,0,3,1,1,0.2,0.1667,0.44,0.4478,3,29,32
15111,2012-09-26,4,1,9,19,0,3,1,1,0.7,0.6515,0.54,0.1642,38,589,627
2245,2011-04-08,2,0,4,9,0,5,1,2,0.36,0.3485,0.76,0.194,17,168,185
179,2011-01-08,1,0,1,17,0,6,0,1,0.16,0.1212,0.37,0.5522,5,64,69
1175,2011-02-21,1,0,2,17,1,1,0,2,0.28,0.2576,0.75,0.3881,18,62,80
16093,2012-11-08,4,1,11,6,0,4,1,1,0.3,0.2879,0.39,0.2239,2,122,124
10024,2012-02-27,1,1,2,16,0,1,1,1,0.54,0.5152,0.26,0.4478,20,266,286
9831,2012-02-19,1,1,2,13,0,0,0,1,0.3,0.303,0.49,0.1642,64,197,261
791,2011-02-05,1,0,2,9,0,6,0,3,0.2,0.2273,1,0.0896,3,17,20
14877,2012-09-17,3,1,9,1,0,1,1,1,0.52,0.5,0.72,0.0896,9,12,21
15904,2012-10-31,4,1,10,8,0,3,1,1,0.32,0.3333,0.81,0.1343,6,615,621
199,2011-01-09,1,0,1,13,0,0,0,1,0.2,0.1667,0.34,0.4478,6,69,75
14194,2012-08-19,3,1,8,14,0,0,0,3,0.64,0.6061,0.73,0,41,108,149
7676,2011-11-21,4,0,11,10,0,1,1,2,0.52,0.5,0.83,0,25,110,135
549,2011-01-25,1,0,1,0,0,2,1,2,0.16,0.1364,0.69,0.2836,3,6,9
3340,2011-05-24,2,0,5,1,0,2,1,2,0.6,0.5152,0.94,0.1642,6,9,15
11346,2012-04-22,2,1,4,22,0,0,0,3,0.34,0.2879,0.87,0.5224,0,13,13
12334,2012-06-03,2,1,6,2,0,0,0,1,0.52,0.5,0.59,0.1045,22,67,89
7466,2011-11-12,4,0,11,16,0,6,0,1,0.52,0.5,0.32,0.2537,137,224,361
10714,2012-03-27,2,1,3,12,0,2,1,1,0.32,0.3182,0.31,0.1642,34,186,220
10507,2012-03-18,1,1,3,21,0,0,0,1,0.52,0.5,0.72,0.0896,44,129,173
13652,2012-07-28,3,1,7,0,0,6,0,1,0.74,0.6818,0.62,0.1343,21,170,191
15281,2012-10-03,4,1,10,21,0,3,1,2,0.66,0.6212,0.74,0,14,195,209
7534,2011-11-15,4,0,11,12,0,2,1,2,0.54,0.5152,0.68,0,28,148,176
67,2011-01-03,1,0,1,21,0,1,1,1,0.18,0.197,0.64,0.1343,3,49,52
4713,2011-07-20,3,0,7,6,0,3,1,2,0.68,0.6364,0.89,0.1045,5,111,116
5215,2011-08-10,3,0,8,4,0,3,1,1,0.7,0.6515,0.54,0.1343,1,4,5
16873,2012-12-10,4,1,12,19,0,1,1,1,0.52,0.5,0.77,0.2836,18,409,427
5034,2011-08-02,3,0,8,15,0,2,1,1,0.9,0.7727,0.25,0.2836,48,120,168
12533,2012-06-11,2,1,6,9,0,1,1,1,0.7,0.6515,0.65,0.1343,57,259,316
2573,2011-04-22,2,0,4,2,0,5,1,1,0.36,0.3333,0.53,0.2985,2,7,9
12628,2012-06-15,2,1,6,8,0,5,1,1,0.6,0.5909,0.69,0.1642,44,609,653
13290,2012-07-12,3,1,7,22,0,4,1,1,0.72,0.6667,0.51,0.1642,56,262,318
623,2011-01-29,1,0,1,4,0,6,0,1,0.16,0.1818,0.69,0.1045,1,2,3
15323,2012-10-05,4,1,10,15,0,5,1,1,0.72,0.6515,0.39,0.2537,150,320,470
6223,2011-09-21,3,0,9,20,0,3,1,3,0.62,0.5455,0.94,0,11,149,160
788,2011-02-05,1,0,2,6,0,6,0,3,0.2,0.2576,1,0,0,4,4
3333,2011-05-23,2,0,5,18,0,1,1,1,0.7,0.6667,0.74,0.2836,68,385,453
17069,2012-12-18,4,1,12,23,0,2,1,1,0.34,0.3485,0.49,0.0896,1,80,81
6009,2011-09-12,3,0,9,22,0,1,1,1,0.62,0.5758,0.83,0.1642,16,134,150
15204,2012-09-30,4,1,9,16,0,0,0,1,0.64,0.6212,0.36,0.2239,202,446,648
8335,2011-12-18,4,0,12,22,0,0,0,1,0.22,0.2273,0.75,0.194,2,47,49
16230,2012-11-13,4,1,11,23,0,2,1,1,0.26,0.2273,0.56,0.2985,6,78,84
15634,2012-10-18,4,1,10,14,0,4,1,2,0.62,0.6212,0.5,0.2985,94,191,285
12989,2012-06-30,3,1,6,9,0,6,0,1,0.64,0.5758,0.89,0.1642,41,234,275
10711,2012-03-27,2,1,3,9,0,2,1,1,0.24,0.2273,0.38,0.194,8,259,267
516,2011-01-23,1,0,1,14,0,0,0,1,0.16,0.1364,0.28,0.3582,17,93,110
479,2011-01-21,1,0,1,23,0,5,1,1,0.06,0.0455,0.38,0.3284,0,27,27
4477,2011-07-10,3,0,7,10,0,0,0,1,0.76,0.697,0.55,0.1343,95,173,268
9972,2012-02-25,1,1,2,12,0,6,0,1,0.32,0.2727,0.29,0.6567,41,217,258
15187,2012-09-29,4,1,9,23,0,6,0,1,0.5,0.4848,0.59,0.0896,35,161,196
10874,2012-04-03,2,1,4,5,0,2,1,1,0.32,0.3333,0.66,0.0896,2,25,27
6900,2011-10-20,4,0,10,2,0,4,1,1,0.56,0.5303,0.88,0.4478,0,4,4
11998,2012-05-20,2,1,5,2,0,0,0,1,0.56,0.5303,0.52,0,36,62,98
1034,2011-02-15,1,0,2,18,0,2,1,1,0.3,0.303,0.22,0.1343,14,198,212
16534,2012-11-26,4,1,11,15,0,1,1,1,0.42,0.4242,0.35,0.0896,49,181,230
2599,2011-04-23,2,0,4,4,0,6,0,3,0.34,0.3636,1,0,2,3,5
1515,2011-03-08,1,0,3,11,0,2,1,2,0.36,0.3485,0.25,0.1642,26,52,78
6192,2011-09-20,3,0,9,13,0,2,1,2,0.56,0.5303,0.94,0.1343,22,81,103
13880,2012-08-06,3,1,8,12,0,1,1,2,0.78,0.7273,0.55,0.0896,72,213,285
7238,2011-11-03,4,0,11,4,0,4,1,1,0.32,0.3333,0.81,0.0896,1,3,4
5754,2011-09-02,3,0,9,4,0,5,1,1,0.6,0.5606,0.83,0.0896,2,2,4
16161,2012-11-11,4,1,11,2,0,0,0,1,0.32,0.3333,0.87,0.1045,12,58,70
15949,2012-11-02,4,1,11,5,0,5,1,2,0.32,0.3182,0.66,0.1642,1,25,26
8237,2011-12-14,4,0,12,20,0,3,1,2,0.34,0.3485,0.66,0.1045,6,169,175
8537,2011-12-27,1,0,12,10,0,2,1,2,0.32,0.3333,0.66,0.0896,13,47,60
5522,2011-08-22,3,0,8,23,0,1,1,1,0.62,0.6212,0.41,0.2537,19,45,64
1463,2011-03-06,1,0,3,6,0,0,0,2,0.42,0.4242,0.94,0.3582,1,1,2
7916,2011-12-01,4,0,12,11,0,4,1,1,0.34,0.3182,0.49,0.2537,7,95,102
1872,2011-03-23,2,0,3,18,0,3,1,3,0.38,0.3939,0.82,0.2537,20,218,238
15106,2012-09-26,4,1,9,14,0,3,1,1,0.74,0.6667,0.48,0.2836,60,217,277
7210,2011-11-02,4,0,11,0,0,3,1,1,0.32,0.3485,0.87,0,0,19,19
9857,2012-02-20,1,1,2,16,1,1,0,1,0.36,0.3788,0.29,0.1045,64,216,280
12413,2012-06-06,2,1,6,9,0,3,1,1,0.56,0.5303,0.6,0.0896,35,268,303
7350,2011-11-07,4,0,11,20,0,1,1,1,0.4,0.4091,0.71,0,17,187,204
4624,2011-07-16,3,0,7,13,0,6,0,1,0.76,0.6818,0.45,0.2985,221,276,497
17242,2012-12-26,1,1,12,6,0,3,1,2,0.22,0.2121,0.69,0.2239,0,36,36
4819,2011-07-24,3,0,7,16,0,0,0,1,0.9,0.8485,0.42,0.2537,62,187,249
221,2011-01-10,1,0,1,11,0,1,1,2,0.16,0.1364,0.47,0.2836,2,28,30
9954,2012-02-24,1,1,2,18,0,5,1,2,0.42,0.4242,0.94,0,11,289,300
15429,2012-10-10,4,1,10,1,0,3,1,2,0.46,0.4545,0.88,0,2,6,8
11096,2012-04-12,2,1,4,12,0,4,1,1,0.46,0.4545,0.41,0.4478,60,199,259
2477,2011-04-18,2,0,4,2,0,1,1,1,0.42,0.4242,0.67,0.1045,14,2,16
4249,2011-06-30,3,0,6,22,0,4,1,1,0.7,0.6364,0.42,0.1642,43,164,207
14145,2012-08-17,3,1,8,13,0,5,1,1,0.84,0.2424,0.36,0.3881,103,254,357
16669,2012-12-02,4,1,12,7,0,0,0,2,0.24,0.2424,0.93,0.1343,5,26,31
15539,2012-10-14,4,1,10,15,0,0,0,1,0.66,0.6212,0.39,0.4179,213,355,568
6488,2011-10-02,4,0,10,21,0,0,0,1,0.36,0.3485,0.71,0.2239,17,71,88
11599,2012-05-03,2,1,5,11,0,4,1,1,0.54,0.5152,0.77,0,34,167,201
10100,2012-03-01,1,1,3,21,0,4,1,1,0.42,0.4242,0.47,0.4627,7,190,197
13422,2012-07-18,3,1,7,10,0,3,1,1,0.9,0.8485,0.42,0.194,39,99,138
11973,2012-05-19,2,1,5,1,0,6,0,1,0.5,0.4848,0.48,0,20,84,104
5651,2011-08-28,3,0,8,21,0,0,0,1,0.66,0.6212,0.61,0.1343,60,126,186
16717,2012-12-04,4,1,12,7,0,2,1,1,0.42,0.4242,0.88,0.1343,7,495,502
15312,2012-10-05,4,1,10,4,0,5,1,1,0.54,0.5152,0.77,0,0,11,11
8053,2011-12-07,4,0,12,4,0,3,1,3,0.46,0.4545,1,0.1642,0,1,1
16700,2012-12-03,4,1,12,14,0,1,1,1,0.6,0.6212,0.53,0,51,209,260
2882,2011-05-04,2,0,5,23,0,3,1,1,0.36,0.3485,0.62,0.2239,8,49,57
1678,2011-03-15,1,0,3,12,0,2,1,2,0.36,0.3485,0.5,0.2239,32,70,102
15346,2012-10-06,4,1,10,14,0,6,0,2,0.6,0.6212,0.56,0.4179,269,307,576
6061,2011-09-15,3,0,9,2,0,4,1,1,0.62,0.5909,0.73,0.1045,0,5,5
902,2011-02-10,1,0,2,1,0,4,1,3,0.14,0.1515,0.8,0.1343,0,7,7
15785,2012-10-24,4,1,10,21,0,3,1,2,0.62,0.6061,0.61,0.1045,33,280,313
7165,2011-10-31,4,0,10,3,0,1,1,1,0.24,0.2576,0.87,0.1045,0,3,3
2297,2011-04-10,2,0,4,13,0,0,0,1,0.46,0.4545,0.82,0.1045,121,142,263
15748,2012-10-23,4,1,10,8,0,2,1,2,0.46,0.4545,0.72,0.0896,28,733,761
8489,2011-12-25,1,0,12,9,0,0,0,1,0.24,0.2424,0.87,0.1642,3,20,23
9714,2012-02-14,1,1,2,16,0,2,1,1,0.42,0.4242,0.35,0.2985,15,251,266
11098,2012-04-12,2,1,4,14,0,4,1,1,0.5,0.4848,0.31,0.3284,74,150,224
10784,2012-03-30,2,1,3,10,0,5,1,2,0.36,0.3636,0.57,0.1045,50,137,187
15605,2012-10-17,4,1,10,9,0,3,1,2,0.42,0.4242,0.77,0,38,344,382
13681,2012-07-29,3,1,7,5,0,0,0,1,0.62,0.5909,0.78,0.194,3,14,17
6773,2011-10-14,4,0,10,18,0,5,1,1,0.54,0.5152,0.39,0.2836,62,361,423
14651,2012-09-07,3,1,9,15,0,5,1,1,0.8,0.7576,0.55,0.2537,66,265,331
7258,2011-11-04,4,0,11,0,0,5,1,2,0.4,0.4091,0.82,0,11,32,43
2581,2011-04-22,2,0,4,10,0,5,1,2,0.36,0.3485,0.62,0.194,32,104,136
7967,2011-12-03,4,0,12,14,0,6,0,1,0.36,0.3788,0.46,0,92,251,343
2157,2011-04-04,2,0,4,17,0,1,1,1,0.74,0.6515,0.23,0.6119,83,283,366
13733,2012-07-31,3,1,7,9,0,2,1,1,0.72,0.6818,0.7,0.1045,31,302,333
9563,2012-02-08,1,1,2,9,0,3,1,2,0.24,0.2576,0.7,0.1642,8,245,253
17317,2012-12-29,1,1,12,9,0,6,0,2,0.26,0.2424,0.81,0,16,33,49
10587,2012-03-22,2,1,3,5,0,4,1,2,0.48,0.4697,1,0.0896,2,32,34
16310,2012-11-17,4,1,11,7,0,6,0,1,0.24,0.2273,0.7,0.194,8,70,78
11509,2012-04-29,2,1,4,17,0,0,0,1,0.62,0.6061,0.27,0.2985,188,334,522
5255,2011-08-11,3,0,8,20,0,4,1,1,0.72,0.6515,0.37,0.1343,56,232,288
682,2011-01-31,1,0,1,17,0,1,1,2,0.16,0.1515,0.59,0.194,6,155,161
4531,2011-07-12,3,0,7,16,0,2,1,1,0.86,0.7879,0.44,0.2836,25,177,202
3160,2011-05-16,2,0,5,13,0,1,1,1,0.68,0.6364,0.51,0,61,153,214
13434,2012-07-18,3,1,7,22,0,3,1,1,0.76,0.7121,0.58,0.0896,42,246,288
2988,2011-05-09,2,0,5,9,0,1,1,1,0.54,0.5152,0.56,0.1642,36,142,178
4909,2011-07-28,3,0,7,10,0,4,1,1,0.8,0.7576,0.55,0.2836,30,86,116
1883,2011-03-24,2,0,3,5,0,4,1,2,0.28,0.2727,0.93,0.2239,1,8,9
10690,2012-03-26,2,1,3,12,0,1,1,1,0.48,0.4697,0.33,0.5224,63,216,279
1941,2011-03-26,2,0,3,15,0,6,0,1,0.34,0.3333,0.29,0.194,110,109,219
3297,2011-05-22,2,0,5,6,0,0,0,1,0.52,0.5,0.94,0.1045,5,13,18
3535,2011-06-01,2,0,6,4,0,3,1,2,0.68,0.6364,0.89,0.2239,0,4,4
5975,2011-09-11,3,0,9,11,0,0,0,1,0.7,0.6515,0.65,0,144,258,402
3730,2011-06-09,2,0,6,7,0,4,1,2,0.72,0.697,0.79,0.1343,31,283,314
491,2011-01-22,1,0,1,12,0,6,0,2,0.06,0.1061,0.38,0.1045,10,60,70
5709,2011-08-31,3,0,8,7,0,3,1,1,0.6,0.5758,0.78,0,12,316,328
1182,2011-02-22,1,0,2,6,0,2,1,2,0.12,0.1212,0.8,0.2836,0,7,7
1376,2011-03-02,1,0,3,14,0,3,1,1,0.52,0.5,0.23,0.2985,21,75,96
5015,2011-08-01,3,0,8,20,0,1,1,1,0.72,0.6818,0.62,0.2239,49,256,305
627,2011-01-29,1,0,1,9,0,6,0,1,0.18,0.2121,0.59,0.0896,0,34,34
4759,2011-07-22,3,0,7,4,0,5,1,1,0.76,0.7424,0.75,0.1045,8,5,13
10305,2012-03-10,1,1,3,10,0,6,0,1,0.26,0.2273,0.35,0.4179,47,176,223
12743,2012-06-20,2,1,6,3,0,3,1,1,0.66,0.6061,0.83,0.1343,2,6,8
14156,2012-08-18,3,1,8,0,0,6,0,2,0.64,0.5758,0.83,0.2239,6,99,105
13532,2012-07-23,3,1,7,0,0,1,1,1,0.66,0.5909,0.89,0.0896,11,36,47
13547,2012-07-23,3,1,7,15,0,1,1,1,0.8,0.7576,0.55,0.194,76,205,281
4181,2011-06-28,3,0,6,2,0,2,1,2,0.66,0.6212,0.74,0,2,9,11
13986,2012-08-10,3,1,8,22,0,5,1,1,0.72,0.697,0.74,0.2836,50,168,218
10821,2012-03-31,2,1,3,23,0,6,0,2,0.36,0.3333,0.76,0.2836,12,100,112
16816,2012-12-08,4,1,12,10,0,6,0,2,0.4,0.4091,0.87,0.1343,43,244,287
2888,2011-05-05,2,0,5,5,0,4,1,1,0.34,0.3182,0.66,0.2537,1,29,30
8877,2012-01-10,1,1,1,17,0,2,1,1,0.42,0.4242,0.38,0.2537,14,446,460
4540,2011-07-13,3,0,7,1,0,3,1,1,0.76,0.697,0.55,0,1,11,12
13200,2012-07-09,3,1,7,4,0,1,1,3,0.66,0.5909,0.89,0.3881,1,1,2
6672,2011-10-10,4,0,10,13,1,1,0,1,0.72,0.6515,0.37,0,146,219,365
6454,2011-10-01,4,0,10,11,0,6,0,3,0.38,0.3939,0.82,0.3284,30,102,132
9212,2012-01-24,1,1,1,17,0,2,1,1,0.42,0.4242,0.67,0.0896,41,474,515
1367,2011-03-02,1,0,3,5,0,3,1,1,0.22,0.2121,0.69,0.2239,0,5,5
2640,2011-04-24,2,0,4,21,0,0,0,3,0.54,0.5152,0.94,0.1642,8,53,61
1192,2011-02-22,1,0,2,16,0,2,1,1,0.22,0.2273,0.51,0.1642,7,79,86
5603,2011-08-26,3,0,8,8,0,5,1,1,0.66,0.6061,0.83,0.1045,17,387,404
16558,2012-11-27,4,1,11,15,0,2,1,2,0.3,0.2727,0.75,0.2985,9,146,155
5731,2011-09-01,3,0,9,5,0,4,1,1,0.56,0.5303,0.73,0.0896,1,22,23
7205,2011-11-01,4,0,11,19,0,2,1,1,0.42,0.4242,0.58,0.0896,39,274,313
5297,2011-08-13,3,0,8,14,0,6,0,1,0.74,0.697,0.7,0.2537,113,146,259
12760,2012-06-20,2,1,6,20,0,3,1,1,0.86,0.7727,0.39,0.2239,81,326,407
17124,2012-12-21,1,1,12,6,0,5,1,2,0.34,0.2879,0.57,0.5821,4,76,80
2939,2011-05-07,2,0,5,8,0,6,0,1,0.52,0.5,0.52,0.194,19,96,115
12624,2012-06-15,2,1,6,4,0,5,1,1,0.56,0.5303,0.83,0.1642,1,13,14
16062,2012-11-06,4,1,11,22,0,2,1,2,0.3,0.2879,0.56,0.2239,17,136,153
8891,2012-01-11,1,1,1,7,0,3,1,1,0.2,0.2121,0.8,0.1343,9,247,256
10172,2012-03-04,1,1,3,21,0,0,0,1,0.28,0.2727,0.36,0.2239,9,70,79
5980,2011-09-11,3,0,9,16,0,0,0,1,0.72,0.6667,0.51,0.2985,180,303,483
4535,2011-07-12,3,0,7,20,0,2,1,1,0.82,0.7424,0.43,0.194,57,251,308
12473,2012-06-08,2,1,6,21,0,5,1,1,0.7,0.6364,0.37,0.1343,83,256,339
10066,2012-02-29,1,1,2,11,0,3,1,3,0.3,0.2879,0.87,0.194,1,9,10
7670,2011-11-21,4,0,11,4,0,1,1,3,0.44,0.4394,1,0.1343,0,5,5
7608,2011-11-18,4,0,11,14,0,5,1,1,0.34,0.3333,0.31,0.1343,31,123,154
15975,2012-11-03,4,1,11,7,0,6,0,2,0.32,0.303,0.49,0.2537,1,58,59
12130,2012-05-25,2,1,5,14,0,5,1,1,0.74,0.6818,0.58,0.1343,104,263,367
13939,2012-08-08,3,1,8,23,0,3,1,1,0.72,0.6818,0.7,0.1343,16,120,136
10473,2012-03-17,1,1,3,11,0,6,0,2,0.52,0.5,0.77,0.1343,226,359,585
12972,2012-06-29,3,1,6,16,0,5,1,1,0.96,0.9091,0.36,0,59,292,351
10798,2012-03-31,2,1,3,0,0,6,0,1,0.38,0.3939,0.82,0.194,12,80,92
17154,2012-12-22,1,1,12,12,0,6,0,1,0.3,0.2576,0.36,0.6567,18,128,146
6682,2011-10-10,4,0,10,23,1,1,0,2,0.54,0.5152,0.88,0.1045,12,63,75
5429,2011-08-19,3,0,8,2,0,5,1,3,0.64,0.5758,0.83,0,0,8,8
13663,2012-07-28,3,1,7,11,0,6,0,1,0.84,0.7424,0.39,0.2239,162,295,457
5267,2011-08-12,3,0,8,8,0,5,1,1,0.68,0.6364,0.39,0.2239,29,397,426
13013,2012-07-01,3,1,7,9,0,0,0,1,0.82,0.7879,0.56,0,51,168,219
3511,2011-05-31,2,0,5,4,0,2,1,1,0.66,0.6061,0.83,0.0896,0,3,3
1785,2011-03-20,1,0,3,1,0,0,0,1,0.32,0.2879,0.53,0.3582,2,22,24
7117,2011-10-29,4,0,10,3,0,6,0,3,0.3,0.2727,0.81,0.4179,0,8,8
495,2011-01-22,1,0,1,16,0,6,0,1,0.12,0.1364,0.28,0.194,11,72,83
11189,2012-04-16,2,1,4,9,1,1,0,1,0.62,0.6061,0.69,0.2239,59,238,297
10047,2012-02-28,1,1,2,15,0,2,1,1,0.42,0.4242,0.26,0.0896,17,149,166
15660,2012-10-19,4,1,10,16,0,5,1,3,0.62,0.6061,0.69,0.3582,131,434,565
2039,2011-03-30,2,0,3,19,0,3,1,2,0.26,0.2576,0.93,0.2239,5,67,72
4042,2011-06-22,3,0,6,7,0,3,1,1,0.7,0.6667,0.79,0,23,288,311
9282,2012-01-27,1,1,1,15,0,5,1,1,0.48,0.4697,0.51,0.3284,27,170,197
2898,2011-05-05,2,0,5,15,0,4,1,1,0.56,0.5303,0.26,0.4925,27,120,147
8559,2011-12-28,1,0,12,9,0,3,1,1,0.32,0.303,0.57,0.3284,18,171,189
16136,2012-11-10,4,1,11,1,0,6,0,1,0.3,0.3182,0.81,0.0896,8,68,76
12072,2012-05-23,2,1,5,4,0,3,1,3,0.58,0.5455,0.83,0.194,0,3,3
12120,2012-05-25,2,1,5,4,0,5,1,2,0.62,0.5606,0.88,0,3,6,9
12257,2012-05-30,2,1,5,21,0,3,1,1,0.68,0.6364,0.57,0.1045,41,263,304
12341,2012-06-03,2,1,6,9,0,0,0,1,0.6,0.6212,0.46,0.194,70,230,300
2654,2011-04-25,2,0,4,11,0,1,1,1,0.64,0.6061,0.73,0.2239,53,94,147
12720,2012-06-19,2,1,6,4,0,2,1,2,0.6,0.5758,0.78,0.1343,1,9,10
9734,2012-02-15,1,1,2,12,0,3,1,1,0.38,0.3939,0.46,0.3881,11,152,163
14601,2012-09-05,3,1,9,13,0,3,1,1,0.8,0.7879,0.63,0.1642,50,184,234
8515,2011-12-26,1,0,12,12,1,1,0,1,0.36,0.3182,0.43,0.4627,34,66,100
2032,2011-03-30,2,0,3,12,0,3,1,2,0.34,0.3333,0.46,0.1642,15,65,80
5090,2011-08-04,3,0,8,23,0,4,1,1,0.66,0.6212,0.74,0.1045,24,108,132
814,2011-02-06,1,0,2,8,0,0,0,1,0.24,0.2576,0.65,0.1045,2,21,23
7236,2011-11-03,4,0,11,2,0,4,1,1,0.34,0.3333,0.76,0.1343,2,5,7
16075,2012-11-07,4,1,11,11,0,3,1,2,0.32,0.2879,0.51,0.3582,15,132,147
6281,2011-09-24,4,0,9,6,0,6,0,2,0.56,0.5303,0.94,0.1045,6,12,18
4207,2011-06-29,3,0,6,4,0,3,1,1,0.66,0.6061,0.83,0.1045,0,5,5
1080,2011-02-17,1,0,2,17,0,4,1,2,0.58,0.5455,0.32,0.2985,18,256,274
2227,2011-04-07,2,0,4,15,0,4,1,1,0.6,0.6212,0.38,0.1045,27,133,160
14444,2012-08-30,3,1,8,0,0,4,1,1,0.64,0.6061,0.69,0,14,51,65
16651,2012-12-01,4,1,12,13,0,6,0,2,0.34,0.3636,0.76,0,123,386,509
13824,2012-08-04,3,1,8,4,0,6,0,1,0.72,0.697,0.79,0.194,2,11,13
14690,2012-09-09,3,1,9,6,0,0,0,1,0.52,0.5,0.77,0.194,11,24,35
9357,2012-01-30,1,1,1,18,0,1,1,1,0.34,0.3333,0.23,0.1642,11,399,410
3262,2011-05-20,2,0,5,19,0,5,1,1,0.58,0.5455,0.64,0.0896,49,253,302
5650,2011-08-28,3,0,8,20,0,0,0,1,0.72,0.6515,0.45,0.1045,64,150,214
9643,2012-02-11,1,1,2,17,0,6,0,3,0.22,0.1818,0.69,0.4627,13,131,144
3863,2011-06-14,2,0,6,20,0,2,1,1,0.6,0.6212,0.56,0.1642,60,237,297
2937,2011-05-07,2,0,5,6,0,6,0,1,0.42,0.4242,0.77,0.0896,1,12,13
14939,2012-09-19,3,1,9,15,0,3,1,1,0.62,0.6212,0.35,0,57,254,311
7081,2011-10-27,4,0,10,15,0,4,1,2,0.52,0.5,0.83,0.1045,12,95,107
3918,2011-06-17,2,0,6,3,0,5,1,1,0.56,0.5303,0.94,0.1045,1,5,6
9710,2012-02-14,1,1,2,12,0,2,1,2,0.3,0.2879,0.52,0.2239,10,162,172
15090,2012-09-25,4,1,9,22,0,2,1,1,0.6,0.6212,0.56,0.2836,14,174,188
13174,2012-07-08,3,1,7,2,0,0,0,1,0.82,0.7727,0.52,0.1045,11,59,70
306,2011-01-14,1,0,1,5,0,5,1,1,0.1,0.1364,0.54,0.0896,0,8,8
4057,2011-06-22,3,0,6,22,0,3,1,2,0.72,0.697,0.79,0.194,25,123,148
16975,2012-12-15,4,1,12,1,0,6,0,2,0.26,0.2879,0.81,0.0896,9,86,95
3000,2011-05-09,2,0,5,21,0,1,1,1,0.52,0.5,0.59,0.1343,28,128,156
13127,2012-07-06,3,1,7,3,0,5,1,2,0.74,0.697,0.7,0.194,1,6,7
9838,2012-02-19,1,1,2,20,0,0,0,2,0.3,0.2879,0.52,0.2836,22,81,103
1232,2011-02-24,1,0,2,10,0,4,1,2,0.26,0.2424,0.7,0.2836,8,49,57
9707,2012-02-14,1,1,2,9,0,2,1,2,0.26,0.2879,0.56,0.0896,6,256,262
2314,2011-04-11,2,0,4,7,0,1,1,2,0.5,0.4848,0.88,0.2239,12,164,176
9644,2012-02-11,1,1,2,18,0,6,0,2,0.22,0.1818,0.47,0.6567,3,105,108
16177,2012-11-11,4,1,11,18,0,0,0,1,0.52,0.5,0.45,0.1343,102,303,405
12662,2012-06-16,2,1,6,18,0,6,0,2,0.72,0.6515,0.37,0.2239,256,315,571
15815,2012-10-26,4,1,10,3,0,5,1,2,0.52,0.5,0.88,0.1642,5,8,13
4322,2011-07-03,3,0,7,23,0,0,0,1,0.64,0.5758,0.83,0.1642,70,77,147
15431,2012-10-10,4,1,10,3,0,3,1,2,0.46,0.4545,0.88,0,0,6,6
9031,2012-01-17,1,1,1,4,0,2,1,3,0.32,0.303,0.66,0.3284,0,2,2
2063,2011-03-31,2,0,3,19,0,4,1,2,0.3,0.303,0.87,0.1343,12,118,130
6471,2011-10-02,4,0,10,4,0,0,0,2,0.34,0.3182,0.87,0.2537,4,3,7
17319,2012-12-29,1,1,12,11,0,6,0,3,0.2,0.2424,0.93,0.0896,7,38,45
7501,2011-11-14,4,0,11,3,0,1,1,1,0.44,0.4394,0.67,0.2836,4,3,7
15630,2012-10-18,4,1,10,10,0,4,1,2,0.52,0.5,0.68,0.2239,60,158,218
3900,2011-06-16,2,0,6,9,0,4,1,2,0.62,0.6061,0.65,0.194,29,232,261
17186,2012-12-23,1,1,12,20,0,0,0,1,0.26,0.303,0.65,0,0,52,52
3568,2011-06-02,2,0,6,13,0,4,1,1,0.8,0.6818,0.24,0.3582,35,168,203
5453,2011-08-20,3,0,8,2,0,6,0,1,0.62,0.5909,0.78,0,10,59,69
8023,2011-12-05,4,0,12,22,0,1,1,2,0.44,0.4394,0.88,0.1343,12,94,106
16037,2012-11-05,4,1,11,21,0,1,1,1,0.3,0.2879,0.52,0.2836,8,144,152
9907,2012-02-22,1,1,2,19,0,3,1,2,0.46,0.4545,0.44,0.2836,22,305,327
14667,2012-09-08,3,1,9,7,0,6,0,1,0.66,0.5909,0.89,0.2836,11,71,82
4271,2011-07-01,3,0,7,20,0,5,1,1,0.72,0.6515,0.42,0.2239,84,185,269
8532,2011-12-27,1,0,12,5,0,2,1,2,0.3,0.2727,0.64,0.2836,0,8,8
15718,2012-10-22,4,1,10,2,0,1,1,1,0.38,0.3939,0.71,0,1,4,5
4087,2011-06-24,3,0,6,4,0,5,1,1,0.66,0.6061,0.83,0.0896,1,8,9
6664,2011-10-10,4,0,10,5,1,1,0,1,0.46,0.4545,0.94,0,2,19,21
11989,2012-05-19,2,1,5,17,0,6,0,1,0.74,0.6515,0.3,0.0896,279,347,626
15066,2012-09-24,4,1,9,22,0,1,1,1,0.5,0.4848,0.51,0.2239,18,154,172
589,2011-01-27,1,0,1,17,0,4,1,1,0.22,0.2424,0.55,0.1045,2,82,84
3366,2011-05-25,2,0,5,3,0,3,1,1,0.54,0.5152,1,0.1343,0,9,9
2671,2011-04-26,2,0,4,4,0,2,1,1,0.56,0.5303,0.83,0.2537,2,4,6
5516,2011-08-22,3,0,8,17,0,1,1,1,0.74,0.6515,0.27,0.3284,82,509,591
17338,2012-12-30,1,1,12,6,0,0,0,2,0.24,0.197,0.52,0.4179,1,7,8
15952,2012-11-02,4,1,11,8,0,5,1,1,0.32,0.3333,0.57,0.1045,31,656,687
2396,2011-04-14,2,0,4,17,0,4,1,1,0.6,0.6061,0.28,0,50,338,388
5507,2011-08-22,3,0,8,8,0,1,1,1,0.66,0.6212,0.61,0.3284,20,331,351
10095,2012-03-01,1,1,3,16,0,4,1,1,0.58,0.5455,0.32,0.2985,38,323,361
2171,2011-04-05,2,0,4,7,0,2,1,2,0.48,0.4697,0.88,0.3284,10,124,134
925,2011-02-11,1,0,2,1,0,5,1,1,0.1,0.1364,0.54,0.0896,1,6,7
8135,2011-12-10,4,0,12,14,0,6,0,1,0.34,0.303,0.31,0.3284,51,242,293
11489,2012-04-28,2,1,4,21,0,6,0,3,0.36,0.3485,0.71,0.194,12,72,84
9082,2012-01-19,1,1,1,7,0,4,1,1,0.12,0.1667,0.54,0.0896,2,204,206
16885,2012-12-11,4,1,12,7,0,2,1,1,0.34,0.303,0.66,0.4179,8,372,380
11870,2012-05-14,2,1,5,18,0,1,1,2,0.58,0.5455,0.83,0,17,283,300
15460,2012-10-11,4,1,10,8,0,4,1,1,0.38,0.3939,0.46,0.3881,25,773,798
5674,2011-08-29,3,0,8,20,0,1,1,1,0.64,0.6212,0.53,0.1642,50,227,277
2775,2011-04-30,2,0,4,12,0,6,0,1,0.52,0.5,0.42,0.3881,178,238,416
7621,2011-11-19,4,0,11,3,0,6,0,1,0.26,0.2424,0.48,0.2537,4,11,15
6560,2011-10-05,4,0,10,21,0,3,1,1,0.5,0.4848,0.82,0.1045,28,173,201
17256,2012-12-26,1,1,12,20,0,3,1,3,0.32,0.303,0.93,0.2537,0,32,32
9146,2012-01-21,1,1,1,23,0,6,0,2,0.16,0.1515,0.8,0.2537,1,51,52
8457,2011-12-24,1,0,12,0,0,6,0,2,0.32,0.3182,0.7,0.1642,3,20,23
9847,2012-02-20,1,1,2,6,1,1,0,1,0.24,0.197,0.52,0.4179,1,9,10
11886,2012-05-15,2,1,5,10,0,2,1,1,0.62,0.5909,0.78,0.1045,27,144,171
16858,2012-12-10,4,1,12,4,0,1,1,2,0.38,0.3939,0.94,0.1045,3,9,12
9628,2012-02-11,1,1,2,2,0,6,0,3,0.26,0.2576,0.81,0.194,2,24,26
5799,2011-09-04,3,0,9,1,0,0,0,1,0.66,0.6061,0.83,0.1343,37,38,75
5983,2011-09-11,3,0,9,19,0,0,0,1,0.64,0.6061,0.69,0.1045,101,232,333
5883,2011-09-07,3,0,9,14,0,3,1,3,0.6,0.5152,0.93,0,1,24,25
9783,2012-02-17,1,1,2,13,0,5,1,1,0.4,0.4091,0.43,0.3582,34,171,205
11626,2012-05-04,2,1,5,14,0,5,1,2,0.66,0.6212,0.74,0.2836,83,159,242
11403,2012-04-25,2,1,4,7,0,3,1,1,0.34,0.3636,0.71,0,13,376,389
14100,2012-08-15,3,1,8,16,0,3,1,1,0.76,0.6818,0.48,0.194,91,340,431
2182,2011-04-05,2,0,4,18,0,2,1,1,0.38,0.3939,0.4,0.4925,19,248,267
13997,2012-08-11,3,1,8,9,0,6,0,1,0.68,0.6364,0.79,0.194,54,217,271
1474,2011-03-06,1,0,3,17,0,0,0,3,0.34,0.303,1,0.2985,2,23,25
6104,2011-09-16,3,0,9,21,0,5,1,2,0.5,0.4848,0.63,0,39,124,163
14012,2012-08-12,3,1,8,0,0,0,0,2,0.64,0.6061,0.73,0.1343,24,96,120
9083,2012-01-19,1,1,1,8,0,4,1,1,0.12,0.1515,0.54,0.1045,9,414,423
11688,2012-05-07,2,1,5,4,0,1,1,2,0.46,0.4545,0.88,0.1343,0,2,2
9402,2012-02-01,1,1,2,15,0,3,1,1,0.6,0.6212,0.35,0.2836,25,169,194
11008,2012-04-08,2,1,4,19,0,0,0,1,0.6,0.6061,0.23,0.3881,89,187,276
422,2011-01-19,1,0,1,14,0,3,1,1,0.4,0.4091,0.58,0.2537,7,68,75
9964,2012-02-25,1,1,2,4,0,6,0,1,0.3,0.2727,0.42,0.3284,0,2,2
9899,2012-02-22,1,1,2,11,0,3,1,1,0.36,0.3485,0.66,0.1642,22,149,171
9351,2012-01-30,1,1,1,12,0,1,1,1,0.26,0.2273,0.35,0.3881,5,129,134
2307,2011-04-10,2,0,4,23,0,0,0,1,0.46,0.4545,0.88,0.3582,5,27,32
15830,2012-10-26,4,1,10,18,0,5,1,2,0.56,0.5303,0.78,0.1343,81,584,665
172,2011-01-08,1,0,1,10,0,6,0,2,0.18,0.197,0.8,0.1642,5,56,61
3957,2011-06-18,2,0,6,18,0,6,0,2,0.74,0.6818,0.55,0.194,118,263,381
5607,2011-08-26,3,0,8,12,0,5,1,2,0.76,0.7273,0.66,0.1045,70,173,243
5812,2011-09-04,3,0,9,14,0,0,0,1,0.78,0.7576,0.66,0.3284,205,156,361
8463,2011-12-24,1,0,12,6,0,6,0,2,0.3,0.303,0.75,0.1642,0,10,10
1726,2011-03-17,1,0,3,13,0,4,1,2,0.52,0.5,0.42,0.0896,26,85,111
8939,2012-01-13,1,1,1,7,0,5,1,1,0.26,0.2576,0.6,0.2239,3,174,177
15403,2012-10-08,4,1,10,23,1,1,0,2,0.4,0.4091,0.71,0.2239,9,60,69
9757,2012-02-16,1,1,2,11,0,4,1,3,0.32,0.3333,0.7,0.1045,2,69,71
9975,2012-02-25,1,1,2,15,0,6,0,1,0.32,0.2879,0.29,0.4179,21,211,232
9036,2012-01-17,1,1,1,9,0,2,1,3,0.32,0.303,0.81,0.2537,7,61,68
16847,2012-12-09,4,1,12,17,0,0,0,3,0.36,0.3485,0.93,0.1343,20,209,229
11202,2012-04-16,2,1,4,22,1,1,0,1,0.68,0.6364,0.51,0.2537,35,179,214
905,2011-02-10,1,0,2,5,0,4,1,2,0.12,0.1212,0.5,0.2239,0,6,6
3495,2011-05-30,2,0,5,12,1,1,0,1,0.86,0.803,0.47,0.1045,179,187,366
8347,2011-12-19,4,0,12,10,0,1,1,1,0.24,0.2273,0.67,0.194,12,96,108
11988,2012-05-19,2,1,5,16,0,6,0,1,0.74,0.6515,0.3,0.1045,331,311,642
7798,2011-11-26,4,0,11,12,0,6,0,1,0.44,0.4394,0.51,0,137,172,309
16019,2012-11-05,4,1,11,3,0,1,1,2,0.3,0.2879,0.56,0.2239,1,3,4
7397,2011-11-09,4,0,11,19,0,3,1,1,0.44,0.4394,0.72,0.1045,12,292,304
15480,2012-10-12,4,1,10,4,0,5,1,1,0.36,0.3636,0.76,0.1045,0,8,8
2081,2011-04-01,2,0,4,13,0,5,1,1,0.36,0.3333,0.5,0.3582,18,92,110
7929,2011-12-02,4,0,12,0,0,5,1,1,0.26,0.2879,0.7,0.0896,6,32,38
13835,2012-08-04,3,1,8,15,0,6,0,1,0.88,0.8182,0.42,0.4179,205,284,489
7934,2011-12-02,4,0,12,5,0,5,1,1,0.22,0.2576,0.8,0.0896,0,23,23
15686,2012-10-20,4,1,10,18,0,6,0,1,0.52,0.5,0.39,0.2239,165,356,521
9317,2012-01-29,1,1,1,2,0,0,0,1,0.28,0.2576,0.26,0.3284,3,48,51
12134,2012-05-25,2,1,5,18,0,5,1,1,0.76,0.7121,0.62,0.194,131,391,522
13149,2012-07-07,3,1,7,1,0,6,0,1,0.76,0.7273,0.7,0.1642,16,55,71
9928,2012-02-23,1,1,2,16,0,4,1,1,0.56,0.5303,0.32,0,45,298,343
7212,2011-11-02,4,0,11,2,0,3,1,1,0.3,0.3333,0.87,0,0,2,2
4678,2011-07-18,3,0,7,19,0,1,1,1,0.8,0.7576,0.55,0.2239,63,335,398
6534,2011-10-04,4,0,10,19,0,2,1,1,0.52,0.5,0.68,0.2239,35,310,345
5210,2011-08-09,3,0,8,23,0,2,1,1,0.76,0.6818,0.48,0.2836,22,53,75
2647,2011-04-25,2,0,4,4,0,1,1,2,0.52,0.5,1,0,1,4,5
10074,2012-02-29,1,1,2,19,0,3,1,2,0.4,0.4091,0.87,0.1045,0,102,102
14157,2012-08-18,3,1,8,1,0,6,0,3,0.62,0.5455,0.94,0.1642,14,78,92
10623,2012-03-23,2,1,3,17,0,5,1,2,0.72,0.6515,0.42,0.1642,264,693,957
13525,2012-07-22,3,1,7,17,0,0,0,1,0.74,0.697,0.66,0.2239,188,368,556
12164,2012-05-27,2,1,5,0,0,0,0,2,0.68,0.6364,0.69,0.1642,48,89,137
14003,2012-08-11,3,1,8,15,0,6,0,1,0.8,0.7273,0.46,0.2836,246,316,562
13021,2012-07-01,3,1,7,17,0,0,0,1,0.92,0.803,0.26,0.2985,90,323,413
6366,2011-09-27,4,0,9,19,0,2,1,2,0.64,0.5758,0.89,0.1343,26,294,320
14311,2012-08-24,3,1,8,11,0,5,1,2,0.76,0.6818,0.48,0.1045,69,212,281
2156,2011-04-04,2,0,4,16,0,1,1,1,0.76,0.6515,0.22,0.5224,59,130,189
13496,2012-07-21,3,1,7,12,0,6,0,3,0.6,0.5606,0.83,0.2239,156,301,457
7371,2011-11-08,4,0,11,17,0,2,1,1,0.52,0.5,0.43,0.1642,40,459,499
1302,2011-02-27,1,0,2,10,0,0,0,1,0.3,0.303,0.81,0.1642,24,79,103
7838,2011-11-28,4,0,11,5,0,1,1,1,0.4,0.4091,0.87,0,0,34,34
3716,2011-06-08,2,0,6,17,0,3,1,1,0.92,0.8485,0.35,0.2239,80,426,506
8112,2011-12-09,4,0,12,15,0,5,1,1,0.38,0.3939,0.46,0.2836,29,160,189
13517,2012-07-22,3,1,7,9,0,0,0,2,0.66,0.6212,0.69,0,79,179,258
16673,2012-12-02,4,1,12,11,0,0,0,2,0.32,0.3182,0.81,0.1642,81,274,355
3623,2011-06-04,2,0,6,20,0,6,0,2,0.7,0.6515,0.48,0.0896,90,149,239
4517,2011-07-12,3,0,7,2,0,2,1,1,0.7,0.6667,0.79,0.1045,2,7,9
7355,2011-11-08,4,0,11,1,0,2,1,1,0.32,0.3333,0.93,0.1045,3,8,11
8751,2012-01-05,1,1,1,10,0,4,1,2,0.24,0.2576,0.52,0.0896,5,81,86
10768,2012-03-29,2,1,3,18,0,4,1,1,0.5,0.4848,0.39,0.2985,83,598,681
1437,2011-03-05,1,0,3,3,0,6,0,2,0.3,0.2879,0.87,0.194,0,2,2
508,2011-01-23,1,0,1,6,0,0,0,2,0.04,0.0758,0.57,0.1045,0,1,1
5276,2011-08-12,3,0,8,17,0,5,1,1,0.82,0.7121,0.26,0,93,423,516
10062,2012-02-29,1,1,2,7,0,3,1,2,0.26,0.2727,0.81,0.1343,11,242,253
5664,2011-08-29,3,0,8,10,0,1,1,1,0.66,0.6212,0.47,0.2239,42,73,115
5403,2011-08-18,3,0,8,0,0,4,1,1,0.68,0.6364,0.65,0.1343,18,38,56
5931,2011-09-09,3,0,9,15,0,5,1,1,0.74,0.697,0.66,0,27,161,188
8948,2012-01-13,1,1,1,16,0,5,1,1,0.28,0.2424,0.3,0.4627,18,215,233
2340,2011-04-12,2,0,4,9,0,2,1,3,0.46,0.4545,0.94,0.4925,4,50,54
14259,2012-08-22,3,1,8,7,0,3,1,1,0.62,0.5909,0.78,0,16,537,553
4387,2011-07-06,3,0,7,16,0,3,1,1,0.76,0.7273,0.7,0.2537,57,218,275
14405,2012-08-28,3,1,8,9,0,2,1,2,0.7,0.6667,0.79,0.1642,44,351,395
10311,2012-03-10,1,1,3,16,0,6,0,1,0.36,0.3636,0.23,0,115,275,390
7681,2011-11-21,4,0,11,15,0,1,1,3,0.44,0.4394,0.94,0.2239,15,93,108
14249,2012-08-21,3,1,8,21,0,2,1,1,0.64,0.6061,0.73,0,41,239,280
13979,2012-08-10,3,1,8,15,0,5,1,1,0.8,0.7424,0.52,0.4478,100,224,324
8694,2012-01-03,1,1,1,1,0,2,1,1,0.18,0.1818,0.55,0.2239,1,5,6
644,2011-01-30,1,0,1,2,0,0,0,1,0.16,0.2273,0.8,0,1,10,11
12901,2012-06-26,3,1,6,17,0,2,1,1,0.72,0.6515,0.28,0.4179,104,796,900
1540,2011-03-09,1,0,3,12,0,3,1,2,0.32,0.303,0.76,0.2537,14,84,98
9122,2012-01-20,1,1,1,23,0,5,1,3,0.16,0.1515,0.64,0.2239,3,35,38
1212,2011-02-23,1,0,2,13,0,3,1,1,0.3,0.3182,0.28,0.0896,9,78,87
13629,2012-07-27,3,1,7,1,0,5,1,1,0.72,0.6818,0.7,0.1045,12,42,54
2561,2011-04-21,2,0,4,14,0,4,1,1,0.5,0.4848,0.34,0.3881,68,160,228
8865,2012-01-10,1,1,1,5,0,2,1,1,0.4,0.4091,0.47,0.2239,0,23,23
6107,2011-09-17,3,0,9,0,0,6,0,1,0.46,0.4545,0.72,0.1642,28,80,108
5616,2011-08-26,3,0,8,21,0,5,1,1,0.72,0.697,0.79,0.1642,38,152,190
16311,2012-11-17,4,1,11,8,0,6,0,1,0.26,0.2576,0.65,0.2239,30,138,168
1465,2011-03-06,1,0,3,8,0,0,0,2,0.4,0.4091,1,0.2985,1,8,9
1193,2011-02-22,1,0,2,17,0,2,1,1,0.22,0.2121,0.51,0.2239,8,188,196
10065,2012-02-29,1,1,2,10,0,3,1,3,0.3,0.303,0.81,0.1642,0,10,10
3591,2011-06-03,2,0,6,12,0,5,1,1,0.66,0.6212,0.27,0.2836,51,208,259
13505,2012-07-21,3,1,7,21,0,6,0,2,0.6,0.5455,0.88,0.1642,29,134,163
6361,2011-09-27,4,0,9,14,0,2,1,2,0.68,0.6364,0.79,0.1045,29,123,152
8698,2012-01-03,1,1,1,5,0,2,1,1,0.14,0.1364,0.54,0.194,0,12,12
15081,2012-09-25,4,1,9,13,0,2,1,1,0.64,0.6212,0.47,0.2537,48,257,305
6720,2011-10-12,4,0,10,13,0,3,1,3,0.54,0.5152,0.88,0.2239,25,76,101
507,2011-01-23,1,0,1,5,0,0,0,2,0.04,0.0758,0.57,0.1045,0,3,3
10858,2012-04-02,2,1,4,13,0,1,1,1,0.46,0.4545,0.36,0.2985,97,184,281
13698,2012-07-29,3,1,7,22,0,0,0,1,0.7,0.6515,0.7,0.1045,31,117,148
11385,2012-04-24,2,1,4,13,0,2,1,1,0.5,0.4848,0.29,0.3881,35,189,224
12808,2012-06-22,3,1,6,20,0,5,1,2,0.76,0.697,0.55,0.5224,31,171,202
12701,2012-06-18,2,1,6,9,0,1,1,2,0.54,0.5152,0.83,0.2239,28,222,250
1774,2011-03-19,1,0,3,14,0,6,0,1,0.5,0.4848,0.31,0.4925,168,144,312
273,2011-01-12,1,0,1,19,0,3,1,1,0.18,0.1515,0.47,0.4179,1,82,83
15132,2012-09-27,4,1,9,16,0,4,1,2,0.72,0.6667,0.58,0.3284,73,399,472
8990,2012-01-15,1,1,1,10,0,0,0,1,0.14,0.1212,0.54,0.2836,11,115,126
3619,2011-06-04,2,0,6,16,0,6,0,2,0.72,0.6515,0.3,0.1343,168,272,440
2382,2011-04-14,2,0,4,3,0,4,1,1,0.34,0.3333,0.81,0.1343,0,2,2
7009,2011-10-24,4,0,10,15,0,1,1,1,0.56,0.5303,0.6,0.1642,52,125,177
9270,2012-01-27,1,1,1,3,0,5,1,2,0.42,0.4242,0.94,0.2836,3,5,8
16223,2012-11-13,4,1,11,16,0,2,1,1,0.38,0.3939,0.4,0.2985,28,282,310
4634,2011-07-16,3,0,7,23,0,6,0,1,0.68,0.6364,0.61,0.2239,61,107,168
8505,2011-12-26,1,0,12,1,1,1,0,1,0.28,0.2727,0.56,0.194,3,7,10
747,2011-02-03,1,0,2,12,0,4,1,1,0.2,0.1818,0.4,0.3582,2,67,69
7708,2011-11-22,4,0,11,18,0,2,1,3,0.44,0.4394,1,0,0,148,148
3570,2011-06-02,2,0,6,15,0,4,1,1,0.8,0.6818,0.21,0.3881,44,144,188
8983,2012-01-15,1,1,1,3,0,0,0,2,0.16,0.1364,0.48,0.3881,1,24,25
10669,2012-03-25,2,1,3,15,0,0,0,2,0.44,0.4394,0.88,0.194,139,282,421
12034,2012-05-21,2,1,5,14,0,1,1,3,0.6,0.5606,0.83,0.194,45,135,180
10763,2012-03-29,2,1,3,13,0,4,1,1,0.46,0.4545,0.44,0.3284,50,223,273
8558,2011-12-28,1,0,12,8,0,3,1,1,0.32,0.2879,0.57,0.3582,11,206,217
6449,2011-10-01,4,0,10,6,0,6,0,1,0.42,0.4242,0.67,0.3284,4,15,19
5600,2011-08-26,3,0,8,5,0,5,1,2,0.62,0.5606,0.88,0,3,23,26
12103,2012-05-24,2,1,5,11,0,4,1,1,0.66,0.6212,0.65,0.1343,61,160,221
10356,2012-03-12,1,1,3,14,0,1,1,2,0.58,0.5455,0.32,0.2836,76,145,221
13567,2012-07-24,3,1,7,11,0,2,1,2,0.84,0.803,0.53,0.3284,45,156,201
13302,2012-07-13,3,1,7,10,0,5,1,2,0.74,0.6667,0.48,0,78,190,268
8573,2011-12-28,1,0,12,23,0,3,1,1,0.22,0.2121,0.44,0.2537,3,36,39
13041,2012-07-02,3,1,7,13,0,1,1,1,0.86,0.7576,0.34,0.2239,74,162,236
9485,2012-02-05,1,1,2,2,0,0,0,2,0.24,0.2576,0.93,0.1045,4,59,63
1913,2011-03-25,2,0,3,11,0,5,1,1,0.3,0.2879,0.45,0.2836,17,58,75
15413,2012-10-09,4,1,10,9,0,2,1,2,0.42,0.4242,0.77,0.2239,37,345,382
600,2011-01-28,1,0,1,5,0,5,1,2,0.18,0.2121,0.8,0.1045,0,4,4
3893,2011-06-16,2,0,6,2,0,4,1,1,0.6,0.6212,0.56,0.0896,1,4,5
5541,2011-08-23,3,0,8,18,0,2,1,1,0.72,0.6515,0.34,0.194,98,421,519
1653,2011-03-14,1,0,3,10,0,1,1,1,0.34,0.3182,0.42,0.2537,27,57,84
8107,2011-12-09,4,0,12,10,0,5,1,2,0.3,0.303,0.7,0.1642,11,115,126
1894,2011-03-24,2,0,3,16,0,4,1,2,0.3,0.2879,0.65,0.2239,6,78,84
13744,2012-07-31,3,1,7,20,0,2,1,3,0.7,0.6515,0.7,0.194,55,397,452
16863,2012-12-10,4,1,12,9,0,1,1,2,0.42,0.4242,1,0.2239,11,273,284
6503,2011-10-03,4,0,10,12,0,1,1,2,0.4,0.4091,0.71,0.1343,29,118,147
4363,2011-07-05,3,0,7,16,0,2,1,1,0.82,0.7576,0.46,0.1045,79,202,281
263,2011-01-12,1,0,1,9,0,3,1,1,0.16,0.1364,0.59,0.3284,3,78,81
376,2011-01-17,1,0,1,3,1,1,0,2,0.18,0.1818,0.43,0.194,0,2,2
1967,2011-03-27,2,0,3,18,0,0,0,1,0.3,0.2879,0.33,0.194,32,105,137
3958,2011-06-18,2,0,6,19,0,6,0,2,0.74,0.6667,0.51,0.1045,99,227,326
16291,2012-11-16,4,1,11,12,0,5,1,1,0.4,0.4091,0.43,0.2836,28,262,290
5697,2011-08-30,3,0,8,19,0,2,1,1,0.66,0.6212,0.5,0.0896,68,397,465
1244,2011-02-24,1,0,2,22,0,4,1,3,0.34,0.3182,0.87,0.2836,5,50,55
16997,2012-12-15,4,1,12,23,0,6,0,2,0.36,0.3485,0.62,0.1343,11,108,119
14935,2012-09-19,3,1,9,11,0,3,1,1,0.6,0.6212,0.43,0.2537,44,203,247
16601,2012-11-29,4,1,11,11,0,4,1,1,0.36,0.3485,0.37,0.2239,13,150,163
942,2011-02-11,1,0,2,20,0,5,1,1,0.22,0.2273,0.55,0.1343,2,61,63
12755,2012-06-20,2,1,6,15,0,3,1,1,0.9,0.8182,0.35,0,36,143,179
9664,2012-02-12,1,1,2,14,0,0,0,1,0.16,0.1212,0.4,0.5224,9,102,111
3347,2011-05-24,2,0,5,8,0,2,1,3,0.62,0.5758,0.83,0.2239,31,403,434
2658,2011-04-25,2,0,4,15,0,1,1,1,0.74,0.6667,0.51,0.2239,50,125,175
10906,2012-04-04,2,1,4,13,0,3,1,2,0.6,0.6212,0.46,0.2537,70,181,251
17202,2012-12-24,1,1,12,13,0,1,1,3,0.24,0.2576,0.81,0.1045,16,54,70
12045,2012-05-22,2,1,5,1,0,2,1,2,0.58,0.5455,0.83,0.1343,11,16,27
5327,2011-08-14,3,0,8,20,0,0,0,1,0.7,0.6667,0.84,0.1642,67,126,193
12074,2012-05-23,2,1,5,6,0,3,1,1,0.56,0.5303,0.88,0.1045,6,154,160
6579,2011-10-06,4,0,10,16,0,4,1,1,0.58,0.5455,0.49,0.194,51,272,323
2800,2011-05-01,2,0,5,13,0,0,0,2,0.5,0.4848,0.63,0.1642,123,209,332
4307,2011-07-03,3,0,7,8,0,0,0,1,0.68,0.6364,0.79,0.2239,39,53,92
13413,2012-07-18,3,1,7,1,0,3,1,1,0.76,0.7273,0.66,0.1045,2,14,16
14248,2012-08-21,3,1,8,20,0,2,1,1,0.64,0.6061,0.73,0,62,296,358
7245,2011-11-03,4,0,11,11,0,4,1,1,0.44,0.4394,0.67,0.194,12,108,120
299,2011-01-13,1,0,1,21,0,4,1,1,0.14,0.1212,0.46,0.2985,0,40,40
9242,2012-01-25,1,1,1,23,0,3,1,2,0.28,0.3182,0.65,0,3,63,66
15131,2012-09-27,4,1,9,15,0,4,1,2,0.76,0.6818,0.45,0,41,255,296
3824,2011-06-13,2,0,6,5,0,1,1,1,0.54,0.5152,0.64,0.3881,2,27,29
12234,2012-05-29,2,1,5,22,0,2,1,2,0.62,0.5606,0.88,0.0896,2,53,55
7978,2011-12-04,4,0,12,1,0,0,0,1,0.3,0.3182,0.75,0.0896,20,54,74
2036,2011-03-30,2,0,3,16,0,3,1,3,0.28,0.2727,0.87,0.2537,0,36,36
4040,2011-06-22,3,0,6,5,0,3,1,1,0.64,0.5758,0.89,0,2,21,23
10451,2012-03-16,1,1,3,13,0,5,1,2,0.46,0.4545,0.77,0.0896,52,208,260
15158,2012-09-28,4,1,9,18,0,5,1,2,0.64,0.6212,0.5,0.2239,58,609,667
10165,2012-03-04,1,1,3,14,0,0,0,1,0.36,0.3333,0.34,0.3582,106,226,332
15993,2012-11-04,4,1,11,1,0,0,0,1,0.26,0.2879,0.81,0.0896,26,139,165
10292,2012-03-09,1,1,3,21,0,5,1,1,0.36,0.3333,0.34,0.3284,8,133,141
1500,2011-03-07,1,0,3,20,0,1,1,1,0.3,0.303,0.33,0.1642,5,87,92
3513,2011-05-31,2,0,5,6,0,2,1,1,0.68,0.6364,0.79,0.0896,11,98,109
17314,2012-12-29,1,1,12,6,0,6,0,2,0.26,0.2424,0.7,0.1045,0,7,7
8845,2012-01-09,1,1,1,8,0,1,1,2,0.22,0.2576,0.55,0.0896,13,407,420
8363,2011-12-20,4,0,12,2,0,2,1,2,0.34,0.3636,0.61,0,1,10,11
6829,2011-10-17,4,0,10,2,0,1,1,1,0.56,0.5303,0.54,0.3881,4,3,7
7131,2011-10-29,4,0,10,17,0,6,0,3,0.22,0.197,0.93,0.3284,3,28,31
13621,2012-07-26,3,1,7,17,0,4,1,1,0.9,0.8636,0.45,0.4179,110,628,738
11323,2012-04-21,2,1,4,23,0,6,0,2,0.46,0.4545,0.82,0.2836,18,73,91
4086,2011-06-24,3,0,6,3,0,5,1,1,0.66,0.6061,0.83,0.1642,1,4,5
243,2011-01-11,1,0,1,11,0,2,1,2,0.2,0.2121,0.47,0.1343,4,31,35
15761,2012-10-23,4,1,10,21,0,2,1,1,0.56,0.5303,0.68,0,35,260,295
1645,2011-03-14,1,0,3,1,0,1,1,1,0.26,0.2879,0.65,0.0896,0,1,1
7372,2011-11-08,4,0,11,18,0,2,1,1,0.48,0.4697,0.55,0.1343,30,432,462
11643,2012-05-05,2,1,5,7,0,6,0,1,0.56,0.5303,0.88,0,8,79,87
5595,2011-08-26,3,0,8,0,0,5,1,1,0.62,0.5758,0.83,0.1343,9,42,51
10949,2012-04-06,2,1,4,8,0,5,1,1,0.3,0.2727,0.49,0.3284,19,489,508
13888,2012-08-06,3,1,8,20,0,1,1,1,0.76,0.7273,0.66,0.1642,89,368,457
12666,2012-06-16,2,1,6,22,0,6,0,1,0.62,0.6212,0.53,0.2985,91,189,280
5232,2011-08-10,3,0,8,21,0,3,1,1,0.76,0.6667,0.33,0.1045,47,162,209
2077,2011-04-01,2,0,4,9,0,5,1,1,0.32,0.2879,0.7,0.3582,11,162,173
4104,2011-06-24,3,0,6,21,0,5,1,1,0.7,0.6515,0.48,0.1343,50,183,233
7494,2011-11-13,4,0,11,20,0,0,0,1,0.5,0.4848,0.31,0.3582,24,115,139
9044,2012-01-17,1,1,1,17,0,2,1,1,0.46,0.4545,0.63,0.4478,20,442,462
5969,2011-09-11,3,0,9,5,0,0,0,1,0.6,0.5606,0.83,0.1343,15,24,39
15494,2012-10-12,4,1,10,18,0,5,1,1,0.44,0.4394,0.38,0.2985,76,566,642
14636,2012-09-07,3,1,9,0,0,5,1,1,0.64,0.5758,0.89,0.1343,17,79,96
10298,2012-03-10,1,1,3,3,0,6,0,1,0.26,0.2273,0.41,0.2985,0,16,16
3967,2011-06-19,2,0,6,4,0,0,0,2,0.66,0.6212,0.74,0.1343,7,10,17
12799,2012-06-22,3,1,6,11,0,5,1,1,0.8,0.7424,0.49,0.1642,76,160,236
17212,2012-12-24,1,1,12,23,0,1,1,3,0.24,0.2879,0.93,0,1,10,11
16868,2012-12-10,4,1,12,14,0,1,1,2,0.5,0.4848,0.94,0.2239,31,179,210
6755,2011-10-14,4,0,10,0,0,5,1,1,0.58,0.5455,0.94,0.0896,10,29,39
12737,2012-06-19,2,1,6,21,0,2,1,1,0.76,0.7121,0.62,0.1642,37,239,276
11227,2012-04-17,2,1,4,23,0,2,1,1,0.54,0.5152,0.32,0.2239,10,72,82
15421,2012-10-09,4,1,10,17,0,2,1,2,0.52,0.5,0.68,0.1642,73,733,806
4079,2011-06-23,3,0,6,20,0,4,1,1,0.7,0.6667,0.74,0.2239,75,277,352
7755,2011-11-24,4,0,11,17,1,4,0,1,0.48,0.4697,0.33,0.1045,34,40,74
8833,2012-01-08,1,1,1,20,0,0,0,1,0.3,0.303,0.52,0.1642,7,119,126
9463,2012-02-04,1,1,2,4,0,6,0,1,0.24,0.2576,0.81,0.0896,1,5,6
2779,2011-04-30,2,0,4,16,0,6,0,1,0.58,0.5455,0.37,0.194,191,273,464
4604,2011-07-15,3,0,7,17,0,5,1,1,0.74,0.6667,0.42,0.2537,104,483,587
4933,2011-07-29,3,0,7,10,0,5,1,1,0.9,0.8485,0.42,0.2836,37,69,106
1986,2011-03-28,2,0,3,14,0,1,1,1,0.32,0.303,0.22,0.2239,15,65,80
3862,2011-06-14,2,0,6,19,0,2,1,1,0.64,0.6212,0.5,0.3582,51,335,386
7775,2011-11-25,4,0,11,13,0,5,1,1,0.5,0.4848,0.45,0.2239,143,140,283
9727,2012-02-15,1,1,2,5,0,3,1,1,0.28,0.2879,0.7,0.1045,0,25,25
326,2011-01-15,1,0,1,1,0,6,0,2,0.16,0.197,0.59,0.0896,2,18,20
10531,2012-03-19,1,1,3,21,0,1,1,1,0.6,0.6061,0.64,0.1642,33,190,223
7892,2011-11-30,4,0,11,11,0,3,1,1,0.38,0.3939,0.54,0.2985,10,112,122
6395,2011-09-29,4,0,9,0,0,4,1,1,0.6,0.5152,0.94,0.194,7,33,40
13882,2012-08-06,3,1,8,14,0,1,1,1,0.82,0.7576,0.46,0,99,188,287
4055,2011-06-22,3,0,6,20,0,3,1,1,0.74,0.7121,0.74,0.1343,52,230,282
2238,2011-04-08,2,0,4,2,0,5,1,3,0.34,0.3333,0.76,0.1642,3,10,13
5230,2011-08-10,3,0,8,19,0,3,1,1,0.8,0.697,0.26,0.2537,79,334,413
4572,2011-07-14,3,0,7,9,0,4,1,1,0.68,0.6364,0.47,0.2836,29,195,224
8977,2012-01-14,1,1,1,21,0,6,0,1,0.18,0.1667,0.43,0.2537,3,66,69
7455,2011-11-12,4,0,11,5,0,6,0,1,0.22,0.2576,0.75,0.0896,1,3,4
1269,2011-02-26,1,0,2,0,0,6,0,1,0.24,0.2273,0.52,0.194,3,25,28
865,2011-02-08,1,0,2,11,0,2,1,1,0.22,0.1818,0.47,0.4627,1,49,50
4943,2011-07-29,3,0,7,20,0,5,1,1,0.86,0.7879,0.41,0.3284,53,153,206
2254,2011-04-08,2,0,4,18,0,5,1,3,0.32,0.303,0.93,0.2537,8,54,62
6011,2011-09-13,3,0,9,0,0,2,1,1,0.6,0.5455,0.88,0.1045,7,19,26
6912,2011-10-20,4,0,10,14,0,4,1,2,0.48,0.4697,0.48,0.5522,38,117,155
14628,2012-09-06,3,1,9,16,0,4,1,1,0.74,0.697,0.7,0.2239,42,374,416
6999,2011-10-24,4,0,10,5,0,1,1,1,0.38,0.3939,0.87,0,2,19,21
372,2011-01-16,1,0,1,23,0,0,0,2,0.2,0.2273,0.4,0.1045,0,18,18
13258,2012-07-11,3,1,7,14,0,3,1,1,0.8,0.7121,0.41,0.2239,66,175,241
12482,2012-06-09,2,1,6,6,0,6,0,1,0.56,0.5303,0.64,0.1045,17,63,80
7941,2011-12-02,4,0,12,12,0,5,1,1,0.36,0.3485,0.57,0.1343,18,186,204
610,2011-01-28,1,0,1,15,0,5,1,2,0.2,0.2576,0.86,0,1,40,41
4652,2011-07-17,3,0,7,17,0,0,0,1,0.8,0.7424,0.49,0.3881,133,236,369
16176,2012-11-11,4,1,11,17,0,0,0,1,0.54,0.5152,0.45,0.1642,151,342,493
8873,2012-01-10,1,1,1,13,0,2,1,1,0.42,0.4242,0.38,0.2985,15,163,178
14454,2012-08-30,3,1,8,10,0,4,1,1,0.72,0.6667,0.54,0,73,161,234
5920,2011-09-09,3,0,9,4,0,5,1,3,0.62,0.5455,0.94,0.1642,0,3,3
13923,2012-08-08,3,1,8,7,0,3,1,2,0.7,0.6667,0.84,0.1642,24,458,482
2365,2011-04-13,2,0,4,10,0,3,1,2,0.4,0.4091,0.87,0.194,4,42,46
7767,2011-11-25,4,0,11,5,0,5,1,1,0.28,0.3182,0.75,0,2,3,5
7149,2011-10-30,4,0,10,11,0,0,0,1,0.36,0.3485,0.53,0.2239,58,182,240
9104,2012-01-20,1,1,1,5,0,5,1,1,0.22,0.2424,0.6,0.1045,0,19,19
10636,2012-03-24,2,1,3,6,0,6,0,2,0.52,0.5,0.83,0.1642,4,24,28
3790,2011-06-11,2,0,6,19,0,6,0,1,0.7,0.6515,0.65,0.194,97,167,264
13514,2012-07-22,3,1,7,6,0,0,0,2,0.62,0.5758,0.83,0.0896,5,14,19
5582,2011-08-25,3,0,8,11,0,4,1,3,0.7,0.6667,0.79,0,39,112,151
13695,2012-07-29,3,1,7,19,0,0,0,1,0.76,0.697,0.55,0.1642,143,300,443
14726,2012-09-10,3,1,9,18,0,1,1,1,0.62,0.6212,0.35,0.2985,111,857,968
5061,2011-08-03,3,0,8,18,0,3,1,3,0.7,0.6667,0.84,0,49,443,492
9616,2012-02-10,1,1,2,14,0,5,1,2,0.32,0.3333,0.39,0.0896,8,138,146
4219,2011-06-29,3,0,6,16,0,3,1,1,0.82,0.7121,0.3,0.4179,60,268,328
16324,2012-11-17,4,1,11,21,0,6,0,2,0.32,0.3333,0.57,0.1045,15,124,139
8672,2012-01-02,1,1,1,2,1,1,0,1,0.36,0.3182,0.34,0.4478,1,6,7
663,2011-01-30,1,0,1,22,0,0,0,2,0.24,0.2273,0.7,0.194,2,19,21
16441,2012-11-22,4,1,11,18,1,4,0,1,0.4,0.4091,0.43,0,16,54,70
12540,2012-06-11,2,1,6,16,0,1,1,2,0.8,0.7121,0.41,0.4179,87,340,427
9312,2012-01-28,1,1,1,21,0,6,0,1,0.36,0.3333,0.29,0.3582,18,109,127
2777,2011-04-30,2,0,4,14,0,6,0,1,0.54,0.5152,0.39,0.2239,184,268,452
4536,2011-07-12,3,0,7,21,0,2,1,1,0.82,0.7424,0.43,0.1045,49,209,258
12488,2012-06-09,2,1,6,12,0,6,0,1,0.8,0.697,0.29,0.2537,196,335,531
11851,2012-05-13,2,1,5,23,0,0,0,2,0.62,0.6212,0.57,0.2239,17,57,74
7190,2011-11-01,4,0,11,4,0,2,1,1,0.34,0.3182,0.81,0.2239,1,7,8
15293,2012-10-04,4,1,10,9,0,4,1,2,0.64,0.5758,0.89,0.194,40,319,359
11979,2012-05-19,2,1,5,7,0,6,0,1,0.46,0.4545,0.67,0.1045,28,67,95
5574,2011-08-25,3,0,8,3,0,4,1,1,0.66,0.6212,0.74,0.3284,2,2,4
6136,2011-09-18,3,0,9,5,0,0,0,1,0.44,0.4394,0.77,0.2239,1,5,6
4428,2011-07-08,3,0,7,9,0,5,1,2,0.76,0.7273,0.7,0.2985,30,211,241
10554,2012-03-20,1,1,3,20,0,2,1,1,0.58,0.5455,0.68,0.0896,78,299,377
5248,2011-08-11,3,0,8,13,0,4,1,1,0.76,0.6667,0.31,0.2239,51,166,217
12811,2012-06-22,3,1,6,23,0,5,1,2,0.66,0.6212,0.74,0,29,145,174
3982,2011-06-19,2,0,6,19,0,0,0,1,0.72,0.6818,0.62,0.1343,94,217,311
9944,2012-02-24,1,1,2,8,0,5,1,2,0.38,0.3939,0.76,0.3284,17,452,469
7826,2011-11-27,4,0,11,16,0,0,0,1,0.56,0.5303,0.52,0.2537,94,229,323
11086,2012-04-12,2,1,4,2,0,4,1,1,0.32,0.303,0.61,0.2836,0,4,4
2670,2011-04-26,2,0,4,3,0,2,1,1,0.54,0.5152,0.88,0.2836,17,4,21
3978,2011-06-19,2,0,6,15,0,0,0,2,0.74,0.6818,0.55,0.1045,146,216,362
12664,2012-06-16,2,1,6,20,0,6,0,2,0.66,0.6212,0.47,0.194,123,229,352
280,2011-01-13,1,0,1,2,0,4,1,1,0.14,0.1212,0.5,0.3582,0,2,2
14850,2012-09-15,3,1,9,22,0,6,0,1,0.56,0.5303,0.52,0,82,197,279
14707,2012-09-09,3,1,9,23,0,0,0,1,0.56,0.5303,0.52,0.2836,22,70,92
8719,2012-01-04,1,1,1,2,0,3,1,1,0.02,0.0152,0.34,0.2836,0,1,1
7453,2011-11-12,4,0,11,3,0,6,0,1,0.24,0.2424,0.7,0.1343,4,13,17
5198,2011-08-09,3,0,8,11,0,2,1,1,0.8,0.7727,0.59,0.2239,61,88,149
9887,2012-02-21,1,1,2,23,0,2,1,1,0.32,0.303,0.66,0.2239,1,46,47
16446,2012-11-22,4,1,11,23,1,4,0,1,0.3,0.3333,0.7,0,8,28,36
16811,2012-12-08,4,1,12,5,0,6,0,2,0.36,0.3636,0.93,0.1045,2,4,6
4156,2011-06-27,3,0,6,1,0,1,1,2,0.62,0.5909,0.78,0.1343,4,11,15
12480,2012-06-09,2,1,6,4,0,6,0,1,0.62,0.6212,0.57,0,2,6,8
4884,2011-07-27,3,0,7,9,0,3,1,1,0.76,0.6667,0.35,0.2537,27,189,216
5808,2011-09-04,3,0,9,10,0,0,0,1,0.7,0.6667,0.74,0.1343,150,147,297
3810,2011-06-12,2,0,6,15,0,0,0,1,0.8,0.7727,0.59,0.2985,142,218,360
12229,2012-05-29,2,1,5,17,0,2,1,1,0.82,0.7576,0.46,0.4179,107,674,781
10080,2012-03-01,1,1,3,1,0,4,1,3,0.46,0.4545,0.94,0.1045,0,12,12
8714,2012-01-03,1,1,1,21,0,2,1,1,0.1,0.1061,0.36,0.2239,2,66,68
11369,2012-04-23,2,1,4,21,0,1,1,2,0.32,0.303,0.81,0.2239,7,145,152
4684,2011-07-19,3,0,7,1,0,2,1,2,0.74,0.697,0.66,0.1343,7,6,13
12567,2012-06-12,2,1,6,19,0,2,1,1,0.68,0.6364,0.83,0.194,47,444,491
15598,2012-10-17,4,1,10,2,0,3,1,1,0.38,0.3939,0.76,0,4,12,16
13241,2012-07-10,3,1,7,21,0,2,1,3,0.64,0.5758,0.89,0.1045,7,83,90
5594,2011-08-25,3,0,8,23,0,4,1,1,0.62,0.5758,0.83,0.0896,15,69,84
10402,2012-03-14,1,1,3,12,0,3,1,2,0.64,0.6212,0.29,0,55,212,267
13352,2012-07-15,3,1,7,12,0,0,0,1,0.84,0.7727,0.47,0.1045,153,336,489
12426,2012-06-06,2,1,6,22,0,3,1,1,0.52,0.5,0.77,0.0896,27,221,248
6898,2011-10-20,4,0,10,0,0,4,1,1,0.56,0.5303,0.94,0.2985,4,22,26
4564,2011-07-14,3,0,7,1,0,4,1,1,0.66,0.6212,0.61,0.2537,4,21,25
8377,2011-12-20,4,0,12,16,0,2,1,1,0.44,0.4394,0.54,0,20,218,238
15895,2012-10-30,4,1,10,23,0,2,1,1,0.3,0.303,0.81,0.1343,3,36,39
14812,2012-09-14,3,1,9,8,0,5,1,2,0.6,0.5758,0.78,0.1642,51,715,766
1270,2011-02-26,1,0,2,1,0,6,0,1,0.24,0.2121,0.52,0.2985,2,25,27
2351,2011-04-12,2,0,4,20,0,2,1,2,0.42,0.4242,0.82,0.2836,9,94,103
8746,2012-01-05,1,1,1,5,0,4,1,2,0.2,0.2273,0.59,0.0896,0,26,26
9590,2012-02-09,1,1,2,12,0,4,1,1,0.26,0.2273,0.48,0.3284,10,148,158
1385,2011-03-02,1,0,3,23,0,3,1,1,0.26,0.2121,0.3,0.5224,0,22,22
12962,2012-06-29,3,1,6,6,0,5,1,2,0.7,0.6515,0.61,0.1642,15,148,163
9037,2012-01-17,1,1,1,10,0,2,1,3,0.3,0.2879,0.87,0.2537,1,61,62
5857,2011-09-06,3,0,9,12,0,2,1,3,0.54,0.5152,0.83,0.3881,16,51,67
298,2011-01-13,1,0,1,20,0,4,1,1,0.16,0.1515,0.47,0.2239,0,64,64
8636,2011-12-31,1,0,12,14,0,6,0,1,0.46,0.4545,0.51,0.3284,115,185,300
16320,2012-11-17,4,1,11,17,0,6,0,1,0.38,0.3939,0.4,0.1642,101,302,403
14335,2012-08-25,3,1,8,11,0,6,0,2,0.72,0.6818,0.62,0.2836,143,314,457
15726,2012-10-22,4,1,10,10,0,1,1,1,0.5,0.4848,0.55,0,51,161,212
2078,2011-04-01,2,0,4,10,0,5,1,1,0.32,0.303,0.66,0.2836,12,63,75
15217,2012-10-01,4,1,10,5,0,1,1,1,0.44,0.4394,0.77,0,2,34,36
14796,2012-09-13,3,1,9,16,0,4,1,1,0.72,0.6515,0.39,0.0896,85,406,491
2230,2011-04-07,2,0,4,18,0,4,1,1,0.48,0.4697,0.55,0.2537,68,265,333
2843,2011-05-03,2,0,5,8,0,2,1,2,0.56,0.5303,0.83,0.2836,24,435,459
2538,2011-04-20,2,0,4,15,0,3,1,2,0.76,0.6667,0.35,0.3582,32,113,145
195,2011-01-09,1,0,1,9,0,0,0,1,0.12,0.0758,0.46,0.5224,0,19,19
15377,2012-10-07,4,1,10,21,0,0,0,1,0.38,0.3939,0.87,0.1045,22,91,113
7363,2011-11-08,4,0,11,9,0,2,1,1,0.36,0.3788,0.87,0,14,177,191
6637,2011-10-09,4,0,10,2,0,0,0,1,0.46,0.4545,0.88,0,20,35,55
7499,2011-11-14,4,0,11,1,0,1,1,1,0.46,0.4545,0.63,0.2985,5,6,11
13412,2012-07-18,3,1,7,0,0,3,1,1,0.76,0.7273,0.66,0.1642,8,45,53
4043,2011-06-22,3,0,6,8,0,3,1,1,0.72,0.697,0.74,0.1045,27,396,423
6554,2011-10-05,4,0,10,15,0,3,1,1,0.64,0.6212,0.47,0.2836,35,147,182
10771,2012-03-29,2,1,3,21,0,4,1,1,0.44,0.4394,0.44,0.2836,10,214,224
16257,2012-11-15,4,1,11,2,0,4,1,2,0.26,0.2576,0.7,0.1642,0,7,7
5506,2011-08-22,3,0,8,7,0,1,1,1,0.66,0.6212,0.61,0.3284,11,270,281
6855,2011-10-18,4,0,10,4,0,2,1,2,0.44,0.4394,0.94,0.1045,0,4,4
6762,2011-10-14,4,0,10,7,0,5,1,3,0.56,0.5303,0.88,0.194,10,137,147
5301,2011-08-13,3,0,8,18,0,6,0,1,0.7,0.6667,0.74,0.2239,123,169,292
14441,2012-08-29,3,1,8,21,0,3,1,1,0.66,0.6212,0.54,0.1045,48,265,313
321,2011-01-14,1,0,1,20,0,5,1,1,0.18,0.2424,0.59,0,0,68,68
7136,2011-10-29,4,0,10,22,0,6,0,1,0.22,0.2121,0.87,0.2239,10,44,54
1372,2011-03-02,1,0,3,10,0,3,1,1,0.32,0.303,0.49,0.2836,11,65,76
17234,2012-12-25,1,1,12,22,1,2,0,2,0.3,0.303,0.7,0.1642,3,16,19
2655,2011-04-25,2,0,4,12,0,1,1,1,0.66,0.6212,0.74,0.2537,48,140,188
9100,2012-01-20,1,1,1,1,0,5,1,1,0.26,0.2727,0.48,0.1343,0,15,15
12912,2012-06-27,3,1,6,4,0,3,1,1,0.6,0.6212,0.4,0.2537,0,11,11
3399,2011-05-26,2,0,5,12,0,4,1,1,0.78,0.7424,0.59,0.3284,53,141,194
10244,2012-03-07,1,1,3,21,0,3,1,1,0.44,0.4394,0.62,0.2537,11,177,188
8533,2011-12-27,1,0,12,6,0,2,1,2,0.3,0.2727,0.61,0.2985,0,35,35
11820,2012-05-12,2,1,5,16,0,6,0,2,0.7,0.6364,0.21,0.194,254,337,591
13926,2012-08-08,3,1,8,10,0,3,1,2,0.8,0.7424,0.52,0.1343,63,151,214
15653,2012-10-19,4,1,10,9,0,5,1,2,0.54,0.5152,0.94,0.1045,26,363,389
15567,2012-10-15,4,1,10,19,0,1,1,3,0.52,0.5,0.83,0.0896,12,227,239
927,2011-02-11,1,0,2,5,0,5,1,1,0.08,0.1212,0.63,0.0896,0,4,4
245,2011-01-11,1,0,1,13,0,2,1,2,0.2,0.2273,0.59,0.0896,6,46,52
7470,2011-11-12,4,0,11,20,0,6,0,1,0.42,0.4242,0.5,0.2836,31,101,132
8208,2011-12-13,4,0,12,15,0,2,1,1,0.4,0.4091,0.35,0.2537,7,144,151
144,2011-01-07,1,0,1,6,0,5,1,2,0.2,0.2576,0.69,0,8,26,34
5984,2011-09-11,3,0,9,20,0,0,0,1,0.62,0.5909,0.73,0.1045,65,161,226
8152,2011-12-11,4,0,12,7,0,0,0,1,0.18,0.2424,0.55,0,1,30,31
2364,2011-04-13,2,0,4,9,0,3,1,2,0.38,0.3939,0.94,0.2239,2,63,65
13559,2012-07-24,3,1,7,3,0,2,1,1,0.66,0.6061,0.83,0.1642,1,5,6
130,2011-01-06,1,0,1,15,0,4,1,1,0.28,0.2727,0.36,0,8,54,62
1162,2011-02-21,1,0,2,4,1,1,0,1,0.32,0.3182,0.45,0.1642,1,0,1
12818,2012-06-23,3,1,6,6,0,6,0,1,0.64,0.5758,0.83,0.0896,10,37,47
4283,2011-07-02,3,0,7,8,0,6,0,1,0.68,0.6364,0.57,0,38,94,132
5954,2011-09-10,3,0,9,14,0,6,0,1,0.74,0.6818,0.55,0.2836,129,230,359
288,2011-01-13,1,0,1,10,0,4,1,2,0.16,0.1364,0.5,0.3582,2,36,38
9823,2012-02-19,1,1,2,5,0,0,0,2,0.26,0.2273,0.48,0.2985,1,1,2
11549,2012-05-01,2,1,5,9,0,2,1,2,0.54,0.5152,0.88,0.194,18,331,349
5309,2011-08-14,3,0,8,2,0,0,0,3,0.64,0.5758,0.89,0.2239,13,49,62
10069,2012-02-29,1,1,2,14,0,3,1,2,0.36,0.3333,0.93,0.3582,2,54,56
10681,2012-03-26,2,1,3,3,0,1,1,1,0.46,0.4545,0.82,0.194,0,1,1
16286,2012-11-16,4,1,11,7,0,5,1,2,0.3,0.303,0.61,0.1642,5,362,367
13092,2012-07-04,3,1,7,16,1,3,0,1,0.92,0.8485,0.35,0.2537,163,226,389
8682,2012-01-02,1,1,1,13,1,1,0,1,0.3,0.2727,0.36,0.2985,26,150,176
1171,2011-02-21,1,0,2,13,1,1,0,3,0.3,0.2727,0.81,0.3284,28,75,103
16122,2012-11-09,4,1,11,11,0,5,1,1,0.4,0.4091,0.47,0.2985,66,185,251
10375,2012-03-13,1,1,3,9,0,2,1,1,0.48,0.4697,0.82,0.2836,18,324,342
11322,2012-04-21,2,1,4,22,0,6,0,1,0.48,0.4697,0.82,0.2985,20,90,110
6793,2011-10-15,4,0,10,14,0,6,0,1,0.6,0.6212,0.33,0.4627,242,230,472
14992,2012-09-21,3,1,9,20,0,5,1,1,0.62,0.6061,0.69,0.194,54,315,369
11229,2012-04-18,2,1,4,1,0,3,1,1,0.52,0.5,0.34,0.194,1,13,14
1860,2011-03-23,2,0,3,6,0,3,1,2,0.34,0.3182,0.87,0.2537,1,43,44
11683,2012-05-06,2,1,5,23,0,0,0,1,0.52,0.5,0.77,0.194,22,80,102
13199,2012-07-09,3,1,7,3,0,1,1,3,0.7,0.6667,0.89,0.194,0,5,5
15654,2012-10-19,4,1,10,10,0,5,1,2,0.58,0.5455,0.88,0.194,26,198,224
6782,2011-10-15,4,0,10,3,0,6,0,1,0.44,0.4394,0.62,0.194,5,18,23
13339,2012-07-14,3,1,7,23,0,6,0,2,0.68,0.6364,0.83,0.0896,55,156,211
11689,2012-05-07,2,1,5,5,0,1,1,1,0.46,0.4545,0.88,0.1045,2,21,23
12555,2012-06-12,2,1,6,7,0,2,1,3,0.62,0.5606,0.88,0.2537,16,287,303
3122,2011-05-14,2,0,5,23,0,6,0,3,0.52,0.5,1,0.194,11,33,44
8580,2011-12-29,1,0,12,6,0,4,1,1,0.2,0.2576,0.59,0,2,39,41
1312,2011-02-27,1,0,2,20,0,0,0,1,0.4,0.4091,0.54,0.0896,9,72,81
1033,2011-02-15,1,0,2,17,0,2,1,1,0.32,0.303,0.22,0.2239,15,191,206
8340,2011-12-19,4,0,12,3,0,1,1,1,0.16,0.197,0.86,0.0896,0,3,3
13832,2012-08-04,3,1,8,12,0,6,0,1,0.86,0.7879,0.4,0.3582,222,325,547
6383,2011-09-28,4,0,9,12,0,3,1,2,0.68,0.6364,0.79,0,25,159,184
7911,2011-12-01,4,0,12,6,0,4,1,1,0.24,0.2121,0.65,0.2836,5,92,97
932,2011-02-11,1,0,2,10,0,5,1,1,0.14,0.1364,0.69,0.194,5,39,44
692,2011-02-01,1,0,2,3,0,2,1,2,0.16,0.2273,0.69,0,0,2,2
16712,2012-12-04,4,1,12,2,0,2,1,1,0.42,0.4242,0.88,0.0896,3,5,8
6365,2011-09-27,4,0,9,18,0,2,1,2,0.64,0.5758,0.89,0.2239,31,325,356
1910,2011-03-25,2,0,3,8,0,5,1,1,0.22,0.2121,0.51,0.2836,9,228,237
9022,2012-01-16,1,1,1,18,1,1,0,1,0.26,0.2273,0.52,0.3284,6,175,181
10274,2012-03-09,1,1,3,3,0,5,1,1,0.46,0.4545,0.77,0.5224,0,7,7
16445,2012-11-22,4,1,11,22,1,4,0,1,0.32,0.3485,0.61,0,8,36,44
16924,2012-12-12,4,1,12,22,0,3,1,2,0.3,0.2879,0.52,0.2239,4,118,122
45,2011-01-02,1,0,1,21,0,0,0,1,0.26,0.2273,0.44,0.3284,11,20,31
3940,2011-06-18,2,0,6,1,0,6,0,1,0.62,0.5758,0.83,0.1045,15,80,95
12157,2012-05-26,2,1,5,17,0,6,0,2,0.78,0.7121,0.52,0.2537,235,227,462
7109,2011-10-28,4,0,10,19,0,5,1,2,0.36,0.3485,0.5,0.1343,16,188,204
11375,2012-04-24,2,1,4,3,0,2,1,1,0.32,0.303,0.81,0.2239,0,2,2
4320,2011-07-03,3,0,7,21,0,0,0,2,0.66,0.6061,0.83,0.1642,75,92,167
2966,2011-05-08,2,0,5,11,0,0,0,1,0.58,0.5455,0.49,0.0896,142,198,340
3970,2011-06-19,2,0,6,7,0,0,0,2,0.66,0.6061,0.78,0.1642,35,36,71
9380,2012-01-31,1,1,1,17,0,2,1,1,0.54,0.5152,0.26,0.4179,41,518,559
4927,2011-07-29,3,0,7,4,0,5,1,1,0.72,0.7121,0.84,0.1343,2,4,6
15321,2012-10-05,4,1,10,13,0,5,1,1,0.7,0.6515,0.48,0,117,307,424
15961,2012-11-02,4,1,11,17,0,5,1,1,0.38,0.3939,0.4,0.3284,57,581,638
7479,2011-11-13,4,0,11,5,0,0,0,1,0.34,0.3333,0.61,0.1642,2,3,5
10267,2012-03-08,1,1,3,20,0,4,1,2,0.6,0.6212,0.43,0.3881,20,282,302
6309,2011-09-25,4,0,9,10,0,0,0,2,0.64,0.5758,0.83,0,85,190,275
4160,2011-06-27,3,0,6,5,0,1,1,2,0.62,0.5758,0.83,0.1642,1,21,22
3093,2011-05-13,2,0,5,18,0,5,1,3,0.52,0.5,0.88,0.1642,39,359,398
14472,2012-08-31,3,1,8,4,0,5,1,1,0.64,0.5758,0.89,0.1343,0,7,7
7955,2011-12-03,4,0,12,2,0,6,0,1,0.26,0.2576,0.65,0.1642,9,41,50
5556,2011-08-24,3,0,8,9,0,3,1,1,0.64,0.6061,0.69,0.2537,44,169,213
3983,2011-06-19,2,0,6,20,0,0,0,1,0.7,0.6515,0.7,0.194,86,146,232
12227,2012-05-29,2,1,5,15,0,2,1,1,0.82,0.7727,0.49,0.3881,71,185,256
6941,2011-10-21,4,0,10,19,0,5,1,2,0.44,0.4394,0.54,0.3881,25,228,253
1405,2011-03-03,1,0,3,19,0,4,1,1,0.2,0.197,0.4,0.2537,5,101,106
3196,2011-05-18,2,0,5,1,0,3,1,2,0.54,0.5152,0.88,0.2537,3,9,12
11629,2012-05-04,2,1,5,17,0,5,1,1,0.7,0.6515,0.54,0.4627,96,547,643
12657,2012-06-16,2,1,6,13,0,6,0,1,0.72,0.6515,0.34,0.1642,293,324,617
12009,2012-05-20,2,1,5,13,0,0,0,1,0.7,0.6364,0.37,0.2836,244,363,607
970,2011-02-13,1,0,2,0,0,0,0,1,0.2,0.2273,0.64,0.1045,5,34,39
15043,2012-09-23,4,1,9,23,0,0,0,2,0.5,0.4848,0.59,0.1045,30,70,100
6544,2011-10-05,4,0,10,5,0,3,1,1,0.44,0.4394,0.82,0.1343,3,29,32
9118,2012-01-20,1,1,1,19,0,5,1,2,0.2,0.2273,0.37,0.1045,6,186,192
10077,2012-02-29,1,1,2,22,0,3,1,3,0.42,0.4242,0.94,0.2537,2,53,55
2844,2011-05-03,2,0,5,9,0,2,1,2,0.6,0.5758,0.78,0.3582,29,157,186
2852,2011-05-03,2,0,5,17,0,2,1,1,0.7,0.6515,0.54,0.4627,53,464,517
15271,2012-10-03,4,1,10,11,0,3,1,1,0.66,0.6061,0.78,0.1642,52,178,230
15778,2012-10-24,4,1,10,14,0,3,1,1,0.74,0.6515,0.3,0.2537,64,237,301
5957,2011-09-10,3,0,9,17,0,6,0,1,0.74,0.6818,0.55,0.2239,185,275,460
13096,2012-07-04,3,1,7,20,1,3,0,1,0.86,0.803,0.47,0.2239,237,314,551
11221,2012-04-17,2,1,4,17,0,2,1,1,0.64,0.6061,0.25,0.2985,108,673,781
14792,2012-09-13,3,1,9,12,0,4,1,1,0.68,0.6364,0.44,0.1045,57,240,297
4472,2011-07-10,3,0,7,5,0,0,0,1,0.66,0.6212,0.74,0,7,10,17
12027,2012-05-21,2,1,5,7,0,1,1,3,0.56,0.5303,0.88,0.2985,7,146,153
14882,2012-09-17,3,1,9,6,0,1,1,1,0.48,0.4697,0.82,0,7,157,164
1790,2011-03-20,1,0,3,6,0,0,0,1,0.26,0.2576,0.6,0.2239,1,3,4
16561,2012-11-27,4,1,11,18,0,2,1,1,0.26,0.2273,0.81,0.3582,13,469,482
2060,2011-03-31,2,0,3,16,0,4,1,2,0.3,0.2879,0.87,0.2537,13,72,85
7144,2011-10-30,4,0,10,6,0,0,0,1,0.24,0.2273,0.75,0.2537,2,8,10
11524,2012-04-30,2,1,4,8,0,1,1,1,0.4,0.4091,0.43,0.194,17,579,596
1903,2011-03-25,2,0,3,1,0,5,1,1,0.2,0.2121,0.69,0.1642,0,5,5
4687,2011-07-19,3,0,7,4,0,2,1,1,0.72,0.6818,0.7,0.1343,1,4,5
14787,2012-09-13,3,1,9,7,0,4,1,1,0.54,0.5152,0.77,0,22,549,571
8091,2011-12-08,4,0,12,18,0,4,1,1,0.28,0.2727,0.52,0.2239,12,306,318
4923,2011-07-29,3,0,7,0,0,5,1,1,0.74,0.7121,0.79,0.1642,12,45,57
6786,2011-10-15,4,0,10,7,0,6,0,1,0.4,0.4091,0.76,0.1045,17,40,57
5878,2011-09-07,3,0,9,9,0,3,1,3,0.6,0.5455,0.88,0.1343,14,176,190
9549,2012-02-07,1,1,2,19,0,2,1,1,0.38,0.3939,0.43,0.2239,11,327,338
76,2011-01-04,1,0,1,7,0,2,1,1,0.12,0.1515,0.74,0.1343,2,92,94
2346,2011-04-12,2,0,4,15,0,2,1,2,0.48,0.4697,0.77,0.5224,24,54,78
6448,2011-10-01,4,0,10,5,0,6,0,2,0.44,0.4394,0.62,0.2985,1,4,5
8431,2011-12-22,1,0,12,22,0,4,1,3,0.36,0.3636,0.93,0.1045,0,17,17
8623,2011-12-31,1,0,12,1,0,6,0,2,0.4,0.4091,0.62,0.2836,4,31,35
4587,2011-07-15,3,0,7,0,0,5,1,1,0.62,0.5909,0.73,0.2239,23,57,80
17068,2012-12-18,4,1,12,22,0,2,1,1,0.34,0.3333,0.49,0,5,127,132
11899,2012-05-15,2,1,5,23,0,2,1,3,0.56,0.5303,0.88,0.1045,13,58,71
11497,2012-04-29,2,1,4,5,0,0,0,1,0.34,0.3636,0.87,0,0,6,6
15113,2012-09-26,4,1,9,21,0,3,1,1,0.66,0.6212,0.65,0.194,32,328,360
1554,2011-03-10,1,0,3,2,0,4,1,3,0.34,0.3182,0,0.2537,0,1,1
5875,2011-09-07,3,0,9,6,0,3,1,3,0.6,0.5455,0.88,0.1045,1,74,75
8433,2011-12-23,1,0,12,0,0,5,1,3,0.4,0.4091,0.87,0.194,2,7,9
8976,2012-01-14,1,1,1,20,0,6,0,1,0.2,0.197,0.44,0.2537,8,95,103
17304,2012-12-28,1,1,12,20,0,5,1,2,0.24,0.2576,0.65,0.1045,14,83,97
11259,2012-04-19,2,1,4,7,0,4,1,2,0.4,0.4091,0.82,0.1343,15,391,406
6198,2011-09-20,3,0,9,19,0,2,1,1,0.58,0.5455,0.88,0,43,294,337
9170,2012-01-22,1,1,1,23,0,0,0,2,0.16,0.1818,0.93,0.1045,2,35,37
13845,2012-08-05,3,1,8,1,0,0,0,1,0.74,0.697,0.7,0.2537,8,79,87
5696,2011-08-30,3,0,8,18,0,2,1,1,0.7,0.6364,0.45,0.1642,60,516,576
2942,2011-05-07,2,0,5,11,0,6,0,1,0.56,0.5303,0.43,0,132,215,347
14870,2012-09-16,3,1,9,18,0,0,0,1,0.62,0.6212,0.5,0.1642,120,361,481
11527,2012-04-30,2,1,4,11,0,1,1,2,0.44,0.4394,0.44,0.1045,52,111,163
12333,2012-06-03,2,1,6,1,0,0,0,1,0.54,0.5152,0.56,0.1343,21,100,121
7382,2011-11-09,4,0,11,4,0,3,1,1,0.32,0.3485,0.87,0,0,4,4
14937,2012-09-19,3,1,9,13,0,3,1,1,0.6,0.6212,0.4,0.2537,55,234,289
1621,2011-03-13,1,0,3,0,0,0,0,1,0.38,0.3939,0.62,0.1045,3,35,38
5579,2011-08-25,3,0,8,8,0,4,1,2,0.7,0.6667,0.74,0.2985,23,461,484
10339,2012-03-11,1,1,3,21,0,0,0,1,0.42,0.4242,0.54,0.2239,37,110,147
9994,2012-02-26,1,1,2,10,0,0,0,1,0.26,0.2576,0.41,0.1642,27,161,188
7906,2011-12-01,4,0,12,1,0,4,1,1,0.26,0.2424,0.6,0.2836,1,9,10
10288,2012-03-09,1,1,3,17,0,5,1,1,0.46,0.4545,0.24,0.3881,68,498,566
13024,2012-07-01,3,1,7,20,0,0,0,1,0.84,0.7424,0.39,0.1343,88,244,332
9550,2012-02-07,1,1,2,20,0,2,1,1,0.36,0.3485,0.5,0.1343,6,206,212
15033,2012-09-23,4,1,9,13,0,0,0,1,0.6,0.6212,0.38,0.1642,257,445,702
13005,2012-07-01,3,1,7,1,0,0,0,1,0.74,0.697,0.7,0.1343,12,81,93
6783,2011-10-15,4,0,10,4,0,6,0,1,0.42,0.4242,0.67,0.1343,0,6,6
15151,2012-09-28,4,1,9,11,0,5,1,2,0.66,0.6212,0.69,0,109,252,361
16290,2012-11-16,4,1,11,11,0,5,1,1,0.38,0.3939,0.43,0.2239,33,185,218
12364,2012-06-04,2,1,6,8,0,1,1,1,0.6,0.6212,0.49,0.2239,22,643,665
1610,2011-03-12,1,0,3,13,0,6,0,1,0.36,0.3333,0.51,0.3582,62,95,157
3097,2011-05-13,2,0,5,22,0,5,1,2,0.52,0.5,0.83,0.2239,25,107,132
2416,2011-04-15,2,0,4,13,1,5,0,1,0.54,0.5152,0.52,0.2537,47,133,180
12950,2012-06-28,3,1,6,18,0,4,1,1,0.86,0.7273,0.25,0.2239,100,597,697
2018,2011-03-29,2,0,3,22,0,2,1,1,0.34,0.3636,0.49,0,6,49,55
2972,2011-05-08,2,0,5,17,0,0,0,3,0.58,0.5455,0.49,0.2836,106,245,351
2932,2011-05-07,2,0,5,1,0,6,0,1,0.42,0.4242,0.82,0.1045,8,50,58
3247,2011-05-20,2,0,5,4,0,5,1,1,0.44,0.4394,0.94,0.0896,1,4,5
125,2011-01-06,1,0,1,10,0,4,1,1,0.2,0.2576,0.47,0,3,42,45
1107,2011-02-18,1,0,2,20,0,5,1,1,0.6,0.6212,0.31,0.194,19,105,124
1815,2011-03-21,2,0,3,8,0,1,1,2,0.3,0.2727,0.87,0.4179,3,95,98
14453,2012-08-30,3,1,8,9,0,4,1,1,0.7,0.6515,0.58,0,57,339,396
225,2011-01-10,1,0,1,15,0,1,1,2,0.2,0.197,0.4,0.2239,2,43,45
8791,2012-01-07,1,1,1,2,0,6,0,1,0.36,0.3636,0.5,0.1045,2,36,38
2124,2011-04-03,2,0,4,8,0,0,0,1,0.34,0.3333,0.57,0.1642,18,44,62
16878,2012-12-11,4,1,12,0,0,2,1,3,0.46,0.4545,0.77,0.4627,2,29,31
12928,2012-06-27,3,1,6,20,0,3,1,1,0.76,0.6667,0.31,0.194,76,369,445
14092,2012-08-15,3,1,8,8,0,3,1,2,0.7,0.6515,0.65,0.2836,40,642,682
13237,2012-07-10,3,1,7,17,0,2,1,1,0.78,0.7121,0.49,0.194,103,769,872
8971,2012-01-14,1,1,1,15,0,6,0,1,0.24,0.2121,0.38,0.2985,49,177,226
2807,2011-05-01,2,0,5,20,0,0,0,2,0.46,0.4545,0.82,0,35,86,121
2198,2011-04-06,2,0,4,10,0,3,1,1,0.4,0.4091,0.37,0.3881,21,48,69
4052,2011-06-22,3,0,6,17,0,3,1,2,0.8,0.7576,0.55,0.3881,67,462,529
1217,2011-02-23,1,0,2,18,0,3,1,1,0.32,0.3333,0.26,0.0896,3,206,209
7702,2011-11-22,4,0,11,12,0,2,1,3,0.4,0.4091,1,0.0896,3,18,21
13854,2012-08-05,3,1,8,10,0,0,0,1,0.8,0.7727,0.59,0.4179,111,253,364
726,2011-02-02,1,0,2,14,0,3,1,1,0.38,0.3939,0.82,0.3881,2,61,63
11770,2012-05-10,2,1,5,14,0,4,1,1,0.56,0.5303,0.37,0.4179,61,186,247
9171,2012-01-23,1,1,1,0,0,1,1,2,0.18,0.2424,0.86,0,2,17,19
809,2011-02-06,1,0,2,3,0,0,0,1,0.26,0.2879,0.6,0.0896,3,10,13
11927,2012-05-17,2,1,5,3,0,4,1,1,0.6,0.5909,0.73,0.2537,0,3,3
15300,2012-10-04,4,1,10,16,0,4,1,1,0.7,0.6515,0.54,0.2836,86,411,497
13872,2012-08-06,3,1,8,4,0,1,1,2,0.72,0.697,0.74,0.1343,3,8,11
12861,2012-06-25,3,1,6,1,0,1,1,1,0.7,0.6515,0.65,0.2239,11,20,31
4907,2011-07-28,3,0,7,8,0,4,1,1,0.74,0.697,0.66,0.1642,47,409,456
12884,2012-06-26,3,1,6,0,0,2,1,1,0.62,0.6212,0.33,0.3284,8,29,37
3178,2011-05-17,2,0,5,7,0,2,1,2,0.52,0.5,0.94,0.2537,13,138,151
3963,2011-06-19,2,0,6,0,0,0,0,1,0.7,0.6515,0.65,0,18,71,89
14344,2012-08-25,3,1,8,20,0,6,0,3,0.62,0.5758,0.83,0.2537,65,176,241
2672,2011-04-26,2,0,4,5,0,2,1,1,0.54,0.5152,0.88,0.2537,0,16,16
14229,2012-08-21,3,1,8,1,0,2,1,2,0.6,0.5606,0.83,0.1343,11,22,33
9428,2012-02-02,1,1,2,17,0,4,1,1,0.42,0.4242,0.54,0.4925,13,437,450
9418,2012-02-02,1,1,2,7,0,4,1,3,0.36,0.3788,0.93,0,4,201,205
1765,2011-03-19,1,0,3,5,0,6,0,1,0.52,0.5,0.34,0.4179,0,2,2
13233,2012-07-10,3,1,7,13,0,2,1,1,0.82,0.7273,0.38,0.194,77,203,280
608,2011-01-28,1,0,1,13,0,5,1,3,0.18,0.2121,0.93,0.1045,0,31,31
11621,2012-05-04,2,1,5,9,0,5,1,1,0.6,0.5758,0.78,0,32,262,294
12535,2012-06-11,2,1,6,11,0,1,1,2,0.76,0.6818,0.48,0.2239,59,143,202
3218,2011-05-18,2,0,5,23,0,3,1,1,0.52,0.5,0.94,0.0896,10,49,59
5738,2011-09-01,3,0,9,12,0,4,1,2,0.72,0.6667,0.51,0.1343,64,165,229
8480,2011-12-24,1,0,12,23,0,6,0,1,0.24,0.2576,0.56,0,1,16,17
2054,2011-03-31,2,0,3,10,0,4,1,3,0.26,0.2424,0.93,0.2537,15,54,69
11159,2012-04-15,2,1,4,3,0,0,0,2,0.52,0.5,0.59,0.1343,18,27,45
3165,2011-05-16,2,0,5,18,0,1,1,3,0.58,0.5455,0.83,0.194,55,398,453
12957,2012-06-29,3,1,6,1,0,5,1,1,0.74,0.6667,0.51,0.1642,9,33,42
14185,2012-08-19,3,1,8,5,0,0,0,2,0.6,0.5909,0.73,0.1343,3,8,11
2542,2011-04-20,2,0,4,19,0,3,1,1,0.7,0.6364,0.32,0.2537,74,309,383
1658,2011-03-14,1,0,3,15,0,1,1,1,0.38,0.3939,0.37,0.1642,24,77,101
16705,2012-12-03,4,1,12,19,0,1,1,1,0.5,0.4848,0.68,0.0896,27,444,471
8070,2011-12-07,4,0,12,21,0,3,1,3,0.3,0.2576,0.87,0.5224,0,6,6
16697,2012-12-03,4,1,12,11,0,1,1,1,0.48,0.4697,0.77,0.1343,51,182,233
8645,2011-12-31,1,0,12,23,0,6,0,1,0.36,0.3788,0.66,0,4,27,31
2711,2011-04-27,2,0,4,20,0,3,1,1,0.64,0.5758,0.83,0.3284,30,188,218
6317,2011-09-25,4,0,9,18,0,0,0,1,0.68,0.6364,0.74,0,125,279,404
7550,2011-11-16,4,0,11,4,0,3,1,2,0.44,0.4394,1,0.2239,1,3,4
4267,2011-07-01,3,0,7,16,0,5,1,1,0.82,0.697,0.17,0,85,342,427
6716,2011-10-12,4,0,10,9,0,3,1,2,0.54,0.5152,0.88,0.4478,14,183,197
423,2011-01-19,1,0,1,15,0,3,1,1,0.4,0.4091,0.54,0.2836,4,78,82
10973,2012-04-07,2,1,4,8,0,6,0,1,0.34,0.3182,0.34,0.2537,29,94,123
5317,2011-08-14,3,0,8,10,0,0,0,1,0.7,0.6667,0.79,0.2239,67,116,183
8850,2012-01-09,1,1,1,13,0,1,1,2,0.26,0.2727,0.56,0.1045,3,77,80
9674,2012-02-13,1,1,2,0,0,1,1,1,0.14,0.1364,0.46,0.2239,0,9,9
2846,2011-05-03,2,0,5,11,0,2,1,2,0.66,0.6212,0.65,0.3284,20,120,140
4067,2011-06-23,3,0,6,8,0,4,1,2,0.74,0.697,0.7,0.194,20,412,432
16335,2012-11-18,4,1,11,8,0,0,0,1,0.3,0.2879,0.75,0.2537,19,100,119
5245,2011-08-11,3,0,8,10,0,4,1,1,0.74,0.6515,0.37,0.2537,36,96,132
1002,2011-02-14,1,0,2,9,0,1,1,1,0.4,0.4091,0.37,0.3881,8,122,130
4199,2011-06-28,3,0,6,20,0,2,1,1,0.74,0.6818,0.62,0,50,246,296
2419,2011-04-15,2,0,4,16,1,5,0,1,0.52,0.5,0.55,0.4925,70,173,243
14533,2012-09-02,3,1,9,17,0,0,0,1,0.76,0.7273,0.66,0.0896,219,284,503
3576,2011-06-02,2,0,6,21,0,4,1,1,0.66,0.6212,0.31,0.194,33,215,248
6727,2011-10-12,4,0,10,20,0,3,1,3,0.54,0.5152,0.94,0.1045,9,81,90
3848,2011-06-14,2,0,6,5,0,2,1,1,0.54,0.5152,0.56,0.3284,3,23,26
962,2011-02-12,1,0,2,16,0,6,0,1,0.34,0.303,0.29,0.4179,42,103,145
9773,2012-02-17,1,1,2,3,0,5,1,2,0.28,0.2879,0.93,0.1045,0,1,1
16345,2012-11-18,4,1,11,18,0,0,0,1,0.36,0.3485,0.66,0.2239,36,240,276
10399,2012-03-14,1,1,3,9,0,3,1,1,0.52,0.5,0.68,0,26,325,351
12862,2012-06-25,3,1,6,2,0,1,1,1,0.7,0.6515,0.7,0.2239,4,10,14
4888,2011-07-27,3,0,7,13,0,3,1,1,0.84,0.7273,0.3,0.3582,29,151,180
758,2011-02-03,1,0,2,23,0,4,1,1,0.2,0.2273,0.47,0.1045,4,34,38
5314,2011-08-14,3,0,8,7,0,0,0,2,0.66,0.5909,0.89,0.194,4,20,24
2285,2011-04-10,2,0,4,1,0,0,0,2,0.38,0.3939,0.87,0.1343,6,31,37
15569,2012-10-15,4,1,10,21,0,1,1,1,0.52,0.5,0.59,0.3284,16,190,206
12690,2012-06-17,2,1,6,22,0,0,0,1,0.6,0.6061,0.6,0.194,55,98,153
4828,2011-07-25,3,0,7,1,0,1,1,2,0.76,0.7424,0.75,0.0896,4,8,12
8379,2011-12-20,4,0,12,18,0,2,1,1,0.38,0.3939,0.66,0.194,26,385,411
808,2011-02-06,1,0,2,2,0,0,0,1,0.26,0.2273,0.6,0.3284,0,20,20
3908,2011-06-16,2,0,6,17,0,4,1,2,0.64,0.5909,0.78,0.1045,42,230,272
7024,2011-10-25,4,0,10,6,0,2,1,1,0.38,0.3939,0.82,0.1045,3,95,98
1957,2011-03-27,2,0,3,8,0,0,0,1,0.2,0.197,0.69,0.2239,6,8,14
10638,2012-03-24,2,1,3,8,0,6,0,2,0.5,0.4848,0.94,0.194,41,113,154
9344,2012-01-30,1,1,1,5,0,1,1,1,0.2,0.2121,0.51,0.1343,0,26,26
16246,2012-11-14,4,1,11,15,0,3,1,1,0.36,0.3333,0.43,0.2836,32,228,260
13974,2012-08-10,3,1,8,10,0,5,1,1,0.66,0.5909,0.89,0.1045,27,166,193
16551,2012-11-27,4,1,11,8,0,2,1,3,0.32,0.3182,0.81,0.1642,6,494,500
2403,2011-04-15,2,0,4,0,1,5,0,1,0.44,0.4394,0.67,0,6,21,27
13310,2012-07-13,3,1,7,18,0,5,1,1,0.78,0.697,0.46,0.194,108,523,631
1074,2011-02-17,1,0,2,11,0,4,1,2,0.44,0.4394,0.44,0.2537,19,71,90
6525,2011-10-04,4,0,10,10,0,2,1,1,0.48,0.4697,0.67,0.2836,19,107,126
15769,2012-10-24,4,1,10,5,0,3,1,1,0.5,0.4848,0.82,0,1,52,53
10284,2012-03-09,1,1,3,13,0,5,1,2,0.38,0.3939,0.29,0.3881,49,175,224
17374,2012-12-31,1,1,12,18,0,1,1,2,0.26,0.2727,0.48,0.1343,10,112,122
8096,2011-12-08,4,0,12,23,0,4,1,1,0.24,0.2576,0.7,0.1045,3,58,61
16154,2012-11-10,4,1,11,19,0,6,0,1,0.46,0.4545,0.51,0.0896,55,228,283
13796,2012-08-03,3,1,8,0,0,5,1,1,0.72,0.6818,0.7,0.194,15,56,71
15550,2012-10-15,4,1,10,2,0,1,1,2,0.58,0.5455,0.64,0.3582,1,5,6
10131,2012-03-03,1,1,3,4,0,6,0,2,0.36,0.3485,0.93,0.194,0,2,2
13840,2012-08-04,3,1,8,20,0,6,0,1,0.82,0.7727,0.52,0.2985,117,195,312
14851,2012-09-15,3,1,9,23,0,6,0,1,0.54,0.5152,0.6,0,47,182,229
15241,2012-10-02,4,1,10,5,0,2,1,2,0.56,0.5303,0.83,0.1343,1,42,43
1004,2011-02-14,1,0,2,11,0,1,1,1,0.52,0.5,0.23,0.2537,10,43,53
7659,2011-11-20,4,0,11,17,0,0,0,2,0.52,0.5,0.63,0.194,35,168,203
16620,2012-11-30,4,1,11,6,0,5,1,1,0.2,0.2576,0.86,0,2,104,106
7567,2011-11-16,4,0,11,21,0,3,1,3,0.44,0.4394,0.88,0.2836,3,72,75
12210,2012-05-28,2,1,5,22,1,1,0,1,0.74,0.697,0.7,0.1642,47,110,157
12218,2012-05-29,2,1,5,6,0,2,1,1,0.66,0.6061,0.78,0.2239,9,145,154
9678,2012-02-13,1,1,2,4,0,1,1,1,0.12,0.1667,0.54,0.0896,0,2,2
16746,2012-12-05,4,1,12,12,0,3,1,1,0.44,0.4394,0.41,0.2836,24,208,232
5369,2011-08-16,3,0,8,14,0,2,1,1,0.76,0.6818,0.45,0.4179,65,117,182
14970,2012-09-20,3,1,9,22,0,4,1,1,0.54,0.5152,0.73,0.1045,35,252,287
9604,2012-02-10,1,1,2,2,0,5,1,1,0.26,0.2879,0.52,0.0896,7,9,16
6290,2011-09-24,4,0,9,15,0,6,0,2,0.66,0.6212,0.74,0.1343,168,284,452
15412,2012-10-09,4,1,10,8,0,2,1,2,0.42,0.4242,0.8,0.194,15,698,713
16334,2012-11-18,4,1,11,7,0,0,0,1,0.28,0.2727,0.81,0.194,3,39,42
16369,2012-11-19,4,1,11,18,0,1,1,2,0.4,0.4091,0.58,0.2537,21,559,580
986,2011-02-13,1,0,2,17,0,0,0,1,0.42,0.4242,0.28,0.3284,30,95,125
11269,2012-04-19,2,1,4,17,0,4,1,1,0.6,0.6212,0.43,0.0896,85,663,748
13298,2012-07-13,3,1,7,6,0,5,1,2,0.7,0.6515,0.54,0,7,120,127
6170,2011-09-19,3,0,9,15,0,1,1,2,0.6,0.6061,0.6,0.2239,44,143,187
14177,2012-08-18,3,1,8,21,0,6,0,1,0.66,0.6212,0.61,0,90,248,338
7385,2011-11-09,4,0,11,7,0,3,1,1,0.3,0.3333,0.87,0,0,300,300
12855,2012-06-24,3,1,6,19,0,0,0,1,0.8,0.7121,0.38,0.2985,176,247,423
16646,2012-12-01,4,1,12,8,0,6,0,2,0.24,0.2424,0.87,0.1343,11,133,144
13984,2012-08-10,3,1,8,20,0,5,1,1,0.74,0.697,0.66,0.2985,55,315,370
10915,2012-04-04,2,1,4,22,0,3,1,1,0.56,0.5303,0.22,0.1642,30,151,181
16860,2012-12-10,4,1,12,6,0,1,1,2,0.38,0.3939,0.94,0.1642,2,121,123
9461,2012-02-04,1,1,2,2,0,6,0,1,0.24,0.2576,0.7,0.0896,6,38,44
2463,2011-04-17,2,0,4,12,0,0,0,1,0.46,0.4545,0.38,0.3881,167,187,354
13167,2012-07-07,3,1,7,19,0,6,0,1,0.92,0.8333,0.33,0.1343,68,219,287
269,2011-01-12,1,0,1,15,0,3,1,1,0.2,0.1667,0.47,0.4179,1,48,49
7963,2011-12-03,4,0,12,10,0,6,0,1,0.32,0.3333,0.61,0.1343,22,173,195
3581,2011-06-03,2,0,6,2,0,5,1,1,0.56,0.5303,0.43,0.2239,0,12,12
72,2011-01-04,1,0,1,2,0,2,1,1,0.14,0.1515,0.63,0.1343,0,1,1
16227,2012-11-13,4,1,11,20,0,2,1,1,0.3,0.2727,0.49,0.3582,12,211,223
15063,2012-09-24,4,1,9,19,0,1,1,1,0.52,0.5,0.39,0.1343,56,534,590
14266,2012-08-22,3,1,8,14,0,3,1,1,0.76,0.6818,0.45,0.1045,82,184,266
2822,2011-05-02,2,0,5,11,0,1,1,1,0.58,0.5455,0.73,0.2985,34,96,130
4525,2011-07-12,3,0,7,10,0,2,1,1,0.82,0.7727,0.52,0.1642,38,85,123
590,2011-01-27,1,0,1,18,0,4,1,1,0.2,0.2273,0.69,0.0896,3,101,104
12905,2012-06-26,3,1,6,21,0,2,1,1,0.68,0.6364,0.34,0.194,61,267,328
12154,2012-05-26,2,1,5,14,0,6,0,1,0.76,0.7273,0.66,0.2239,307,257,564
16880,2012-12-11,4,1,12,2,0,2,1,2,0.4,0.4091,0.66,0.3284,0,1,1
10842,2012-04-01,2,1,4,20,0,0,0,2,0.5,0.4848,0.59,0.2239,66,166,232
14813,2012-09-14,3,1,9,9,0,5,1,2,0.62,0.5909,0.78,0.1642,46,301,347
14386,2012-08-27,3,1,8,14,0,1,1,1,0.8,0.7424,0.49,0.0896,66,180,246
14375,2012-08-27,3,1,8,3,0,1,1,1,0.62,0.5606,0.88,0.0896,1,3,4
3759,2011-06-10,2,0,6,12,0,5,1,1,0.84,0.7576,0.44,0.1343,40,167,207
6846,2011-10-17,4,0,10,19,0,1,1,1,0.54,0.5152,0.68,0.1045,45,288,333
2029,2011-03-30,2,0,3,9,0,3,1,2,0.32,0.303,0.45,0.2239,7,147,154
10851,2012-04-02,2,1,4,6,0,1,1,1,0.36,0.3182,0.71,0.4627,6,104,110
8870,2012-01-10,1,1,1,10,0,2,1,2,0.18,0.197,0.93,0.1642,3,80,83
13952,2012-08-09,3,1,8,12,0,4,1,1,0.84,0.7576,0.44,0.1045,85,192,277
15165,2012-09-29,4,1,9,1,0,6,0,1,0.54,0.5152,0.6,0.2239,12,89,101
5455,2011-08-20,3,0,8,4,0,6,0,2,0.6,0.5455,0.88,0,1,6,7
15625,2012-10-18,4,1,10,5,0,4,1,1,0.44,0.4394,0.82,0.2239,1,41,42
14430,2012-08-29,3,1,8,10,0,3,1,1,0.72,0.6667,0.48,0.1642,34,144,178
12105,2012-05-24,2,1,5,13,0,4,1,1,0.72,0.6667,0.54,0.1642,69,233,302
11455,2012-04-27,2,1,4,11,0,5,1,1,0.44,0.4394,0.38,0.3284,47,186,233
16921,2012-12-12,4,1,12,19,0,3,1,2,0.3,0.2879,0.56,0.2239,18,384,402
2433,2011-04-16,2,0,4,6,0,6,0,3,0.4,0.4091,0.82,0.3284,1,9,10
13484,2012-07-21,3,1,7,0,0,6,0,3,0.62,0.5758,0.83,0.2836,11,92,103
16359,2012-11-19,4,1,11,8,0,1,1,2,0.36,0.3333,0.66,0.2985,13,650,663
4648,2011-07-17,3,0,7,13,0,0,0,1,0.8,0.7424,0.49,0.2985,200,272,472
8470,2011-12-24,1,0,12,13,0,6,0,1,0.34,0.303,0.39,0.2985,24,97,121
11911,2012-05-16,2,1,5,11,0,3,1,1,0.7,0.6515,0.54,0.1343,55,212,267
897,2011-02-09,1,0,2,20,0,3,1,3,0.14,0.1515,0.86,0.1642,0,84,84
9804,2012-02-18,1,1,2,10,0,6,0,1,0.26,0.2727,0.81,0.1045,48,157,205
15259,2012-10-02,4,1,10,23,0,2,1,2,0.62,0.5455,0.94,0,11,87,98
1588,2011-03-11,1,0,3,15,0,5,1,2,0.34,0.3182,0.53,0.2537,21,64,85
6687,2011-10-11,4,0,10,4,0,2,1,2,0.52,0.5,0.88,0.1343,0,5,5
1720,2011-03-17,1,0,3,7,0,4,1,1,0.32,0.3333,0.76,0.1343,12,128,140
6101,2011-09-16,3,0,9,18,0,5,1,2,0.52,0.5,0.52,0.1642,55,427,482
3807,2011-06-12,2,0,6,12,0,0,0,1,0.82,0.7576,0.46,0,176,244,420
8807,2012-01-07,1,1,1,18,0,6,0,1,0.54,0.5152,0.45,0.1343,49,248,297
14217,2012-08-20,3,1,8,13,0,1,1,1,0.7,0.6515,0.58,0.1343,97,194,291
3962,2011-06-18,2,0,6,23,0,6,0,2,0.72,0.6818,0.62,0,53,97,150
12336,2012-06-03,2,1,6,4,0,0,0,1,0.5,0.4848,0.72,0.0896,1,12,13
7037,2011-10-25,4,0,10,19,0,2,1,1,0.48,0.4697,0.67,0.194,44,294,338
15690,2012-10-20,4,1,10,22,0,6,0,1,0.44,0.4394,0.51,0.1045,47,155,202
891,2011-02-09,1,0,2,14,0,3,1,1,0.2,0.1818,0.34,0.2985,2,56,58
11846,2012-05-13,2,1,5,18,0,0,0,2,0.68,0.6364,0.44,0.3582,129,260,389
16532,2012-11-26,4,1,11,13,0,1,1,1,0.42,0.4242,0.35,0.1045,20,197,217
4007,2011-06-20,2,0,6,20,0,1,1,1,0.66,0.6212,0.69,0.2239,52,264,316
4940,2011-07-29,3,0,7,17,0,5,1,1,0.96,0.8636,0.3,0.2985,47,374,421
14681,2012-09-08,3,1,9,21,0,6,0,2,0.6,0.5606,0.83,0.1642,26,155,181
11968,2012-05-18,2,1,5,20,0,5,1,1,0.62,0.6212,0.41,0.1642,73,264,337
5899,2011-09-08,3,0,9,7,0,4,1,3,0.62,0.5455,0.94,0.1045,7,172,179
13934,2012-08-08,3,1,8,18,0,3,1,2,0.78,0.7273,0.55,0.1642,117,745,862
14799,2012-09-13,3,1,9,19,0,4,1,1,0.64,0.6061,0.65,0.1343,80,594,674
13973,2012-08-10,3,1,8,9,0,5,1,2,0.64,0.5758,0.89,0,21,199,220
10992,2012-04-08,2,1,4,3,0,0,0,1,0.42,0.4242,0.26,0.1343,8,18,26
585,2011-01-26,1,0,1,15,0,3,1,3,0.22,0.1818,0.93,0.4627,1,42,43
11461,2012-04-27,2,1,4,17,0,5,1,1,0.54,0.5152,0.24,0.3881,89,613,702
3933,2011-06-17,2,0,6,18,0,5,1,3,0.76,0.6818,0.4,0.194,62,388,450
1261,2011-02-25,1,0,2,16,0,5,1,1,0.32,0.2879,0.49,0.4627,11,91,102
12888,2012-06-26,3,1,6,4,0,2,1,1,0.54,0.5152,0.45,0.2985,1,9,10
311,2011-01-14,1,0,1,10,0,5,1,1,0.18,0.1818,0.55,0.194,4,40,44
1717,2011-03-17,1,0,3,4,0,4,1,1,0.34,0.3333,0.71,0.194,0,3,3
11501,2012-04-29,2,1,4,9,0,0,0,1,0.4,0.4091,0.71,0.1343,52,133,185
6010,2011-09-12,3,0,9,23,0,1,1,1,0.62,0.5758,0.83,0.1045,7,62,69
2053,2011-03-31,2,0,3,9,0,4,1,3,0.26,0.2424,0.93,0.2537,6,126,132
12832,2012-06-23,3,1,6,20,0,6,0,1,0.78,0.6818,0.31,0.194,158,228,386
4669,2011-07-18,3,0,7,10,0,1,1,1,0.76,0.7121,0.62,0.194,52,78,130
4299,2011-07-03,3,0,7,0,0,0,0,1,0.7,0.6515,0.58,0.2239,47,97,144
6647,2011-10-09,4,0,10,12,0,0,0,1,0.64,0.6212,0.44,0.0896,212,243,455
3784,2011-06-11,2,0,6,13,0,6,0,1,0.8,0.7576,0.55,0.194,150,237,387
1009,2011-02-14,1,0,2,16,0,1,1,1,0.52,0.5,0.27,0.4627,16,102,118
7348,2011-11-07,4,0,11,18,0,1,1,1,0.46,0.4545,0.59,0.1045,18,407,425
15468,2012-10-11,4,1,10,16,0,4,1,1,0.5,0.4848,0.36,0.1343,68,413,481
10378,2012-03-13,1,1,3,12,0,2,1,1,0.6,0.6061,0.6,0.2836,47,197,244
7410,2011-11-10,4,0,11,8,0,4,1,2,0.4,0.4091,0.94,0.0896,18,418,436
14038,2012-08-13,3,1,8,2,0,1,1,1,0.64,0.6061,0.69,0.1045,1,8,9
8384,2011-12-20,4,0,12,23,0,2,1,2,0.38,0.3939,0.62,0,13,40,53
9879,2012-02-21,1,1,2,15,0,2,1,1,0.34,0.303,0.49,0.4179,23,137,160
17128,2012-12-21,1,1,12,10,0,5,1,1,0.32,0.2879,0.42,0.4627,8,146,154
4060,2011-06-23,3,0,6,1,0,4,1,1,0.72,0.697,0.74,0.2239,5,26,31
8722,2012-01-04,1,1,1,5,0,3,1,1,0.02,0.0455,0.41,0.194,0,14,14
91,2011-01-04,1,0,1,22,0,2,1,1,0.22,0.2576,0.64,0.0896,1,34,35
1988,2011-03-28,2,0,3,16,0,1,1,1,0.34,0.3182,0.23,0.2239,15,117,132
13426,2012-07-18,3,1,7,14,0,3,1,1,0.94,0.8788,0.38,0.3284,54,116,170
16133,2012-11-09,4,1,11,22,0,5,1,1,0.34,0.3485,0.71,0.1045,17,146,163
14483,2012-08-31,3,1,8,15,0,5,1,1,0.9,0.7879,0.27,0.2985,109,417,526
7280,2011-11-04,4,0,11,22,0,5,1,1,0.34,0.303,0.46,0.3284,6,109,115
14885,2012-09-17,3,1,9,9,0,1,1,1,0.58,0.5455,0.68,0.1343,34,265,299
10310,2012-03-10,1,1,3,15,0,6,0,1,0.34,0.3636,0.25,0,132,274,406
11130,2012-04-13,2,1,4,22,0,5,1,1,0.44,0.4394,0.62,0.1045,34,181,215
17053,2012-12-18,4,1,12,7,0,2,1,1,0.36,0.3485,0.93,0.1343,4,351,355
16097,2012-11-08,4,1,11,10,0,4,1,1,0.32,0.303,0.31,0.3284,13,148,161
7193,2011-11-01,4,0,11,7,0,2,1,1,0.34,0.3333,0.76,0.194,8,246,254
9518,2012-02-06,1,1,2,12,0,1,1,1,0.32,0.3182,0.61,0.1642,19,131,150
16095,2012-11-08,4,1,11,8,0,4,1,1,0.3,0.2879,0.33,0.2836,16,652,668
15956,2012-11-02,4,1,11,12,0,5,1,1,0.42,0.4242,0.41,0.3582,52,240,292
2926,2011-05-06,2,0,5,19,0,5,1,3,0.54,0.5152,0.52,0.3582,39,253,292
12297,2012-06-01,2,1,6,13,0,5,1,1,0.72,0.6818,0.7,0.2985,76,240,316
8186,2011-12-12,4,0,12,17,0,1,1,2,0.3,0.3333,0.56,0,7,352,359
11407,2012-04-25,2,1,4,11,0,3,1,1,0.52,0.5,0.32,0.1343,42,177,219
5885,2011-09-07,3,0,9,16,0,3,1,1,0.64,0.5758,0.89,0,7,137,144
2342,2011-04-12,2,0,4,11,0,2,1,1,0.52,0.5,0.77,0.3582,11,38,49
14035,2012-08-12,3,1,8,23,0,0,0,1,0.68,0.6364,0.61,0,25,85,110
13148,2012-07-07,3,1,7,0,0,6,0,1,0.78,0.7576,0.66,0.1343,35,115,150
628,2011-01-29,1,0,1,10,0,6,0,2,0.18,0.2121,0.64,0.1045,4,51,55
12403,2012-06-05,2,1,6,23,0,2,1,1,0.54,0.5152,0.56,0.0896,20,93,113
7546,2011-11-16,4,0,11,0,0,3,1,2,0.46,0.4545,0.94,0,5,26,31
15626,2012-10-18,4,1,10,6,0,4,1,1,0.44,0.4394,0.88,0.2985,3,150,153
4766,2011-07-22,3,0,7,11,0,5,1,1,0.9,0.8939,0.5,0.1045,23,86,109
15102,2012-09-26,4,1,9,10,0,3,1,1,0.6,0.5909,0.73,0.2836,29,156,185
3673,2011-06-06,2,0,6,22,0,1,1,1,0.66,0.6212,0.61,0.0896,36,137,173
15650,2012-10-19,4,1,10,6,0,5,1,3,0.54,0.5152,0.94,0.1642,5,126,131
129,2011-01-06,1,0,1,14,0,4,1,1,0.28,0.2727,0.36,0.1642,11,59,70
14805,2012-09-14,3,1,9,1,0,5,1,1,0.56,0.5303,0.73,0.0896,6,35,41
12833,2012-06-23,3,1,6,21,0,6,0,1,0.76,0.6667,0.33,0.1343,99,223,322
16084,2012-11-07,4,1,11,20,0,3,1,2,0.32,0.303,0.49,0.3284,7,249,256
4183,2011-06-28,3,0,6,4,0,2,1,1,0.66,0.6212,0.74,0,1,7,8
7300,2011-11-05,4,0,11,18,0,6,0,1,0.36,0.3636,0.5,0.0896,52,185,237
6996,2011-10-24,4,0,10,2,0,1,1,1,0.4,0.4091,0.87,0.1045,1,6,7
2399,2011-04-14,2,0,4,20,0,4,1,1,0.5,0.4848,0.51,0.194,22,147,169
6306,2011-09-25,4,0,9,7,0,0,0,2,0.6,0.5152,0.94,0.1343,15,23,38
1187,2011-02-22,1,0,2,11,0,2,1,1,0.16,0.2273,0.64,0,7,43,50
12966,2012-06-29,3,1,6,10,0,5,1,1,0.9,0.8333,0.39,0.2985,32,139,171
10704,2012-03-27,2,1,3,2,0,2,1,1,0.26,0.2273,0.3,0.2985,1,6,7
3355,2011-05-24,2,0,5,16,0,2,1,1,0.66,0.6212,0.69,0.194,52,225,277
15681,2012-10-20,4,1,10,13,0,6,0,1,0.56,0.5303,0.43,0.1642,273,441,714
5315,2011-08-14,3,0,8,8,0,0,0,2,0.66,0.5909,0.89,0.2836,20,21,41
9221,2012-01-25,1,1,1,2,0,3,1,1,0.28,0.2727,0.7,0.194,3,3,6
4248,2011-06-30,3,0,6,21,0,4,1,1,0.72,0.6515,0.37,0.1045,81,242,323
17007,2012-12-16,4,1,12,9,0,0,0,2,0.36,0.3485,0.87,0.1343,19,113,132
11274,2012-04-19,2,1,4,22,0,4,1,1,0.52,0.5,0.59,0.194,29,219,248
9108,2012-01-20,1,1,1,9,0,5,1,1,0.22,0.197,0.47,0.3881,21,242,263
9498,2012-02-05,1,1,2,15,0,0,0,2,0.3,0.2879,0.56,0.2537,55,217,272
1097,2011-02-18,1,0,2,10,0,5,1,2,0.44,0.4394,0.72,0.2239,17,78,95
11242,2012-04-18,2,1,4,14,0,3,1,3,0.44,0.4394,0.72,0.1045,8,43,51
6654,2011-10-09,4,0,10,19,0,0,0,1,0.56,0.5303,0.73,0.0896,116,186,302
11160,2012-04-15,2,1,4,4,0,0,0,2,0.54,0.5152,0.52,0,2,10,12
1274,2011-02-26,1,0,2,5,0,6,0,2,0.22,0.2424,0.64,0.1045,1,9,10
5699,2011-08-30,3,0,8,21,0,2,1,1,0.64,0.6061,0.65,0.0896,43,180,223
15644,2012-10-19,4,1,10,0,0,5,1,2,0.56,0.5303,0.83,0.1045,5,51,56
8729,2012-01-04,1,1,1,12,0,3,1,2,0.1,0.1061,0.46,0.194,9,75,84
10989,2012-04-08,2,1,4,0,0,0,0,1,0.44,0.4394,0.24,0.2239,21,64,85
6798,2011-10-15,4,0,10,19,0,6,0,1,0.5,0.4848,0.51,0.1343,61,177,238
9591,2012-02-09,1,1,2,13,0,4,1,1,0.3,0.2727,0.42,0.3284,10,144,154
6616,2011-10-08,4,0,10,5,0,6,0,1,0.42,0.4242,0.88,0.1045,1,7,8
3359,2011-05-24,2,0,5,20,0,2,1,1,0.66,0.6212,0.74,0.0896,39,241,280
7756,2011-11-24,4,0,11,18,1,4,0,1,0.42,0.4242,0.5,0.0896,13,24,37
184,2011-01-08,1,0,1,22,0,6,0,1,0.12,0.1061,0.36,0.3881,1,33,34
14801,2012-09-13,3,1,9,21,0,4,1,1,0.62,0.6061,0.65,0.1045,26,291,317
14653,2012-09-07,3,1,9,17,0,5,1,1,0.78,0.7424,0.59,0.3284,88,684,772
13988,2012-08-11,3,1,8,0,0,6,0,1,0.7,0.6515,0.7,0.2836,38,142,180
6514,2011-10-03,4,0,10,23,0,1,1,2,0.4,0.4091,0.82,0.1045,11,43,54
4568,2011-07-14,3,0,7,5,0,4,1,1,0.6,0.6212,0.56,0.2239,6,22,28
6604,2011-10-07,4,0,10,17,0,5,1,1,0.6,0.6212,0.56,0.2537,101,462,563
10687,2012-03-26,2,1,3,9,0,1,1,1,0.46,0.4545,0.47,0.2836,37,245,282
10849,2012-04-02,2,1,4,4,0,1,1,1,0.4,0.4091,0.76,0.4925,2,2,4
15384,2012-10-08,4,1,10,4,1,1,0,1,0.32,0.3333,0.87,0.1343,1,6,7
1962,2011-03-27,2,0,3,13,0,0,0,1,0.3,0.2879,0.39,0.2239,47,100,147
4993,2011-07-31,3,0,7,22,0,0,0,1,0.74,0.697,0.7,0.2985,25,71,96
4892,2011-07-27,3,0,7,17,0,3,1,1,0.84,0.7121,0.26,0.2239,81,491,572
8040,2011-12-06,4,0,12,15,0,2,1,3,0.5,0.4848,1,0.194,2,43,45
5870,2011-09-07,3,0,9,1,0,3,1,3,0.54,0.5152,0.94,0.2537,2,3,5
9571,2012-02-08,1,1,2,17,0,3,1,3,0.24,0.2576,0.87,0.1045,8,147,155
5306,2011-08-13,3,0,8,23,0,6,0,2,0.66,0.6061,0.83,0.3284,25,95,120
6227,2011-09-22,3,0,9,0,0,4,1,1,0.6,0.5152,0.94,0.1045,11,30,41
13927,2012-08-08,3,1,8,11,0,3,1,2,0.8,0.7424,0.52,0,80,159,239
10940,2012-04-05,2,1,4,23,0,4,1,1,0.4,0.4091,0.5,0.1343,12,124,136
13097,2012-07-04,3,1,7,21,1,3,0,1,0.84,0.803,0.53,0.1343,222,362,584
1252,2011-02-25,1,0,2,7,0,5,1,3,0.34,0.3333,1,0.1343,1,34,35
3177,2011-05-17,2,0,5,6,0,2,1,3,0.52,0.5,0.94,0.2537,0,49,49
3360,2011-05-24,2,0,5,21,0,2,1,1,0.64,0.5909,0.78,0.0896,21,168,189
12919,2012-06-27,3,1,6,11,0,3,1,1,0.74,0.6515,0.3,0.3284,64,145,209
11861,2012-05-14,2,1,5,9,0,1,1,3,0.54,0.5152,0.88,0.2836,5,105,110
14336,2012-08-25,3,1,8,12,0,6,0,3,0.72,0.6667,0.54,0.3881,217,367,584
6321,2011-09-25,4,0,9,22,0,0,0,1,0.62,0.5606,0.88,0.0896,20,84,104
11482,2012-04-28,2,1,4,14,0,6,0,1,0.42,0.4242,0.38,0.1045,147,293,440
7412,2011-11-10,4,0,11,10,0,4,1,2,0.44,0.4394,0.88,0.2239,17,100,117
7539,2011-11-15,4,0,11,17,0,2,1,2,0.5,0.4848,0.72,0.194,29,422,451
14602,2012-09-05,3,1,9,14,0,3,1,1,0.82,0.7879,0.56,0.1045,34,177,211
12585,2012-06-13,2,1,6,13,0,3,1,2,0.7,0.6364,0.45,0.3881,52,203,255
1052,2011-02-16,1,0,2,13,0,3,1,1,0.42,0.4242,0.3,0.3582,13,80,93
13025,2012-07-01,3,1,7,21,0,0,0,1,0.84,0.7424,0.39,0.1343,77,181,258
9222,2012-01-25,1,1,1,3,0,3,1,1,0.26,0.2576,0.75,0.194,0,1,1
8465,2011-12-24,1,0,12,8,0,6,0,1,0.28,0.2727,0.7,0.194,0,27,27
10235,2012-03-07,1,1,3,12,0,3,1,1,0.44,0.4394,0.38,0.3881,40,175,215
4764,2011-07-22,3,0,7,9,0,5,1,1,0.86,0.8939,0.63,0.0896,31,177,208
9063,2012-01-18,1,1,1,12,0,3,1,1,0.3,0.2576,0.39,0.4925,6,155,161
1875,2011-03-23,2,0,3,21,0,3,1,3,0.32,0.2879,1,0.4179,0,22,22
9279,2012-01-27,1,1,1,12,0,5,1,2,0.5,0.4848,0.88,0.1642,25,155,180
13487,2012-07-21,3,1,7,3,0,6,0,3,0.6,0.5455,0.88,0.2537,7,18,25
7283,2011-11-05,4,0,11,1,0,6,0,1,0.32,0.303,0.45,0.2985,5,57,62
11413,2012-04-25,2,1,4,17,0,3,1,1,0.6,0.5909,0.2,0.2985,68,664,732
9009,2012-01-16,1,1,1,5,1,1,0,1,0.12,0.1667,0.54,0.0896,1,5,6
15161,2012-09-28,4,1,9,21,0,5,1,3,0.6,0.6212,0.53,0.194,32,205,237
14260,2012-08-22,3,1,8,8,0,3,1,1,0.64,0.6061,0.73,0.0896,37,703,740
4323,2011-07-04,3,0,7,0,1,1,0,1,0.64,0.5758,0.83,0.1343,63,77,140
16766,2012-12-06,4,1,12,8,0,4,1,1,0.22,0.2121,0.51,0.2985,13,646,659
9449,2012-02-03,1,1,2,14,0,5,1,1,0.36,0.3485,0.46,0.2239,22,148,170
5832,2011-09-05,3,0,9,10,1,1,0,2,0.7,0.6515,0.7,0.1642,107,137,244
15040,2012-09-23,4,1,9,20,0,0,0,1,0.52,0.5,0.42,0.1642,60,192,252
12445,2012-06-07,2,1,6,17,0,4,1,1,0.72,0.6515,0.34,0.2537,91,778,869
13417,2012-07-18,3,1,7,5,0,3,1,1,0.72,0.6818,0.7,0.1642,5,41,46
16259,2012-11-15,4,1,11,4,0,4,1,2,0.28,0.2879,0.65,0.1343,0,5,5
14416,2012-08-28,3,1,8,20,0,2,1,1,0.72,0.6667,0.48,0.1045,87,348,435
4486,2011-07-10,3,0,7,19,0,0,0,1,0.8,0.7424,0.49,0.3284,120,183,303
13784,2012-08-02,3,1,8,12,0,4,1,1,0.84,0.7576,0.44,0.1343,56,230,286
11671,2012-05-06,2,1,5,11,0,0,0,1,0.56,0.5303,0.73,0.1045,144,270,414
8616,2011-12-30,1,0,12,18,0,5,1,1,0.36,0.3485,0.62,0.1343,19,163,182
3925,2011-06-17,2,0,6,10,0,5,1,1,0.7,0.6515,0.58,0.194,44,126,170
9941,2012-02-24,1,1,2,5,0,5,1,2,0.4,0.4091,0.87,0.194,1,25,26
17050,2012-12-18,4,1,12,4,0,2,1,1,0.42,0.4242,0.82,0.1642,3,5,8
16156,2012-11-10,4,1,11,21,0,6,0,1,0.4,0.4091,0.66,0,51,169,220
12381,2012-06-05,2,1,6,1,0,2,1,2,0.52,0.5,0.77,0.3284,2,18,20
11785,2012-05-11,2,1,5,5,0,5,1,1,0.42,0.4242,0.47,0.1642,3,23,26
13991,2012-08-11,3,1,8,3,0,6,0,3,0.62,0.5758,0.83,0.1642,2,19,21
7851,2011-11-28,4,0,11,18,0,1,1,1,0.56,0.5303,0.64,0.2239,20,396,416
10855,2012-04-02,2,1,4,10,0,1,1,1,0.4,0.4091,0.5,0.5224,85,119,204
14978,2012-09-21,3,1,9,6,0,5,1,1,0.5,0.4848,0.77,0.0896,19,146,165
3114,2011-05-14,2,0,5,15,0,6,0,2,0.54,0.5152,0.94,0.1642,73,221,294
3304,2011-05-22,2,0,5,13,0,0,0,2,0.66,0.6212,0.54,0.2239,180,275,455
9537,2012-02-07,1,1,2,7,0,2,1,1,0.32,0.3485,0.45,0,6,293,299
1691,2011-03-16,1,0,3,1,0,3,1,3,0.3,0.2727,1,0.2985,1,2,3
15435,2012-10-10,4,1,10,7,0,3,1,1,0.46,0.4545,0.82,0.1045,9,498,507
11144,2012-04-14,2,1,4,12,0,6,0,1,0.58,0.5455,0.35,0.2537,274,404,678
5049,2011-08-03,3,0,8,6,0,3,1,3,0.72,0.6818,0.66,0.4925,9,101,110
12444,2012-06-07,2,1,6,16,0,4,1,1,0.72,0.6515,0.34,0.2239,77,389,466
3309,2011-05-22,2,0,5,18,0,0,0,1,0.66,0.6212,0.61,0.2239,120,238,358
1505,2011-03-08,1,0,3,1,0,2,1,1,0.24,0.2424,0.52,0.1343,0,4,4
1807,2011-03-20,1,0,3,23,0,0,0,3,0.34,0.303,0.61,0.3881,13,11,24
3872,2011-06-15,2,0,6,5,0,3,1,1,0.48,0.4697,0.67,0.2836,1,20,21
12891,2012-06-26,3,1,6,7,0,2,1,1,0.52,0.5,0.52,0.3582,21,531,552
3792,2011-06-11,2,0,6,21,0,6,0,1,0.66,0.6212,0.74,0.2239,76,144,220
2787,2011-05-01,2,0,5,0,0,0,0,1,0.42,0.4242,0.67,0.0896,19,77,96
14326,2012-08-25,3,1,8,2,0,6,0,2,0.66,0.6212,0.74,0.0896,18,61,79
12857,2012-06-24,3,1,6,21,0,0,0,1,0.76,0.697,0.55,0.2239,76,177,253
1718,2011-03-17,1,0,3,5,0,4,1,1,0.32,0.3333,0.76,0.1045,0,13,13
2697,2011-04-27,2,0,4,6,0,3,1,1,0.56,0.5303,0.94,0.2537,5,79,84
1849,2011-03-22,2,0,3,18,0,2,1,1,0.48,0.4697,0.44,0.0896,41,271,312
4513,2011-07-11,3,0,7,22,0,1,1,1,0.72,0.697,0.74,0.1343,20,70,90
13752,2012-08-01,3,1,8,4,0,3,1,2,0.64,0.5909,0.78,0.1343,1,3,4
10624,2012-03-23,2,1,3,18,0,5,1,1,0.7,0.6364,0.45,0.1642,237,593,830
6623,2011-10-08,4,0,10,12,0,6,0,1,0.62,0.6212,0.35,0,191,255,446
3436,2011-05-28,2,0,5,1,0,6,0,1,0.58,0.5455,0.88,0.194,8,47,55
12515,2012-06-10,2,1,6,15,0,0,0,1,0.84,0.7273,0.3,0.2239,159,316,475
143,2011-01-07,1,0,1,5,0,5,1,3,0.22,0.2727,0.55,0,0,5,5
12949,2012-06-28,3,1,6,17,0,4,1,1,0.88,0.7424,0.22,0.194,71,634,705
11176,2012-04-15,2,1,4,20,0,0,0,1,0.64,0.6212,0.5,0.2239,86,205,291
6993,2011-10-23,4,0,10,23,0,0,0,1,0.42,0.4242,0.77,0.1642,18,31,49
12461,2012-06-08,2,1,6,9,0,5,1,1,0.62,0.6212,0.53,0.1642,47,335,382
12163,2012-05-26,2,1,5,23,0,6,0,1,0.7,0.6667,0.74,0.2537,36,114,150
11602,2012-05-03,2,1,5,14,0,4,1,1,0.64,0.6061,0.65,0.194,33,171,204
1118,2011-02-19,1,0,2,7,0,6,0,1,0.38,0.3939,0.17,0.5224,6,16,22
1757,2011-03-18,1,0,3,21,0,5,1,1,0.62,0.6212,0.46,0.1045,22,91,113
498,2011-01-22,1,0,1,19,0,6,0,1,0.08,0.1061,0.35,0.1343,6,53,59
6752,2011-10-13,4,0,10,21,0,4,1,1,0.62,0.5758,0.83,0.194,8,115,123
871,2011-02-08,1,0,2,17,0,2,1,1,0.22,0.1818,0.32,0.5821,4,172,176
3358,2011-05-24,2,0,5,19,0,2,1,1,0.66,0.6212,0.74,0.194,45,310,355
9105,2012-01-20,1,1,1,6,0,5,1,1,0.24,0.2121,0.6,0.2836,0,68,68
7679,2011-11-21,4,0,11,13,0,1,1,2,0.5,0.4848,0.77,0.1343,13,121,134
722,2011-02-02,1,0,2,10,0,3,1,2,0.22,0.2727,1,0,2,59,61
10998,2012-04-08,2,1,4,9,0,0,0,1,0.44,0.4394,0.26,0.2239,71,108,179
11266,2012-04-19,2,1,4,14,0,4,1,1,0.58,0.5455,0.43,0,54,183,237
887,2011-02-09,1,0,2,10,0,3,1,1,0.14,0.1818,0.36,0,8,51,59
17046,2012-12-18,4,1,12,0,0,2,1,2,0.44,0.4394,0.94,0.1343,0,18,18
13864,2012-08-05,3,1,8,20,0,0,0,1,0.7,0.6667,0.84,0.1045,53,140,193
15405,2012-10-09,4,1,10,1,0,2,1,3,0.36,0.3485,0.87,0.2239,0,13,13
8348,2011-12-19,4,0,12,11,0,1,1,1,0.26,0.2424,0.65,0.2537,22,105,127
9713,2012-02-14,1,1,2,15,0,2,1,2,0.42,0.4242,0.38,0.4478,7,138,145
8103,2011-12-09,4,0,12,6,0,5,1,1,0.22,0.2576,0.8,0.0896,1,62,63
16128,2012-11-09,4,1,11,17,0,5,1,1,0.42,0.4242,0.44,0.1343,61,593,654
10939,2012-04-05,2,1,4,22,0,4,1,1,0.4,0.4091,0.47,0.194,20,129,149
12610,2012-06-14,2,1,6,14,0,4,1,1,0.7,0.6515,0.54,0.2836,84,214,298
12705,2012-06-18,2,1,6,13,0,1,1,2,0.58,0.5455,0.73,0.1343,51,174,225
315,2011-01-14,1,0,1,14,0,5,1,1,0.22,0.2121,0.41,0.2836,5,59,64
15492,2012-10-12,4,1,10,16,0,5,1,1,0.46,0.4545,0.41,0.3582,108,412,520
16472,2012-11-24,4,1,11,1,0,6,0,1,0.34,0.2879,0.42,0.4925,1,19,20
13828,2012-08-04,3,1,8,8,0,6,0,1,0.74,0.7273,0.72,0.194,49,132,181
4205,2011-06-29,3,0,6,2,0,3,1,1,0.66,0.6061,0.83,0.2239,7,9,16
5851,2011-09-06,3,0,9,6,0,2,1,2,0.54,0.5152,0.88,0.3284,0,72,72
6130,2011-09-17,3,0,9,23,0,6,0,1,0.46,0.4545,0.82,0.1642,36,100,136
5448,2011-08-19,3,0,8,21,0,5,1,1,0.62,0.5758,0.83,0.1343,18,89,107
3130,2011-05-15,2,0,5,7,0,0,0,2,0.52,0.5,1,0.1343,4,38,42
1997,2011-03-29,2,0,3,1,0,2,1,1,0.24,0.2121,0.32,0.2985,0,4,4
13734,2012-07-31,3,1,7,10,0,2,1,1,0.72,0.6818,0.66,0,73,154,227
3969,2011-06-19,2,0,6,6,0,0,0,2,0.66,0.6061,0.78,0.1642,11,22,33
15483,2012-10-12,4,1,10,7,0,5,1,1,0.36,0.3636,0.81,0.0896,8,384,392
10166,2012-03-04,1,1,3,15,0,0,0,1,0.36,0.3182,0.32,0.5224,82,252,334
337,2011-01-15,1,0,1,12,0,6,0,1,0.24,0.2273,0.48,0.2239,15,74,89
10957,2012-04-06,2,1,4,16,0,5,1,1,0.5,0.4848,0.22,0.4179,184,352,536
14648,2012-09-07,3,1,9,12,0,5,1,1,0.78,0.7424,0.59,0.1642,76,247,323
15527,2012-10-14,4,1,10,3,0,0,0,1,0.42,0.4242,0.77,0.2985,3,25,28
12802,2012-06-22,3,1,6,14,0,5,1,1,0.88,0.803,0.39,0.2239,65,198,263
2986,2011-05-09,2,0,5,7,0,1,1,1,0.48,0.4697,0.63,0.2537,16,221,237
12584,2012-06-13,2,1,6,12,0,3,1,2,0.68,0.6364,0.44,0.4179,93,241,334
4621,2011-07-16,3,0,7,10,0,6,0,1,0.72,0.6667,0.54,0.194,114,208,322
6532,2011-10-04,4,0,10,17,0,2,1,1,0.56,0.5303,0.6,0.3881,55,530,585
11670,2012-05-06,2,1,5,10,0,0,0,2,0.54,0.5152,0.77,0.1045,112,221,333
12135,2012-05-25,2,1,5,19,0,5,1,1,0.74,0.6818,0.62,0.2537,111,293,404
3559,2011-06-02,2,0,6,4,0,4,1,1,0.66,0.6212,0.41,0.194,0,3,3
11002,2012-04-08,2,1,4,13,0,0,0,1,0.58,0.5455,0.23,0.1642,229,254,483
4821,2011-07-24,3,0,7,18,0,0,0,1,0.88,0.8182,0.42,0.1642,67,176,243
13577,2012-07-24,3,1,7,21,0,2,1,1,0.74,0.697,0.66,0.2239,53,325,378
3417,2011-05-27,2,0,5,6,0,5,1,1,0.64,0.6061,0.69,0.0896,8,73,81
308,2011-01-14,1,0,1,7,0,5,1,1,0.1,0.1212,0.74,0.1642,0,70,70
7870,2011-11-29,4,0,11,13,0,2,1,3,0.42,0.4242,0.77,0.2836,0,22,22
14056,2012-08-13,3,1,8,20,0,1,1,1,0.74,0.6818,0.62,0.2239,58,374,432
349,2011-01-16,1,0,1,0,0,0,0,1,0.26,0.303,0.56,0,6,33,39
5919,2011-09-09,3,0,9,3,0,5,1,2,0.62,0.5455,0.94,0.2537,1,1,2
16301,2012-11-16,4,1,11,22,0,5,1,1,0.32,0.303,0.53,0.2537,23,139,162
7244,2011-11-03,4,0,11,10,0,4,1,2,0.4,0.4091,0.76,0.194,12,98,110
16964,2012-12-14,4,1,12,14,0,5,1,1,0.4,0.4091,0.43,0.194,48,251,299
4483,2011-07-10,3,0,7,16,0,0,0,1,0.84,0.7576,0.41,0.2836,128,244,372
11146,2012-04-14,2,1,4,14,0,6,0,2,0.64,0.6212,0.27,0.4478,288,372,660
15973,2012-11-03,4,1,11,5,0,6,0,2,0.32,0.303,0.49,0.2537,1,8,9
9422,2012-02-02,1,1,2,11,0,4,1,3,0.4,0.4091,0.82,0.2537,6,99,105
10246,2012-03-07,1,1,3,23,0,3,1,1,0.44,0.4394,0.62,0.3284,4,58,62
8264,2011-12-15,4,0,12,23,0,4,1,1,0.52,0.5,0.63,0.3284,10,104,114
12434,2012-06-07,2,1,6,6,0,4,1,1,0.46,0.4545,0.88,0.1045,5,165,170
6856,2011-10-18,4,0,10,5,0,2,1,2,0.46,0.4545,0.88,0,2,19,21
15103,2012-09-26,4,1,9,11,0,3,1,1,0.64,0.6212,0.61,0.2537,46,181,227
13330,2012-07-14,3,1,7,14,0,6,0,1,0.8,0.7576,0.55,0.1045,269,363,632
15109,2012-09-26,4,1,9,17,0,3,1,1,0.74,0.6667,0.48,0.2985,77,876,953
12411,2012-06-06,2,1,6,7,0,3,1,1,0.5,0.4848,0.72,0,16,531,547
1667,2011-03-15,1,0,3,0,0,2,1,1,0.32,0.3485,0.53,0,7,7,14
7580,2011-11-17,4,0,11,10,0,4,1,2,0.34,0.303,0.61,0.3284,7,74,81
5571,2011-08-25,3,0,8,0,0,4,1,1,0.68,0.6364,0.74,0.2985,11,41,52
9950,2012-02-24,1,1,2,14,0,5,1,2,0.46,0.4545,0.67,0.1045,5,26,31
53,2011-01-03,1,0,1,7,0,1,1,1,0.14,0.1364,0.5,0.194,1,63,64
12277,2012-05-31,2,1,5,17,0,4,1,1,0.76,0.6667,0.31,0.1642,85,742,827
6264,2011-09-23,4,0,9,13,0,5,1,3,0.6,0.5,1,0.0896,7,27,34
1446,2011-03-05,1,0,3,12,0,6,0,2,0.44,0.4394,0.67,0.2537,46,121,167
12119,2012-05-25,2,1,5,3,0,5,1,2,0.62,0.5606,0.88,0.1045,8,6,14
15051,2012-09-24,4,1,9,7,0,1,1,1,0.46,0.4545,0.67,0.1343,17,513,530
1696,2011-03-16,1,0,3,7,0,3,1,2,0.3,0.2879,0.93,0.194,10,101,111
11085,2012-04-12,2,1,4,1,0,4,1,1,0.32,0.303,0.66,0.2239,2,7,9
1575,2011-03-11,1,0,3,1,0,5,1,3,0.34,0.3485,1,0.1045,0,8,8
13720,2012-07-30,3,1,7,20,0,1,1,1,0.72,0.6818,0.7,0.2239,78,384,462
11396,2012-04-25,2,1,4,0,0,3,1,1,0.44,0.4394,0.38,0,13,23,36
4406,2011-07-07,3,0,7,11,0,4,1,1,0.82,0.7727,0.52,0.1343,30,112,142
1631,2011-03-13,1,0,3,11,0,0,0,1,0.44,0.4394,0.41,0.4179,88,93,181
17175,2012-12-23,1,1,12,9,0,0,0,1,0.2,0.2273,0.59,0.1045,7,49,56
1882,2011-03-24,2,0,3,4,0,4,1,2,0.28,0.2727,1,0.194,0,1,1
5075,2011-08-04,3,0,8,8,0,4,1,2,0.7,0.6515,0.82,0.3582,29,369,398
5510,2011-08-22,3,0,8,11,0,1,1,1,0.72,0.6515,0.34,0.3284,46,85,131
16368,2012-11-19,4,1,11,17,0,1,1,2,0.42,0.4242,0.58,0.194,33,586,619
12516,2012-06-10,2,1,6,16,0,0,0,1,0.84,0.7424,0.36,0.2836,173,335,508
9041,2012-01-17,1,1,1,14,0,2,1,1,0.44,0.4394,0.62,0.4925,12,120,132
14015,2012-08-12,3,1,8,3,0,0,0,1,0.62,0.5909,0.73,0.0896,11,37,48
13145,2012-07-06,3,1,7,21,0,5,1,1,0.82,0.7727,0.52,0.1343,77,223,300
12816,2012-06-23,3,1,6,4,0,6,0,2,0.64,0.5758,0.83,0.1642,6,13,19
11070,2012-04-11,2,1,4,10,0,3,1,2,0.34,0.303,0.49,0.3284,26,127,153
187,2011-01-09,1,0,1,1,0,0,0,1,0.1,0.0606,0.42,0.4627,0,12,12
10023,2012-02-27,1,1,2,15,0,1,1,1,0.52,0.5,0.25,0.4179,24,150,174
5559,2011-08-24,3,0,8,12,0,3,1,1,0.74,0.6818,0.55,0.3284,60,175,235
15143,2012-09-28,4,1,9,3,0,5,1,2,0.6,0.5606,0.83,0.1343,0,7,7
7186,2011-11-01,4,0,11,0,0,2,1,2,0.36,0.3485,0.87,0.1642,3,18,21
4144,2011-06-26,3,0,6,13,0,0,0,1,0.74,0.6515,0.4,0,197,245,442
14230,2012-08-21,3,1,8,2,0,2,1,2,0.58,0.5455,0.88,0.2836,1,7,8
6588,2011-10-07,4,0,10,1,0,5,1,1,0.44,0.4394,0.88,0,3,25,28
1235,2011-02-24,1,0,2,13,0,4,1,2,0.38,0.3939,0.54,0.2985,16,72,88
14089,2012-08-15,3,1,8,5,0,3,1,1,0.64,0.5909,0.78,0.1045,4,35,39
3916,2011-06-17,2,0,6,1,0,5,1,1,0.56,0.5303,0.94,0.1343,4,19,23
447,2011-01-20,1,0,1,15,0,4,1,2,0.32,0.3182,0.45,0.194,8,62,70
845,2011-02-07,1,0,2,15,0,1,1,2,0.38,0.3939,0.54,0.0896,4,46,50
5202,2011-08-09,3,0,8,15,0,2,1,1,0.86,0.7727,0.39,0.2836,58,106,164
16314,2012-11-17,4,1,11,11,0,6,0,1,0.38,0.3939,0.43,0.194,80,343,423
14281,2012-08-23,3,1,8,5,0,4,1,1,0.62,0.5758,0.83,0,1,36,37
2441,2011-04-16,2,0,4,14,0,6,0,3,0.52,0.5,0.83,0.5821,14,49,63
3104,2011-05-14,2,0,5,5,0,6,0,2,0.5,0.4848,0.82,0.1045,7,7,14
11089,2012-04-12,2,1,4,5,0,4,1,1,0.3,0.2879,0.61,0.2239,0,21,21
7693,2011-11-22,4,0,11,3,0,2,1,3,0.38,0.3939,1,0.1045,1,2,3
4775,2011-07-22,3,0,7,20,0,5,1,1,0.84,0.8182,0.56,0,46,166,212
9719,2012-02-14,1,1,2,21,0,2,1,2,0.36,0.3636,0.5,0.1045,4,105,109
6975,2011-10-23,4,0,10,5,0,0,0,1,0.32,0.3485,0.87,0,1,2,3
6095,2011-09-16,3,0,9,12,0,5,1,2,0.52,0.5,0.45,0,39,212,251
9487,2012-02-05,1,1,2,4,0,0,0,2,0.24,0.2424,0.87,0.1343,0,9,9
2154,2011-04-04,2,0,4,14,0,1,1,2,0.74,0.6515,0.27,0.4925,47,76,123
5519,2011-08-22,3,0,8,20,0,1,1,1,0.66,0.6212,0.34,0.194,21,247,268
14856,2012-09-16,3,1,9,4,0,0,0,1,0.5,0.4848,0.72,0,2,6,8
5068,2011-08-04,3,0,8,1,0,4,1,2,0.66,0.5909,0.94,0.0896,3,14,17
11635,2012-05-04,2,1,5,23,0,5,1,1,0.6,0.5606,0.83,0.0896,51,205,256
15645,2012-10-19,4,1,10,1,0,5,1,3,0.54,0.5152,0.88,0,4,12,16
14272,2012-08-22,3,1,8,20,0,3,1,1,0.64,0.6061,0.73,0.194,59,332,391
16836,2012-12-09,4,1,12,6,0,0,0,3,0.4,0.4091,0.94,0.1045,0,6,6
13059,2012-07-03,3,1,7,7,0,2,1,1,0.74,0.6818,0.58,0,21,462,483
777,2011-02-04,1,0,2,19,0,5,1,2,0.24,0.2424,0.65,0.1343,1,102,103
8418,2011-12-22,1,0,12,9,0,4,1,2,0.38,0.3939,0.87,0.0896,10,218,228
6328,2011-09-26,4,0,9,5,0,1,1,2,0.62,0.5606,0.88,0,0,25,25
6325,2011-09-26,4,0,9,2,0,1,1,2,0.62,0.5606,0.88,0.1045,4,4,8
10346,2012-03-12,1,1,3,4,0,1,1,1,0.34,0.3333,0.61,0.194,0,3,3
4921,2011-07-28,3,0,7,22,0,4,1,1,0.76,0.7273,0.7,0.2537,25,149,174
16139,2012-11-10,4,1,11,4,0,6,0,1,0.26,0.2727,0.87,0.1045,2,4,6
9183,2012-01-23,1,1,1,12,0,1,1,2,0.22,0.2727,0.93,0,10,52,62
2783,2011-04-30,2,0,4,20,0,6,0,1,0.44,0.4394,0.62,0.1343,65,159,224
13046,2012-07-02,3,1,7,18,0,1,1,1,0.84,0.7273,0.32,0.1642,72,658,730
3137,2011-05-15,2,0,5,14,0,0,0,1,0.64,0.6061,0.73,0.194,183,254,437
15609,2012-10-17,4,1,10,13,0,3,1,2,0.54,0.5152,0.49,0.1343,73,237,310
5463,2011-08-20,3,0,8,12,0,6,0,1,0.74,0.6818,0.58,0.1343,156,253,409
3184,2011-05-17,2,0,5,13,0,2,1,2,0.56,0.5303,0.88,0.3284,31,141,172
15516,2012-10-13,4,1,10,16,0,6,0,1,0.5,0.4848,0.31,0.194,294,343,637
7523,2011-11-15,4,0,11,1,0,2,1,1,0.56,0.5303,0.6,0.2985,5,5,10
13793,2012-08-02,3,1,8,21,0,4,1,1,0.76,0.7273,0.66,0.2239,41,301,342
14722,2012-09-10,3,1,9,14,0,1,1,1,0.66,0.6212,0.36,0.2836,107,233,340
3200,2011-05-18,2,0,5,5,0,3,1,1,0.52,0.5,1,0.2239,0,9,9
14022,2012-08-12,3,1,8,10,0,0,0,1,0.7,0.6515,0.51,0.1642,88,240,328
1290,2011-02-26,1,0,2,21,0,6,0,1,0.28,0.2727,0.65,0.2537,9,59,68
13627,2012-07-26,3,1,7,23,0,4,1,1,0.72,0.6818,0.7,0.1343,18,127,145
16977,2012-12-15,4,1,12,3,0,6,0,2,0.24,0.2879,0.81,0,5,18,23
10336,2012-03-11,1,1,3,18,0,0,0,1,0.52,0.5,0.29,0.2836,133,256,389
17001,2012-12-16,4,1,12,3,0,0,0,2,0.34,0.3333,0.87,0.194,1,37,38
14989,2012-09-21,3,1,9,17,0,5,1,1,0.68,0.6364,0.57,0.2836,107,739,846
7543,2011-11-15,4,0,11,21,0,2,1,2,0.5,0.4848,0.77,0.0896,23,145,168
11906,2012-05-16,2,1,5,6,0,3,1,1,0.54,0.5152,0.94,0.0896,8,150,158
1880,2011-03-24,2,0,3,2,0,4,1,2,0.3,0.2879,1,0.2537,0,6,6
15745,2012-10-23,4,1,10,5,0,2,1,1,0.44,0.4394,0.77,0.0896,1,49,50
12326,2012-06-02,2,1,6,18,0,6,0,1,0.64,0.6212,0.36,0,171,341,512
5458,2011-08-20,3,0,8,7,0,6,0,1,0.62,0.5758,0.83,0,8,36,44
13144,2012-07-06,3,1,7,20,0,5,1,1,0.86,0.7727,0.39,0.1045,91,245,336
16267,2012-11-15,4,1,11,12,0,4,1,2,0.36,0.3636,0.62,0.1045,29,184,213
14366,2012-08-26,3,1,8,18,0,0,0,2,0.64,0.5758,0.89,0.0896,77,187,264
2149,2011-04-04,2,0,4,9,0,1,1,2,0.5,0.4848,0.51,0.3881,24,134,158
4132,2011-06-26,3,0,6,1,0,0,0,1,0.64,0.6212,0.53,0.1045,17,73,90
1037,2011-02-15,1,0,2,21,0,2,1,1,0.24,0.2879,0.52,0,5,61,66
8829,2012-01-08,1,1,1,16,0,0,0,1,0.4,0.4091,0.37,0.2985,58,256,314
16987,2012-12-15,4,1,12,13,0,6,0,1,0.38,0.3939,0.54,0.2537,88,368,456
14983,2012-09-21,3,1,9,11,0,5,1,1,0.66,0.6212,0.57,0.2239,79,242,321
4135,2011-06-26,3,0,6,4,0,0,0,1,0.6,0.6061,0.64,0.0896,3,8,11
650,2011-01-30,1,0,1,9,0,0,0,2,0.16,0.2273,0.8,0,4,34,38
9276,2012-01-27,1,1,1,9,0,5,1,3,0.5,0.4848,0.88,0.2836,6,101,107
6712,2011-10-12,4,0,10,5,0,3,1,2,0.54,0.5152,0.88,0.3284,0,22,22
862,2011-02-08,1,0,2,8,0,2,1,1,0.24,0.197,0.56,0.4925,7,236,243
9096,2012-01-19,1,1,1,21,0,4,1,1,0.26,0.2273,0.44,0.3582,4,117,121
192,2011-01-09,1,0,1,6,0,0,0,1,0.1,0.0909,0.49,0.2836,0,1,1
8302,2011-12-17,4,0,12,13,0,6,0,2,0.28,0.2727,0.48,0.2537,32,204,236
6027,2011-09-13,3,0,9,16,0,2,1,1,0.74,0.6667,0.51,0.2239,41,251,292
1943,2011-03-26,2,0,3,17,0,6,0,1,0.32,0.303,0.24,0.2239,102,101,203
10296,2012-03-10,1,1,3,1,0,6,0,1,0.3,0.2879,0.36,0.2537,1,50,51
4332,2011-07-04,3,0,7,9,1,1,0,2,0.72,0.6818,0.66,0.0896,142,96,238
16637,2012-11-30,4,1,11,23,0,5,1,2,0.3,0.3182,0.75,0.0896,11,99,110
8776,2012-01-06,1,1,1,11,0,5,1,1,0.3,0.303,0.56,0.1642,8,130,138
15606,2012-10-17,4,1,10,10,0,3,1,2,0.46,0.4545,0.67,0,60,168,228
7973,2011-12-03,4,0,12,20,0,6,0,1,0.3,0.3182,0.61,0.0896,17,110,127
14328,2012-08-25,3,1,8,4,0,6,0,2,0.66,0.6212,0.69,0.1045,3,9,12
13855,2012-08-05,3,1,8,11,0,0,0,1,0.82,0.7879,0.56,0.4179,155,282,437
13730,2012-07-31,3,1,7,6,0,2,1,1,0.64,0.5758,0.89,0.1642,2,192,194
2776,2011-04-30,2,0,4,13,0,6,0,1,0.54,0.5152,0.39,0.2985,185,270,455
4146,2011-06-26,3,0,6,15,0,0,0,1,0.74,0.6515,0.4,0,174,229,403
10516,2012-03-19,1,1,3,6,0,1,1,1,0.46,0.4545,0.88,0.1343,2,118,120
15958,2012-11-02,4,1,11,14,0,5,1,2,0.4,0.4091,0.4,0.4925,63,199,262
2618,2011-04-23,2,0,4,23,0,6,0,2,0.54,0.5152,0.88,0.1642,31,86,117
2412,2011-04-15,2,0,4,9,1,5,0,1,0.5,0.4848,0.55,0.194,16,162,178
1095,2011-02-18,1,0,2,8,0,5,1,2,0.42,0.4242,0.77,0.194,26,246,272
6066,2011-09-15,3,0,9,7,0,4,1,2,0.62,0.5909,0.78,0.194,17,321,338
1547,2011-03-09,1,0,3,19,0,3,1,2,0.34,0.303,0.76,0.3284,11,123,134
4590,2011-07-15,3,0,7,3,0,5,1,1,0.6,0.5909,0.73,0.194,1,6,7
6035,2011-09-14,3,0,9,0,0,3,1,1,0.62,0.5909,0.78,0.0896,5,28,33
12518,2012-06-10,2,1,6,18,0,0,0,1,0.82,0.7273,0.38,0.2239,164,326,490
6954,2011-10-22,4,0,10,8,0,6,0,1,0.4,0.4091,0.71,0,26,88,114
3136,2011-05-15,2,0,5,13,0,0,0,1,0.62,0.5909,0.73,0.2836,195,261,456
3857,2011-06-14,2,0,6,14,0,2,1,2,0.64,0.6212,0.47,0.194,41,118,159
16732,2012-12-04,4,1,12,22,0,2,1,2,0.5,0.4848,0.63,0.2985,26,155,181
6420,2011-09-30,4,0,9,1,0,5,1,1,0.52,0.5,0.77,0.0896,5,18,23
3806,2011-06-12,2,0,6,11,0,0,0,1,0.78,0.7273,0.55,0.1045,131,236,367
16167,2012-11-11,4,1,11,8,0,0,0,1,0.32,0.3333,0.87,0.1045,32,87,119
10847,2012-04-02,2,1,4,1,0,1,1,3,0.42,0.4242,0.88,0.0896,0,5,5
12214,2012-05-29,2,1,5,2,0,2,1,1,0.68,0.6364,0.83,0.1343,0,8,8
7432,2011-11-11,4,0,11,6,1,5,0,1,0.28,0.2576,0.45,0.3284,0,46,46
6775,2011-10-14,4,0,10,20,0,5,1,1,0.52,0.5,0.42,0.194,19,177,196
16297,2012-11-16,4,1,11,18,0,5,1,1,0.34,0.3333,0.53,0.1642,22,483,505
465,2011-01-21,1,0,1,9,0,5,1,1,0.2,0.1818,0.51,0.3582,7,159,166
1258,2011-02-25,1,0,2,13,0,5,1,3,0.54,0.5152,0.6,0.4627,6,77,83
10021,2012-02-27,1,1,2,13,0,1,1,1,0.4,0.4091,0.43,0.2836,23,159,182
2260,2011-04-09,2,0,4,0,0,6,0,2,0.3,0.2879,0.87,0.2239,5,26,31
5631,2011-08-27,3,0,8,12,0,6,0,3,0.66,0.6061,0.83,0.4925,11,65,76
3328,2011-05-23,2,0,5,13,0,1,1,2,0.74,0.6818,0.58,0.4179,49,155,204
6232,2011-09-22,3,0,9,5,0,4,1,2,0.6,0.5152,0.94,0.1045,2,28,30
7383,2011-11-09,4,0,11,5,0,3,1,1,0.3,0.3333,0.87,0,0,28,28
10395,2012-03-14,1,1,3,5,0,3,1,1,0.44,0.4394,0.82,0.1343,2,25,27
13061,2012-07-03,3,1,7,9,0,2,1,1,0.8,0.7424,0.49,0.1642,46,226,272
15303,2012-10-04,4,1,10,19,0,4,1,1,0.66,0.6212,0.57,0.1045,67,467,534
1263,2011-02-25,1,0,2,18,0,5,1,1,0.32,0.2879,0.49,0.4925,7,150,157
16523,2012-11-26,4,1,11,4,0,1,1,1,0.22,0.2727,0.69,0,0,10,10
7213,2011-11-02,4,0,11,3,0,3,1,1,0.3,0.3333,0.75,0,0,2,2
976,2011-02-13,1,0,2,7,0,0,0,2,0.22,0.2727,0.55,0,0,3,3
13245,2012-07-11,3,1,7,1,0,3,1,1,0.64,0.5758,0.89,0,3,11,14
5867,2011-09-06,3,0,9,22,0,2,1,2,0.54,0.5152,0.94,0.3284,5,79,84
9134,2012-01-21,1,1,1,11,0,6,0,2,0.18,0.2121,0.86,0.1045,1,62,63
6583,2011-10-06,4,0,10,20,0,4,1,1,0.5,0.4848,0.77,0.1045,29,231,260
2388,2011-04-14,2,0,4,9,0,4,1,1,0.46,0.4545,0.51,0.1343,18,152,170
17340,2012-12-30,1,1,12,8,0,0,0,1,0.24,0.197,0.52,0.4627,1,32,33
5022,2011-08-02,3,0,8,3,0,2,1,1,0.66,0.6212,0.74,0.194,0,5,5
7130,2011-10-29,4,0,10,16,0,6,0,3,0.22,0.197,0.93,0.3284,3,19,22
15497,2012-10-12,4,1,10,21,0,5,1,1,0.4,0.4091,0.54,0.194,21,169,190
11414,2012-04-25,2,1,4,18,0,3,1,1,0.6,0.5909,0.2,0.2836,60,649,709
3883,2011-06-15,2,0,6,16,0,3,1,1,0.76,0.6667,0.27,0.1343,47,265,312
6056,2011-09-14,3,0,9,21,0,3,1,2,0.66,0.6212,0.65,0.2239,24,189,213
11116,2012-04-13,2,1,4,8,0,5,1,1,0.38,0.3939,0.46,0.1642,24,539,563
8136,2011-12-10,4,0,12,15,0,6,0,1,0.34,0.303,0.34,0.3582,60,239,299
13620,2012-07-26,3,1,7,16,0,4,1,1,0.94,0.8788,0.38,0.3881,62,312,374
13175,2012-07-08,3,1,7,3,0,0,0,1,0.8,0.7727,0.59,0.1045,1,34,35
3876,2011-06-15,2,0,6,9,0,3,1,1,0.6,0.6212,0.49,0,22,185,207
2790,2011-05-01,2,0,5,3,0,0,0,1,0.4,0.4091,0.82,0.1045,8,15,23
9137,2012-01-21,1,1,1,14,0,6,0,3,0.2,0.197,0.8,0.194,6,89,95
16422,2012-11-21,4,1,11,23,0,3,1,1,0.32,0.3485,0.61,0,7,50,57
1858,2011-03-23,2,0,3,3,0,3,1,2,0.34,0.3182,0.76,0.2537,0,3,3
16083,2012-11-07,4,1,11,19,0,3,1,2,0.3,0.2727,0.56,0.2985,17,302,319
4109,2011-06-25,3,0,6,2,0,6,0,2,0.66,0.6212,0.5,0.194,8,51,59
5214,2011-08-10,3,0,8,3,0,3,1,1,0.7,0.6515,0.58,0.1642,1,3,4
8282,2011-12-16,4,0,12,17,0,5,1,2,0.32,0.303,0.45,0.2836,13,352,365
3256,2011-05-20,2,0,5,13,0,5,1,3,0.6,0.6212,0.56,0.2836,60,172,232
7324,2011-11-06,4,0,11,18,0,0,0,1,0.42,0.4242,0.71,0.1045,39,146,185
2691,2011-04-27,2,0,4,0,0,3,1,1,0.6,0.5606,0.83,0.2239,3,24,27
7390,2011-11-09,4,0,11,12,0,3,1,1,0.5,0.4848,0.51,0.1642,24,156,180
4628,2011-07-16,3,0,7,17,0,6,0,1,0.76,0.6818,0.45,0.2239,234,241,475
13797,2012-08-03,3,1,8,1,0,5,1,1,0.7,0.6667,0.74,0.194,11,32,43
1320,2011-02-28,1,0,2,6,0,1,1,2,0.34,0.3485,0.96,0.1045,1,27,28
13981,2012-08-10,3,1,8,17,0,5,1,1,0.8,0.7424,0.52,0.2836,111,619,730
17280,2012-12-27,1,1,12,20,0,4,1,1,0.24,0.2424,0.6,0.1642,12,79,91
5163,2011-08-08,3,0,8,0,0,1,1,1,0.7,0.6667,0.79,0.1045,13,17,30
13437,2012-07-19,3,1,7,1,0,4,1,1,0.74,0.697,0.66,0.0896,6,19,25
16731,2012-12-04,4,1,12,21,0,2,1,2,0.5,0.4848,0.63,0.2537,28,252,280
1136,2011-02-20,1,0,2,1,0,0,0,1,0.24,0.197,0.41,0.4627,5,11,16
4530,2011-07-12,3,0,7,15,0,2,1,1,0.9,0.8485,0.42,0.3582,37,111,148
11668,2012-05-06,2,1,5,8,0,0,0,2,0.5,0.4848,0.88,0.1343,23,91,114
3506,2011-05-30,2,0,5,23,1,1,0,1,0.7,0.6667,0.84,0.1045,14,34,48
4750,2011-07-21,3,0,7,19,0,4,1,1,0.86,0.9242,0.67,0.2836,51,233,284
10670,2012-03-25,2,1,3,16,0,0,0,1,0.48,0.4697,0.77,0,153,339,492
7087,2011-10-27,4,0,10,21,0,4,1,1,0.4,0.4091,0.62,0.5224,13,119,132
12018,2012-05-20,2,1,5,22,0,0,0,1,0.62,0.5909,0.73,0.3284,44,101,145
9942,2012-02-24,1,1,2,6,0,5,1,2,0.4,0.4091,0.87,0.1642,2,80,82
12922,2012-06-27,3,1,6,14,0,3,1,1,0.8,0.6818,0.24,0.3582,78,192,270
17272,2012-12-27,1,1,12,12,0,4,1,1,0.3,0.2727,0.49,0.4627,22,87,109
6337,2011-09-26,4,0,9,14,0,1,1,1,0.7,0.6515,0.7,0.1642,44,110,154
13516,2012-07-22,3,1,7,8,0,0,0,2,0.64,0.5909,0.78,0,31,122,153
6983,2011-10-23,4,0,10,13,0,0,0,1,0.52,0.5,0.55,0.194,160,255,415
10067,2012-02-29,1,1,2,12,0,3,1,3,0.32,0.303,0.93,0.3284,1,69,70
15783,2012-10-24,4,1,10,19,0,3,1,2,0.64,0.6212,0.53,0.0896,50,522,572
2506,2011-04-19,2,0,4,7,0,2,1,2,0.52,0.5,0.55,0,22,166,188
2905,2011-05-05,2,0,5,22,0,4,1,1,0.48,0.4697,0.39,0.194,30,135,165
571,2011-01-25,1,0,1,23,0,2,1,2,0.22,0.2273,0.64,0.1642,3,37,40
1449,2011-03-05,1,0,3,15,0,6,0,2,0.46,0.4545,0.63,0.2985,83,122,205
3415,2011-05-27,2,0,5,4,0,5,1,1,0.64,0.6061,0.69,0.1343,2,5,7
14943,2012-09-19,3,1,9,19,0,3,1,1,0.56,0.5303,0.43,0.2239,72,539,611
13315,2012-07-13,3,1,7,23,0,5,1,2,0.72,0.6515,0.45,0.1343,37,175,212
13823,2012-08-04,3,1,8,3,0,6,0,1,0.72,0.7121,0.84,0.1343,11,19,30
9291,2012-01-28,1,1,1,0,0,6,0,1,0.3,0.2879,0.52,0.2836,1,68,69
14741,2012-09-11,3,1,9,9,0,2,1,1,0.6,0.6212,0.49,0,35,323,358
6838,2011-10-17,4,0,10,11,0,1,1,1,0.56,0.5303,0.43,0,35,131,166
3227,2011-05-19,2,0,5,8,0,4,1,2,0.52,0.5,0.88,0,34,453,487
17169,2012-12-23,1,1,12,3,0,0,0,1,0.2,0.2121,0.51,0.1343,0,9,9
4384,2011-07-06,3,0,7,13,0,3,1,2,0.74,0.697,0.7,0.1045,33,107,140
9230,2012-01-25,1,1,1,11,0,3,1,2,0.3,0.2727,0.61,0.2985,52,105,157
7846,2011-11-28,4,0,11,13,0,1,1,2,0.58,0.5455,0.56,0,25,137,162
3540,2011-06-01,2,0,6,9,0,3,1,2,0.74,0.7121,0.74,0.2239,34,173,207
13066,2012-07-03,3,1,7,14,0,2,1,1,0.9,0.7727,0.25,0.194,69,241,310
16492,2012-11-24,4,1,11,21,0,6,0,1,0.24,0.2273,0.44,0.194,9,66,75
2828,2011-05-02,2,0,5,17,0,1,1,1,0.66,0.6212,0.65,0.194,65,472,537
5781,2011-09-03,3,0,9,7,0,6,0,1,0.62,0.5909,0.73,0.194,5,33,38
16258,2012-11-15,4,1,11,3,0,4,1,2,0.26,0.2879,0.7,0.0896,0,2,2
4997,2011-08-01,3,0,8,2,0,1,1,1,0.7,0.6667,0.74,0.1045,4,7,11
1339,2011-03-01,1,0,3,1,0,2,1,1,0.26,0.2273,0.7,0.3582,0,3,3
3263,2011-05-20,2,0,5,20,0,5,1,1,0.58,0.5455,0.64,0.1045,40,180,220
7877,2011-11-29,4,0,11,20,0,2,1,2,0.38,0.3939,0.87,0.2537,8,176,184
13354,2012-07-15,3,1,7,14,0,0,0,1,0.9,0.8182,0.37,0.2537,162,314,476
6839,2011-10-17,4,0,10,12,0,1,1,1,0.56,0.5303,0.4,0.0896,39,166,205
5742,2011-09-01,3,0,9,16,0,4,1,1,0.74,0.6667,0.51,0.194,55,253,308
651,2011-01-30,1,0,1,10,0,0,0,2,0.18,0.2424,0.8,0,7,57,64
6040,2011-09-14,3,0,9,5,0,3,1,1,0.58,0.5455,0.88,0.1045,1,30,31
11095,2012-04-12,2,1,4,11,0,4,1,1,0.42,0.4242,0.47,0.2985,50,174,224
2259,2011-04-08,2,0,4,23,0,5,1,2,0.3,0.2879,0.93,0.2239,4,31,35
5396,2011-08-17,3,0,8,17,0,3,1,1,0.8,0.7424,0.49,0.2239,46,506,552
16206,2012-11-12,4,1,11,23,1,1,0,2,0.54,0.5152,0.77,0.2239,1,62,63
7083,2011-10-27,4,0,10,17,0,4,1,2,0.5,0.4848,0.72,0.4627,31,291,322
14395,2012-08-27,3,1,8,23,0,1,1,1,0.7,0.6667,0.84,0.1642,35,79,114
3522,2011-05-31,2,0,5,15,0,2,1,1,0.9,0.8182,0.37,0.1642,42,133,175
10923,2012-04-05,2,1,4,6,0,4,1,1,0.36,0.3333,0.46,0.3284,8,118,126
16684,2012-12-02,4,1,12,22,0,0,0,2,0.44,0.4394,0.77,0.194,11,85,96
4479,2011-07-10,3,0,7,12,0,0,0,1,0.82,0.7576,0.46,0.2836,133,244,377
5661,2011-08-29,3,0,8,7,0,1,1,1,0.6,0.6061,0.6,0.2239,11,273,284
16141,2012-11-10,4,1,11,6,0,6,0,1,0.24,0.2576,0.93,0.0896,5,11,16
68,2011-01-03,1,0,1,22,0,1,1,1,0.14,0.1515,0.69,0.1343,0,20,20
10777,2012-03-30,2,1,3,3,0,5,1,1,0.34,0.3333,0.61,0.1343,0,7,7
11389,2012-04-24,2,1,4,17,0,2,1,1,0.52,0.5,0.22,0.3881,72,619,691
16864,2012-12-10,4,1,12,10,0,1,1,2,0.44,0.4394,0.94,0.2239,12,121,133
16055,2012-11-06,4,1,11,15,0,2,1,1,0.34,0.3182,0.46,0.2537,45,227,272
12287,2012-06-01,2,1,6,3,0,5,1,2,0.62,0.5909,0.73,0.0896,0,4,4
7610,2011-11-18,4,0,11,16,0,5,1,1,0.34,0.3333,0.29,0.1343,19,190,209
1259,2011-02-25,1,0,2,14,0,5,1,3,0.56,0.5303,0.56,0.6119,14,71,85
14800,2012-09-13,3,1,9,20,0,4,1,1,0.62,0.6061,0.69,0.1045,55,408,463
17379,2012-12-31,1,1,12,23,0,1,1,1,0.26,0.2727,0.65,0.1343,12,37,49
992,2011-02-13,1,0,2,23,0,0,0,1,0.4,0.4091,0.35,0.3582,3,27,30
3505,2011-05-30,2,0,5,22,1,1,0,1,0.72,0.697,0.74,0.1642,26,80,106
8306,2011-12-17,4,0,12,17,0,6,0,1,0.26,0.2576,0.48,0.2239,12,153,165
920,2011-02-10,1,0,2,20,0,4,1,1,0.14,0.1818,0.31,0.0896,4,93,97
10702,2012-03-27,2,1,3,0,0,2,1,1,0.32,0.2879,0.26,0.5224,1,9,10
11679,2012-05-06,2,1,5,19,0,0,0,2,0.6,0.6061,0.64,0.1642,117,266,383
166,2011-01-08,1,0,1,4,0,6,0,3,0.18,0.197,0.55,0.1642,0,1,1
17000,2012-12-16,4,1,12,2,0,0,0,2,0.34,0.3485,0.87,0.0896,8,79,87
15841,2012-10-27,4,1,10,5,0,6,0,2,0.5,0.4848,0.82,0.194,2,7,9
9142,2012-01-21,1,1,1,19,0,6,0,2,0.18,0.1515,0.8,0.3881,0,85,85
4595,2011-07-15,3,0,7,8,0,5,1,1,0.64,0.6061,0.65,0.2537,50,514,564
15030,2012-09-23,4,1,9,10,0,0,0,1,0.54,0.5152,0.45,0.2537,138,351,489
11963,2012-05-18,2,1,5,15,0,5,1,1,0.66,0.6212,0.36,0.194,131,260,391
15944,2012-11-02,4,1,11,0,0,5,1,1,0.34,0.3333,0.57,0.1642,10,40,50
2851,2011-05-03,2,0,5,16,0,2,1,1,0.72,0.6667,0.54,0.4627,46,225,271
13465,2012-07-20,3,1,7,5,0,5,1,2,0.66,0.5909,0.89,0.1343,2,40,42
17361,2012-12-31,1,1,12,5,0,1,1,1,0.16,0.1515,0.64,0.194,0,9,9
12272,2012-05-31,2,1,5,12,0,4,1,1,0.72,0.6515,0.37,0.194,62,230,292
14433,2012-08-29,3,1,8,13,0,3,1,1,0.74,0.6667,0.42,0,68,232,300
15057,2012-09-24,4,1,9,13,0,1,1,1,0.6,0.6212,0.31,0.2985,80,248,328
4461,2011-07-09,3,0,7,18,0,6,0,1,0.82,0.7273,0.36,0.1045,132,246,378
13807,2012-08-03,3,1,8,11,0,5,1,2,0.84,0.7879,0.49,0.2836,77,186,263
10698,2012-03-26,2,1,3,20,0,1,1,1,0.4,0.4091,0.26,0.5224,12,209,221
6624,2011-10-08,4,0,10,13,0,6,0,1,0.62,0.6212,0.46,0.1045,256,229,485
9307,2012-01-28,1,1,1,16,0,6,0,1,0.42,0.4242,0.44,0.3582,131,276,407
15551,2012-10-15,4,1,10,3,0,1,1,2,0.56,0.5303,0.73,0.2537,2,2,4
8491,2011-12-25,1,0,12,11,0,0,0,1,0.3,0.303,0.7,0.1642,43,42,85
9868,2012-02-21,1,1,2,4,0,2,1,1,0.22,0.2727,0.64,0,0,2,2
11540,2012-05-01,2,1,5,0,0,2,1,2,0.5,0.4848,0.59,0.194,7,28,35
2736,2011-04-28,2,0,4,21,0,4,1,1,0.56,0.5303,0.46,0.1343,27,167,194
5670,2011-08-29,3,0,8,16,0,1,1,1,0.72,0.6515,0.42,0.1642,56,226,282
12032,2012-05-21,2,1,5,12,0,1,1,2,0.6,0.5606,0.83,0.2537,46,124,170
4989,2011-07-31,3,0,7,18,0,0,0,1,0.86,0.7879,0.41,0.2836,91,213,304
1206,2011-02-23,1,0,2,7,0,3,1,1,0.12,0.1515,0.54,0.1343,2,94,96
2379,2011-04-14,2,0,4,0,0,4,1,1,0.38,0.3939,0.76,0.1343,3,18,21
12822,2012-06-23,3,1,6,10,0,6,0,1,0.74,0.6818,0.55,0.194,177,317,494
4173,2011-06-27,3,0,6,18,0,1,1,1,0.74,0.6667,0.51,0,79,512,591
8093,2011-12-08,4,0,12,20,0,4,1,1,0.26,0.2727,0.6,0.1045,5,170,175
12301,2012-06-01,2,1,6,17,0,5,1,3,0.7,0.6515,0.7,0.2537,25,202,227
14826,2012-09-14,3,1,9,22,0,5,1,1,0.62,0.5758,0.83,0.194,40,189,229
2104,2011-04-02,2,0,4,12,0,6,0,3,0.32,0.3333,0.81,0.1343,84,100,184
11142,2012-04-14,2,1,4,10,0,6,0,1,0.46,0.4545,0.51,0.1642,139,267,406
3760,2011-06-10,2,0,6,13,0,5,1,1,0.84,0.7576,0.44,0.1045,40,149,189
14443,2012-08-29,3,1,8,23,0,3,1,1,0.66,0.6212,0.57,0,34,123,157
1838,2011-03-22,2,0,3,7,0,2,1,2,0.4,0.4091,0.76,0.1045,4,132,136
14881,2012-09-17,3,1,9,5,0,1,1,1,0.48,0.4697,0.82,0.0896,1,44,45
15407,2012-10-09,4,1,10,3,0,2,1,3,0.36,0.3333,0.87,0.2836,0,3,3
15129,2012-09-27,4,1,9,13,0,4,1,2,0.74,0.6667,0.48,0,61,265,326
5711,2011-08-31,3,0,8,9,0,3,1,1,0.64,0.6061,0.69,0.0896,27,217,244
8800,2012-01-07,1,1,1,11,0,6,0,1,0.34,0.3182,0.57,0.2239,74,250,324
4501,2011-07-11,3,0,7,10,0,1,1,1,0.8,0.7576,0.55,0.3582,44,73,117
1094,2011-02-18,1,0,2,7,0,5,1,2,0.42,0.4242,0.77,0.2239,8,108,116
12344,2012-06-03,2,1,6,12,0,0,0,1,0.66,0.6212,0.39,0.2985,276,408,684
6719,2011-10-12,4,0,10,12,0,3,1,3,0.54,0.5152,0.88,0.3284,9,53,62
13293,2012-07-13,3,1,7,1,0,5,1,2,0.68,0.6364,0.54,0.1045,17,42,59
8961,2012-01-14,1,1,1,5,0,6,0,1,0.14,0.1515,0.5,0.1343,0,4,4
161,2011-01-07,1,0,1,23,0,5,1,2,0.18,0.197,0.51,0.1642,1,14,15
204,2011-01-09,1,0,1,18,0,0,0,1,0.16,0.1364,0.4,0.3284,4,44,48
6484,2011-10-02,4,0,10,17,0,0,0,3,0.36,0.3485,0.87,0.1642,32,135,167
3941,2011-06-18,2,0,6,2,0,6,0,1,0.6,0.5455,0.88,0,16,37,53
9556,2012-02-08,1,1,2,2,0,3,1,1,0.26,0.303,0.65,0,0,1,1
4934,2011-07-29,3,0,7,11,0,5,1,1,0.92,0.8788,0.4,0.2985,43,118,161
11127,2012-04-13,2,1,4,19,0,5,1,1,0.54,0.5152,0.24,0.1642,75,352,427
14320,2012-08-24,3,1,8,20,0,5,1,2,0.7,0.6515,0.65,0.2239,66,297,363
7648,2011-11-20,4,0,11,6,0,0,0,2,0.42,0.4242,0.67,0.2537,3,6,9
17349,2012-12-30,1,1,12,17,0,0,0,1,0.26,0.2273,0.41,0.3284,26,97,123
1231,2011-02-24,1,0,2,9,0,4,1,2,0.24,0.2121,0.75,0.2985,4,133,137
9167,2012-01-22,1,1,1,20,0,0,0,3,0.16,0.1667,0.86,0.1642,5,69,74
3047,2011-05-11,2,0,5,20,0,3,1,1,0.54,0.5152,0.64,0.1343,28,245,273
7958,2011-12-03,4,0,12,5,0,6,0,1,0.24,0.2576,0.7,0.0896,0,6,6
11143,2012-04-14,2,1,4,11,0,6,0,1,0.52,0.5,0.45,0.194,207,357,564
2916,2011-05-06,2,0,5,9,0,5,1,1,0.46,0.4545,0.67,0.2836,27,161,188
16605,2012-11-29,4,1,11,15,0,4,1,1,0.36,0.3333,0.43,0.2836,19,201,220
13375,2012-07-16,3,1,7,11,0,1,1,1,0.84,0.803,0.53,0.2239,57,125,182
4252,2011-07-01,3,0,7,1,0,5,1,1,0.66,0.6212,0.5,0,15,16,31
6112,2011-09-17,3,0,9,5,0,6,0,1,0.46,0.4545,0.72,0.1642,2,3,5
6205,2011-09-21,3,0,9,2,0,3,1,1,0.54,0.5152,0.94,0,1,5,6
16491,2012-11-24,4,1,11,20,0,6,0,1,0.24,0.2121,0.44,0.2836,3,55,58
2726,2011-04-28,2,0,4,11,0,4,1,2,0.62,0.5758,0.83,0.2836,10,74,84
4291,2011-07-02,3,0,7,16,0,6,0,1,0.88,0.7424,0.22,0.2239,206,192,398
4335,2011-07-04,3,0,7,12,1,1,0,2,0.78,0.7121,0.52,0,237,210,447
12880,2012-06-25,3,1,6,20,0,1,1,1,0.72,0.6515,0.3,0.4478,100,375,475
12070,2012-05-23,2,1,5,2,0,3,1,2,0.6,0.5606,0.83,0.1642,2,10,12
384,2011-01-17,1,0,1,11,1,1,0,2,0.16,0.1515,0.55,0.194,9,55,64
7486,2011-11-13,4,0,11,12,0,0,0,2,0.52,0.5,0.29,0.4179,112,242,354
4887,2011-07-27,3,0,7,12,0,3,1,1,0.82,0.7121,0.3,0.2836,37,132,169
858,2011-02-08,1,0,2,4,0,2,1,1,0.26,0.2576,0.93,0.1642,0,3,3
371,2011-01-16,1,0,1,22,0,0,0,2,0.2,0.2121,0.49,0.1343,2,19,21
6540,2011-10-05,4,0,10,1,0,3,1,1,0.48,0.4697,0.77,0.1642,4,7,11
11442,2012-04-26,2,1,4,22,0,4,1,1,0.52,0.5,0.83,0.1642,20,163,183
2562,2011-04-21,2,0,4,15,0,4,1,1,0.52,0.5,0.29,0.4179,69,166,235
3802,2011-06-12,2,0,6,7,0,0,0,1,0.64,0.5909,0.78,0.1045,7,27,34
10833,2012-04-01,2,1,4,11,0,0,0,2,0.4,0.4091,0.71,0.194,180,271,451
5456,2011-08-20,3,0,8,5,0,6,0,1,0.6,0.5606,0.83,0,0,8,8
12527,2012-06-11,2,1,6,3,0,1,1,1,0.64,0.5909,0.78,0.1045,2,4,6
10540,2012-03-20,1,1,3,6,0,2,1,2,0.52,0.5,0.94,0.1642,6,94,100
15236,2012-10-02,4,1,10,0,0,2,1,2,0.56,0.5303,0.73,0,1,30,31
6860,2011-10-18,4,0,10,9,0,2,1,2,0.52,0.5,0.77,0.0896,29,198,227
10974,2012-04-07,2,1,4,9,0,6,0,1,0.4,0.4091,0.3,0.2537,103,173,276
12590,2012-06-13,2,1,6,18,0,3,1,1,0.72,0.6515,0.32,0.4478,104,640,744
10626,2012-03-23,2,1,3,20,0,5,1,1,0.66,0.6212,0.47,0.1343,117,328,445
16099,2012-11-08,4,1,11,12,0,4,1,1,0.4,0.4091,0.24,0.4925,33,202,235
7405,2011-11-10,4,0,11,3,0,4,1,1,0.38,0.3939,0.94,0.0896,0,11,11
5945,2011-09-10,3,0,9,5,0,6,0,1,0.58,0.5455,0.94,0.1343,2,6,8
616,2011-01-28,1,0,1,21,0,5,1,2,0.22,0.2273,0.75,0.1343,1,57,58
11784,2012-05-11,2,1,5,4,0,5,1,1,0.42,0.4242,0.5,0.194,3,6,9
2576,2011-04-22,2,0,4,5,0,5,1,1,0.34,0.3182,0.53,0.2239,0,16,16
54,2011-01-03,1,0,1,8,0,1,1,1,0.14,0.1212,0.5,0.2836,1,153,154
13189,2012-07-08,3,1,7,17,0,0,0,1,0.78,0.7424,0.59,0,68,202,270
3341,2011-05-24,2,0,5,2,0,2,1,2,0.6,0.5152,0.94,0.194,2,8,10
14033,2012-08-12,3,1,8,21,0,0,0,1,0.72,0.6667,0.51,0.0896,78,142,220
9898,2012-02-22,1,1,2,10,0,3,1,1,0.34,0.3485,0.71,0.0896,17,122,139
16588,2012-11-28,4,1,11,21,0,3,1,1,0.3,0.303,0.39,0.1642,4,219,223
12446,2012-06-07,2,1,6,18,0,4,1,1,0.7,0.6364,0.34,0.2836,110,703,813
12387,2012-06-05,2,1,6,7,0,2,1,1,0.48,0.4697,0.77,0.2985,29,540,569
9686,2012-02-13,1,1,2,12,0,1,1,1,0.28,0.2576,0.28,0.3284,7,111,118
5877,2011-09-07,3,0,9,8,0,3,1,3,0.62,0.5455,0.94,0.0896,9,319,328
11749,2012-05-09,2,1,5,17,0,3,1,2,0.64,0.6212,0.53,0.1343,76,629,705
12569,2012-06-12,2,1,6,21,0,2,1,1,0.68,0.6364,0.83,0.1045,41,233,274
8996,2012-01-15,1,1,1,16,0,0,0,1,0.22,0.2121,0.29,0.2985,31,174,205
1813,2011-03-21,2,0,3,6,0,1,1,3,0.32,0.303,0.76,0.2537,2,30,32
15037,2012-09-23,4,1,9,17,0,0,0,1,0.56,0.5303,0.35,0.2985,227,496,723
991,2011-02-13,1,0,2,22,0,0,0,1,0.4,0.4091,0.35,0.2985,5,31,36
15169,2012-09-29,4,1,9,5,0,6,0,1,0.5,0.4848,0.63,0.194,2,13,15
14461,2012-08-30,3,1,8,17,0,4,1,1,0.82,0.7273,0.34,0.2239,93,751,844
14574,2012-09-04,3,1,9,10,0,2,1,2,0.72,0.697,0.74,0.2537,42,130,172
11706,2012-05-07,2,1,5,22,0,1,1,2,0.54,0.5152,0.45,0.2537,26,147,173
12807,2012-06-22,3,1,6,19,0,5,1,2,0.76,0.697,0.55,0.5224,45,317,362
15554,2012-10-15,4,1,10,6,0,1,1,2,0.56,0.5303,0.73,0.2985,6,141,147
8412,2011-12-22,1,0,12,3,0,4,1,1,0.44,0.4394,0.67,0.1642,0,6,6
2943,2011-05-07,2,0,5,12,0,6,0,1,0.6,0.6212,0.4,0.194,129,244,373
9481,2012-02-04,1,1,2,22,0,6,0,2,0.24,0.2576,0.87,0.0896,4,91,95
3164,2011-05-16,2,0,5,17,0,1,1,1,0.58,0.5455,0.88,0.2239,47,227,274
4679,2011-07-18,3,0,7,20,0,1,1,1,0.78,0.7424,0.59,0.2239,91,232,323
2619,2011-04-24,2,0,4,0,0,0,0,1,0.52,0.5,0.83,0.2239,30,66,96
3613,2011-06-04,2,0,6,10,0,6,0,1,0.64,0.6212,0.38,0.1045,115,202,317
8236,2011-12-14,4,0,12,19,0,3,1,2,0.36,0.3636,0.62,0.1045,9,259,268
7872,2011-11-29,4,0,11,15,0,2,1,3,0.4,0.4091,0.87,0.3284,5,60,65
14822,2012-09-14,3,1,9,18,0,5,1,1,0.72,0.6515,0.45,0.2239,116,692,808
11619,2012-05-04,2,1,5,7,0,5,1,1,0.56,0.5303,0.88,0,9,347,356
3793,2011-06-11,2,0,6,22,0,6,0,1,0.66,0.6061,0.78,0.2239,53,137,190
11764,2012-05-10,2,1,5,8,0,4,1,1,0.46,0.4545,0.67,0.3582,27,603,630
15738,2012-10-22,4,1,10,22,0,1,1,1,0.46,0.4545,0.82,0.1343,25,158,183
9696,2012-02-13,1,1,2,22,0,1,1,1,0.26,0.2727,0.56,0.1045,3,99,102
12489,2012-06-09,2,1,6,13,0,6,0,1,0.82,0.697,0.24,0.2836,236,349,585
10046,2012-02-28,1,1,2,14,0,2,1,1,0.4,0.4091,0.28,0.1045,13,121,134
3440,2011-05-28,2,0,5,5,0,6,0,1,0.56,0.5303,0.88,0.2239,4,3,7
1893,2011-03-24,2,0,3,15,0,4,1,2,0.3,0.2879,0.7,0.2537,13,77,90
6458,2011-10-01,4,0,10,15,0,6,0,2,0.42,0.4242,0.71,0.2836,41,154,195
250,2011-01-11,1,0,1,18,0,2,1,3,0.16,0.1818,0.93,0.1045,1,94,95
5256,2011-08-11,3,0,8,21,0,4,1,1,0.7,0.6515,0.48,0.0896,35,171,206
16582,2012-11-28,4,1,11,15,0,3,1,1,0.36,0.3333,0.32,0.3284,7,172,179
5168,2011-08-08,3,0,8,5,0,1,1,1,0.7,0.6667,0.79,0.0896,1,14,15
16524,2012-11-26,4,1,11,5,0,1,1,1,0.22,0.2273,0.69,0.1642,0,41,41
6461,2011-10-01,4,0,10,18,0,6,0,3,0.38,0.3939,0.87,0.2239,23,117,140
1506,2011-03-08,1,0,3,2,0,2,1,1,0.24,0.2424,0.52,0.1343,1,0,1
15200,2012-09-30,4,1,9,12,0,0,0,1,0.62,0.6212,0.41,0.2985,206,474,680
671,2011-01-31,1,0,1,6,0,1,1,1,0.16,0.1364,0.69,0.3284,0,37,37
9472,2012-02-04,1,1,2,13,0,6,0,2,0.3,0.2879,0.7,0.194,58,244,302
15371,2012-10-07,4,1,10,15,0,0,0,3,0.42,0.4242,0.77,0.1343,74,232,306
898,2011-02-09,1,0,2,21,0,3,1,2,0.14,0.1515,0.86,0.1642,0,83,83
3307,2011-05-22,2,0,5,16,0,0,0,1,0.68,0.6364,0.61,0.1343,72,201,273
8027,2011-12-06,4,0,12,2,0,2,1,2,0.46,0.4545,0.87,0.194,0,3,3
6240,2011-09-22,3,0,9,13,0,4,1,2,0.66,0.6061,0.83,0.194,38,155,193
10859,2012-04-02,2,1,4,14,0,1,1,1,0.46,0.4545,0.31,0.4179,127,141,268
11386,2012-04-24,2,1,4,14,0,2,1,1,0.5,0.4848,0.25,0.3881,50,166,216
2891,2011-05-05,2,0,5,8,0,4,1,1,0.42,0.4242,0.5,0.2537,25,415,440
6004,2011-09-12,3,0,9,17,0,1,1,1,0.72,0.6667,0.51,0.1642,75,515,590
7740,2011-11-24,4,0,11,2,1,4,0,1,0.3,0.2879,0.61,0.2836,3,19,22
15226,2012-10-01,4,1,10,14,0,1,1,2,0.6,0.6212,0.43,0.1045,51,193,244
10814,2012-03-31,2,1,3,16,0,6,0,2,0.5,0.4848,0.63,0.2985,243,292,535
13407,2012-07-17,3,1,7,19,0,2,1,1,0.88,0.7879,0.35,0.2537,69,478,547
8398,2011-12-21,1,0,12,13,0,3,1,3,0.44,0.4394,0.94,0.2985,3,55,58
3,2011-01-01,1,0,1,2,0,6,0,1,0.22,0.2727,0.8,0,5,27,32
10563,2012-03-21,2,1,3,5,0,3,1,2,0.5,0.4848,0.88,0.1343,4,35,39
14892,2012-09-17,3,1,9,16,0,1,1,2,0.64,0.6061,0.69,0.2537,74,379,453
9962,2012-02-25,1,1,2,2,0,6,0,1,0.32,0.303,0.45,0.2537,1,37,38
15765,2012-10-24,4,1,10,1,0,3,1,1,0.54,0.5152,0.68,0,4,23,27
6080,2011-09-15,3,0,9,21,0,4,1,1,0.46,0.4545,0.63,0.3284,11,134,145
532,2011-01-24,1,0,1,7,0,1,1,1,0.02,0.1212,0.48,0,5,79,84
16417,2012-11-21,4,1,11,18,0,3,1,1,0.42,0.4242,0.38,0.1045,24,287,311
8182,2011-12-12,4,0,12,13,0,1,1,2,0.3,0.3182,0.52,0.1045,13,153,166
16048,2012-11-06,4,1,11,8,0,2,1,1,0.22,0.2273,0.69,0.1642,20,568,588
6477,2011-10-02,4,0,10,10,0,0,0,2,0.36,0.3333,0.71,0.2836,60,188,248
4178,2011-06-27,3,0,6,23,0,1,1,1,0.68,0.6364,0.69,0,16,65,81
15713,2012-10-21,4,1,10,21,0,0,0,1,0.42,0.4242,0.54,0.1642,42,124,166
17138,2012-12-21,1,1,12,20,0,5,1,1,0.28,0.2727,0.41,0.2537,8,104,112
11065,2012-04-11,2,1,4,5,0,3,1,1,0.28,0.2727,0.56,0.194,1,26,27
8924,2012-01-12,1,1,1,16,0,4,1,1,0.46,0.4545,0.67,0.194,33,248,281
3407,2011-05-26,2,0,5,20,0,4,1,1,0.72,0.6667,0.58,0.1642,55,267,322
10532,2012-03-19,1,1,3,22,0,1,1,2,0.56,0.5303,0.73,0.1642,17,131,148
5992,2011-09-12,3,0,9,5,0,1,1,1,0.56,0.5303,0.83,0,1,23,24
6329,2011-09-26,4,0,9,6,0,1,1,2,0.62,0.5455,0.94,0.0896,6,107,113
15130,2012-09-27,4,1,9,14,0,4,1,2,0.76,0.6818,0.45,0.0896,44,214,258
12790,2012-06-22,3,1,6,2,0,5,1,1,0.74,0.7121,0.79,0,0,12,12
2566,2011-04-21,2,0,4,19,0,4,1,1,0.46,0.4545,0.28,0.2836,52,272,324
2582,2011-04-22,2,0,4,11,0,5,1,3,0.34,0.3333,0.66,0.194,23,83,106
15138,2012-09-27,4,1,9,22,0,4,1,3,0.62,0.5758,0.83,0.2985,2,45,47
12000,2012-05-20,2,1,5,4,0,0,0,1,0.52,0.5,0.68,0.0896,2,14,16
8386,2011-12-21,1,0,12,1,0,3,1,2,0.36,0.3636,0.66,0.1045,1,10,11
2608,2011-04-23,2,0,4,13,0,6,0,1,0.52,0.5,0.83,0.3881,126,186,312
12927,2012-06-27,3,1,6,19,0,3,1,1,0.78,0.6818,0.29,0.3284,101,542,643
10675,2012-03-25,2,1,3,21,0,0,0,1,0.48,0.4697,0.77,0.1642,25,124,149
16942,2012-12-13,4,1,12,16,0,4,1,1,0.34,0.3485,0.39,0.1045,50,356,406
9448,2012-02-03,1,1,2,13,0,5,1,1,0.36,0.3636,0.46,0,25,173,198
2105,2011-04-02,2,0,4,13,0,6,0,1,0.34,0.3333,0.81,0.1343,56,81,137
16801,2012-12-07,4,1,12,19,0,5,1,2,0.38,0.3939,0.76,0,15,337,352
13691,2012-07-29,3,1,7,15,0,0,0,1,0.8,0.7273,0.43,0.1343,195,306,501
13187,2012-07-08,3,1,7,15,0,0,0,3,0.92,0.8939,0.42,0.2836,80,218,298
4235,2011-06-30,3,0,6,8,0,4,1,1,0.68,0.6364,0.47,0.2239,44,511,555
4995,2011-08-01,3,0,8,0,0,1,1,1,0.72,0.6818,0.7,0.2239,7,22,29
13843,2012-08-04,3,1,8,23,0,6,0,1,0.76,0.7273,0.66,0.2985,61,161,222
5058,2011-08-03,3,0,8,15,0,3,1,2,0.7,0.6667,0.79,0.1343,31,87,118
659,2011-01-30,1,0,1,18,0,0,0,1,0.26,0.2576,0.65,0.1642,8,57,65
4435,2011-07-08,3,0,7,16,0,5,1,3,0.68,0.6364,0.83,0.4478,27,105,132
11677,2012-05-06,2,1,5,17,0,0,0,2,0.62,0.6061,0.65,0.1343,195,316,511
718,2011-02-02,1,0,2,6,0,3,1,3,0.22,0.2424,0.93,0.1045,1,17,18
3817,2011-06-12,2,0,6,22,0,0,0,1,0.64,0.5758,0.83,0.1343,31,97,128
6774,2011-10-14,4,0,10,19,0,5,1,1,0.54,0.5152,0.39,0.3284,27,221,248
15945,2012-11-02,4,1,11,1,0,5,1,1,0.32,0.3182,0.66,0.1642,5,19,24
15674,2012-10-20,4,1,10,6,0,6,0,1,0.42,0.4242,0.71,0,5,26,31
14820,2012-09-14,3,1,9,16,0,5,1,2,0.72,0.6667,0.51,0,109,454,563
10665,2012-03-25,2,1,3,11,0,0,0,2,0.4,0.4091,0.94,0.2537,106,217,323
9814,2012-02-18,1,1,2,20,0,6,0,1,0.44,0.4394,0.44,0.1642,25,123,148
16910,2012-12-12,4,1,12,8,0,3,1,2,0.26,0.2576,0.65,0.1642,18,670,688
7261,2011-11-04,4,0,11,3,0,5,1,2,0.38,0.3939,0.87,0.1642,1,7,8
3905,2011-06-16,2,0,6,14,0,4,1,2,0.72,0.6667,0.54,0.3284,39,114,153
13206,2012-07-09,3,1,7,10,0,1,1,2,0.66,0.6061,0.83,0.194,58,117,175
2680,2011-04-26,2,0,4,13,0,2,1,1,0.74,0.6667,0.51,0.4478,37,139,176
9289,2012-01-27,1,1,1,22,0,5,1,1,0.34,0.303,0.49,0.3881,11,108,119
6812,2011-10-16,4,0,10,9,0,0,0,1,0.5,0.4848,0.45,0.2239,39,151,190
13331,2012-07-14,3,1,7,15,0,6,0,1,0.8,0.7576,0.55,0.1642,243,317,560
9360,2012-01-30,1,1,1,21,0,1,1,1,0.3,0.303,0.42,0.1642,3,159,162
10656,2012-03-25,2,1,3,2,0,0,0,3,0.42,0.4242,1,0.2985,6,29,35
3701,2011-06-08,2,0,6,2,0,3,1,1,0.64,0.5758,0.89,0.0896,0,7,7
14137,2012-08-17,3,1,8,5,0,5,1,1,0.64,0.2424,0.73,0.1045,2,34,36
1789,2011-03-20,1,0,3,5,0,0,0,1,0.26,0.2576,0.6,0.194,3,6,9
16748,2012-12-05,4,1,12,14,0,3,1,1,0.48,0.4697,0.33,0.4925,39,179,218
6315,2011-09-25,4,0,9,16,0,0,0,1,0.7,0.6515,0.7,0,144,320,464
3646,2011-06-05,2,0,6,19,0,0,0,1,0.68,0.6364,0.65,0.1642,108,249,357
1777,2011-03-19,1,0,3,17,0,6,0,1,0.48,0.4697,0.31,0.3284,138,140,278
193,2011-01-09,1,0,1,7,0,0,0,1,0.08,0.0909,0.53,0.194,1,5,6
9013,2012-01-16,1,1,1,9,1,1,0,1,0.1,0.1212,0.58,0.1642,7,89,96
16272,2012-11-15,4,1,11,17,0,4,1,2,0.36,0.3485,0.57,0.2239,22,541,563
15953,2012-11-02,4,1,11,9,0,5,1,1,0.34,0.3485,0.53,0.1045,27,355,382
17066,2012-12-18,4,1,12,20,0,2,1,1,0.36,0.3333,0.5,0.2537,4,264,268
5389,2011-08-17,3,0,8,10,0,3,1,1,0.76,0.6818,0.43,0.0896,27,91,118
12359,2012-06-04,2,1,6,3,0,1,1,2,0.56,0.5303,0.6,0.1642,0,5,5
12711,2012-06-18,2,1,6,19,0,1,1,2,0.62,0.5909,0.73,0.0896,52,411,463
4952,2011-07-30,3,0,7,5,0,6,0,1,0.72,0.6818,0.7,0.2836,4,9,13
2688,2011-04-26,2,0,4,21,0,2,1,1,0.62,0.5909,0.78,0.2836,33,162,195
4391,2011-07-06,3,0,7,20,0,3,1,1,0.72,0.697,0.74,0.2537,55,257,312
11165,2012-04-15,2,1,4,9,0,0,0,1,0.54,0.5152,0.56,0.2239,97,154,251
12930,2012-06-27,3,1,6,22,0,3,1,1,0.72,0.6515,0.39,0.0896,52,245,297
4928,2011-07-29,3,0,7,5,0,5,1,1,0.72,0.7121,0.84,0,4,23,27
5553,2011-08-24,3,0,8,6,0,3,1,1,0.56,0.5303,0.73,0,3,105,108
10800,2012-03-31,2,1,3,2,0,6,0,2,0.42,0.4242,0.77,0.2537,14,55,69
14456,2012-08-30,3,1,8,12,0,4,1,1,0.76,0.6818,0.45,0.1343,73,221,294
239,2011-01-11,1,0,1,7,0,2,1,2,0.16,0.2273,0.55,0,2,97,99
12208,2012-05-28,2,1,5,20,1,1,0,1,0.78,0.7424,0.62,0.2985,114,203,317
16775,2012-12-06,4,1,12,17,0,4,1,1,0.3,0.3182,0.45,0.1045,31,586,617
11170,2012-04-15,2,1,4,14,0,0,0,1,0.7,0.6364,0.39,0.2836,282,346,628
16111,2012-11-09,4,1,11,0,0,5,1,1,0.34,0.303,0.49,0.3284,9,46,55
6902,2011-10-20,4,0,10,4,0,4,1,1,0.5,0.4848,0.82,0.4627,2,6,8
13533,2012-07-23,3,1,7,1,0,1,1,1,0.66,0.5909,0.89,0.194,7,20,27
5619,2011-08-27,3,0,8,0,0,6,0,1,0.7,0.6667,0.84,0.1045,33,112,145
9138,2012-01-21,1,1,1,15,0,6,0,3,0.2,0.197,0.8,0.194,6,113,119
13385,2012-07-16,3,1,7,21,0,1,1,1,0.76,0.7273,0.66,0.1343,45,283,328
8641,2011-12-31,1,0,12,19,0,6,0,1,0.42,0.4242,0.54,0.2239,19,73,92
5098,2011-08-05,3,0,8,7,0,5,1,1,0.66,0.6061,0.78,0.1343,23,247,270
13378,2012-07-16,3,1,7,14,0,1,1,1,0.88,0.8182,0.42,0.1045,53,159,212
13806,2012-08-03,3,1,8,10,0,5,1,2,0.8,0.7424,0.52,0.194,82,167,249
16433,2012-11-22,4,1,11,10,1,4,0,1,0.36,0.3636,0.57,0.1045,65,154,219
3553,2011-06-01,2,0,6,22,0,3,1,1,0.74,0.697,0.66,0.1343,14,115,129
17357,2012-12-31,1,1,12,1,0,1,1,1,0.18,0.1818,0.55,0.194,6,13,19
3361,2011-05-24,2,0,5,22,0,2,1,3,0.62,0.5606,0.88,0.2239,26,115,141
8329,2011-12-18,4,0,12,16,0,0,0,1,0.28,0.2727,0.48,0.2537,27,207,234
5629,2011-08-27,3,0,8,10,0,6,0,2,0.7,0.6667,0.79,0.4627,51,154,205
10603,2012-03-22,2,1,3,21,0,4,1,1,0.58,0.5455,0.78,0.1642,66,308,374
7752,2011-11-24,4,0,11,14,1,4,0,1,0.5,0.4848,0.31,0.2985,74,94,168
5784,2011-09-03,3,0,9,10,0,6,0,3,0.66,0.6212,0.65,0.2537,90,168,258
4508,2011-07-11,3,0,7,17,0,1,1,1,0.86,0.8485,0.56,0.4179,59,455,514
15673,2012-10-20,4,1,10,5,0,6,0,1,0.4,0.4091,0.82,0,6,7,13
12175,2012-05-27,2,1,5,11,0,0,0,1,0.72,0.6818,0.66,0.2239,268,251,519
147,2011-01-07,1,0,1,9,0,5,1,1,0.2,0.1818,0.47,0.2985,9,125,134
15502,2012-10-13,4,1,10,2,0,6,0,1,0.34,0.3333,0.53,0.194,7,60,67
2295,2011-04-10,2,0,4,11,0,0,0,2,0.4,0.4091,0.87,0.1343,93,109,202
15854,2012-10-27,4,1,10,18,0,6,0,2,0.56,0.5303,0.64,0.2836,138,318,456
7179,2011-10-31,4,0,10,17,0,1,1,1,0.42,0.4242,0.54,0.1343,44,442,486
11804,2012-05-12,2,1,5,0,0,6,0,1,0.52,0.5,0.42,0.1642,25,111,136
9929,2012-02-23,1,1,2,17,0,4,1,1,0.54,0.5152,0.32,0.1642,49,561,610
15657,2012-10-19,4,1,10,13,0,5,1,1,0.62,0.5909,0.73,0.2239,87,288,375
8307,2011-12-17,4,0,12,18,0,6,0,1,0.26,0.2273,0.48,0.3881,7,150,157
11260,2012-04-19,2,1,4,8,0,4,1,2,0.42,0.4242,0.82,0.1045,26,651,677
13300,2012-07-13,3,1,7,8,0,5,1,2,0.7,0.6515,0.54,0,53,660,713
16947,2012-12-13,4,1,12,21,0,4,1,1,0.28,0.3182,0.48,0,13,200,213
15393,2012-10-08,4,1,10,13,1,1,0,2,0.42,0.4242,0.62,0.194,82,323,405
8691,2012-01-02,1,1,1,22,1,1,0,2,0.22,0.2121,0.44,0.2836,3,36,39
7082,2011-10-27,4,0,10,16,0,4,1,2,0.56,0.5303,0.73,0.1642,14,193,207
4734,2011-07-21,3,0,7,3,0,4,1,2,0.74,0.7121,0.79,0.1343,1,5,6
8913,2012-01-12,1,1,1,5,0,4,1,3,0.34,0.3485,0.93,0.0896,0,16,16
4385,2011-07-06,3,0,7,14,0,3,1,1,0.76,0.7273,0.66,0.2836,50,113,163
17299,2012-12-28,1,1,12,15,0,5,1,2,0.3,0.3182,0.49,0,74,151,225
11282,2012-04-20,2,1,4,6,0,5,1,1,0.42,0.4242,0.88,0,8,105,113
16686,2012-12-03,4,1,12,0,0,1,1,2,0.42,0.4242,0.82,0.1642,3,18,21
14303,2012-08-24,3,1,8,3,0,5,1,1,0.64,0.6061,0.73,0,2,6,8
4546,2011-07-13,3,0,7,7,0,3,1,1,0.76,0.697,0.55,0.2537,32,281,313
597,2011-01-28,1,0,1,1,0,5,1,2,0.2,0.2121,0.75,0.1343,1,2,3
16614,2012-11-30,4,1,11,0,0,5,1,1,0.26,0.2576,0.7,0.1642,4,48,52
11511,2012-04-29,2,1,4,19,0,0,0,1,0.56,0.5303,0.35,0.1343,128,247,375
13008,2012-07-01,3,1,7,4,0,0,0,1,0.7,0.6667,0.79,0.194,0,4,4
5165,2011-08-08,3,0,8,2,0,1,1,1,0.66,0.5909,0.89,0,4,3,7
6039,2011-09-14,3,0,9,4,0,3,1,1,0.6,0.5606,0.83,0.0896,1,8,9
1648,2011-03-14,1,0,3,5,0,1,1,1,0.24,0.2424,0.7,0.1343,0,8,8
11822,2012-05-12,2,1,5,18,0,6,0,2,0.66,0.6212,0.31,0.194,164,382,546
6816,2011-10-16,4,0,10,13,0,0,0,1,0.6,0.6212,0.35,0.2985,169,269,438
2701,2011-04-27,2,0,4,10,0,3,1,2,0.62,0.5758,0.83,0.2836,26,66,92
11863,2012-05-14,2,1,5,11,0,1,1,2,0.56,0.5303,0.83,0.2239,12,67,79
1701,2011-03-16,1,0,3,12,0,3,1,2,0.4,0.4091,0.71,0.1045,23,65,88
11503,2012-04-29,2,1,4,11,0,0,0,1,0.46,0.4545,0.51,0,128,283,411
10697,2012-03-26,2,1,3,19,0,1,1,1,0.42,0.4242,0.24,0.3582,41,417,458
2774,2011-04-30,2,0,4,11,0,6,0,1,0.5,0.4848,0.42,0.3582,120,201,321
11135,2012-04-14,2,1,4,3,0,6,0,1,0.36,0.3636,0.66,0.0896,6,26,32
6969,2011-10-22,4,0,10,23,0,6,0,1,0.38,0.3939,0.82,0,27,81,108
8144,2011-12-10,4,0,12,23,0,6,0,1,0.2,0.2121,0.47,0.1642,5,61,66
6220,2011-09-21,3,0,9,17,0,3,1,3,0.66,0.6212,0.74,0.1642,61,475,536
13263,2012-07-11,3,1,7,19,0,3,1,1,0.74,0.6667,0.48,0.2239,73,560,633
87,2011-01-04,1,0,1,18,0,2,1,1,0.26,0.2576,0.48,0.194,3,179,182
10501,2012-03-18,1,1,3,15,0,0,0,1,0.54,0.5152,0.68,0.0896,240,314,554
10870,2012-04-03,2,1,4,1,0,2,1,1,0.38,0.3939,0.46,0.2239,0,11,11
15194,2012-09-30,4,1,9,6,0,0,0,1,0.44,0.4394,0.72,0.0896,2,20,22
16845,2012-12-09,4,1,12,15,0,0,0,3,0.36,0.3485,0.93,0.1642,25,200,225
16240,2012-11-14,4,1,11,9,0,3,1,1,0.3,0.2727,0.52,0.3881,22,310,332
2595,2011-04-23,2,0,4,0,0,6,0,2,0.32,0.3182,1,0.194,0,18,18
12834,2012-06-23,3,1,6,22,0,6,0,1,0.74,0.6515,0.37,0.1045,101,178,279
1030,2011-02-15,1,0,2,14,0,2,1,1,0.34,0.3182,0.19,0.2239,10,69,79
137,2011-01-06,1,0,1,22,0,4,1,2,0.22,0.2121,0.51,0.2836,1,51,52
6973,2011-10-23,4,0,10,3,0,0,0,1,0.34,0.3636,0.87,0,15,31,46
13834,2012-08-04,3,1,8,14,0,6,0,1,0.88,0.803,0.4,0.3881,183,289,472
7025,2011-10-25,4,0,10,7,0,2,1,1,0.4,0.4091,0.76,0.194,15,299,314
11088,2012-04-12,2,1,4,4,0,4,1,1,0.3,0.2879,0.61,0.2239,0,1,1
2855,2011-05-03,2,0,5,20,0,2,1,1,0.66,0.6212,0.61,0.194,28,262,290
1201,2011-02-23,1,0,2,1,0,3,1,1,0.14,0.1515,0.46,0.1642,0,4,4
6122,2011-09-17,3,0,9,15,0,6,0,2,0.52,0.5,0.72,0.194,148,206,354
9764,2012-02-16,1,1,2,18,0,4,1,3,0.34,0.3333,0.87,0.1343,8,345,353
12128,2012-05-25,2,1,5,12,0,5,1,1,0.72,0.6818,0.66,0.1045,84,237,321
8759,2012-01-05,1,1,1,18,0,4,1,1,0.34,0.3333,0.36,0.1642,9,374,383
17061,2012-12-18,4,1,12,15,0,2,1,1,0.46,0.4545,0.44,0.4925,28,218,246
6297,2011-09-24,4,0,9,22,0,6,0,2,0.62,0.5606,0.88,0,50,143,193
3928,2011-06-17,2,0,6,13,0,5,1,1,0.74,0.6818,0.62,0.2836,48,156,204
10106,2012-03-02,1,1,3,3,0,5,1,1,0.32,0.3182,0.57,0.194,0,3,3
11583,2012-05-02,2,1,5,19,0,3,1,1,0.54,0.5152,0.77,0.2537,43,461,504
16377,2012-11-20,4,1,11,2,0,2,1,2,0.32,0.3333,0.76,0.0896,0,5,5
8469,2011-12-24,1,0,12,12,0,6,0,1,0.34,0.3182,0.39,0.2836,15,79,94
3607,2011-06-04,2,0,6,4,0,6,0,1,0.52,0.5,0.59,0.0896,4,11,15
16448,2012-11-23,4,1,11,1,0,5,1,1,0.28,0.303,0.81,0.0896,2,11,13
10552,2012-03-20,1,1,3,18,0,2,1,1,0.6,0.5909,0.69,0.2537,136,665,801
2331,2011-04-12,2,0,4,0,0,2,1,2,0.62,0.6212,0.5,0.1045,11,13,24
11708,2012-05-08,2,1,5,0,0,2,1,2,0.52,0.5,0.52,0.2537,10,28,38
2188,2011-04-06,2,0,4,0,0,3,1,1,0.3,0.3182,0.49,0.1045,0,15,15
196,2011-01-09,1,0,1,10,0,0,0,1,0.14,0.1061,0.43,0.3881,0,49,49
12357,2012-06-04,2,1,6,1,0,1,1,3,0.56,0.5303,0.6,0.1642,4,10,14
5060,2011-08-03,3,0,8,17,0,3,1,2,0.7,0.6667,0.79,0,47,378,425
803,2011-02-05,1,0,2,21,0,6,0,1,0.26,0.2576,1,0.194,3,53,56
2669,2011-04-26,2,0,4,2,0,2,1,1,0.56,0.5303,0.83,0.3284,17,9,26
242,2011-01-11,1,0,1,10,0,2,1,2,0.2,0.2121,0.51,0.1642,3,51,54
2069,2011-04-01,2,0,4,1,0,5,1,3,0.26,0.2576,1,0.1642,0,4,4
12718,2012-06-19,2,1,6,2,0,2,1,2,0.6,0.5758,0.78,0.1343,1,14,15
16236,2012-11-14,4,1,11,5,0,3,1,1,0.22,0.2273,0.69,0.194,0,39,39
645,2011-01-30,1,0,1,3,0,0,0,1,0.14,0.2121,0.93,0,1,7,8
9117,2012-01-20,1,1,1,18,0,5,1,2,0.2,0.2273,0.34,0.0896,5,296,301
5104,2011-08-05,3,0,8,13,0,5,1,1,0.78,0.7121,0.52,0.2537,40,164,204
1638,2011-03-13,1,0,3,18,0,0,0,1,0.4,0.4091,0.43,0.3582,55,92,147
7553,2011-11-16,4,0,11,7,0,3,1,3,0.46,0.4545,0.94,0,7,130,137
8313,2011-12-18,4,0,12,0,0,0,0,1,0.2,0.2121,0.75,0.1343,7,64,71
11174,2012-04-15,2,1,4,18,0,0,0,1,0.7,0.6364,0.42,0.2537,184,295,479
3075,2011-05-13,2,0,5,0,0,5,1,2,0.52,0.5,0.83,0.1642,6,46,52
9015,2012-01-16,1,1,1,11,1,1,0,1,0.16,0.1515,0.59,0.2537,21,158,179
7297,2011-11-05,4,0,11,15,0,6,0,1,0.4,0.4091,0.37,0.194,141,202,343
3279,2011-05-21,2,0,5,12,0,6,0,1,0.66,0.6212,0.5,0,222,271,493
8004,2011-12-05,4,0,12,3,0,1,1,1,0.32,0.3485,0.87,0,0,2,2
10328,2012-03-11,1,1,3,10,0,0,0,1,0.32,0.303,0.49,0.2836,71,147,218
4971,2011-07-31,3,0,7,0,0,0,0,1,0.76,0.697,0.55,0.0896,33,80,113
13968,2012-08-10,3,1,8,4,0,5,1,3,0.7,0.6667,0.84,0.2836,0,7,7
8327,2011-12-18,4,0,12,14,0,0,0,1,0.3,0.2879,0.49,0.2836,19,200,219
6916,2011-10-20,4,0,10,18,0,4,1,2,0.46,0.4545,0.51,0.2985,39,430,469
12906,2012-06-26,3,1,6,22,0,2,1,1,0.66,0.6212,0.34,0.2537,26,219,245
11962,2012-05-18,2,1,5,14,0,5,1,1,0.66,0.6212,0.34,0.1343,108,242,350
10752,2012-03-29,2,1,3,2,0,4,1,1,0.6,0.6061,0.28,0.2985,0,6,6
7830,2011-11-27,4,0,11,20,0,0,0,1,0.5,0.4848,0.63,0.2537,10,94,104
63,2011-01-03,1,0,1,17,0,1,1,1,0.24,0.2273,0.3,0.2239,11,146,157
14662,2012-09-08,3,1,9,2,0,6,0,1,0.66,0.5909,0.89,0.3284,9,68,77
14730,2012-09-10,3,1,9,22,0,1,1,1,0.54,0.5152,0.52,0.1343,15,144,159
16802,2012-12-07,4,1,12,20,0,5,1,3,0.38,0.3939,0.76,0.1045,12,229,241
13534,2012-07-23,3,1,7,2,0,1,1,2,0.66,0.5909,0.94,0.0896,3,14,17
16330,2012-11-18,4,1,11,3,0,0,0,2,0.3,0.303,0.81,0.1642,9,37,46
12771,2012-06-21,3,1,6,7,0,4,1,2,0.7,0.6667,0.84,0.0896,26,437,463
10660,2012-03-25,2,1,3,6,0,0,0,2,0.4,0.4091,1,0.2537,5,13,18
680,2011-01-31,1,0,1,15,0,1,1,2,0.16,0.1818,0.59,0.1343,3,41,44
2042,2011-03-30,2,0,3,22,0,3,1,3,0.24,0.2273,0.93,0.2239,3,21,24
8934,2012-01-13,1,1,1,2,0,5,1,1,0.4,0.4091,0.76,0.3582,1,13,14
5308,2011-08-14,3,0,8,1,0,0,0,3,0.64,0.5758,0.89,0.2239,16,57,73
13741,2012-07-31,3,1,7,17,0,2,1,1,0.78,0.7121,0.52,0.2239,94,726,820
3642,2011-06-05,2,0,6,15,0,0,0,1,0.7,0.6515,0.54,0,161,256,417
15305,2012-10-04,4,1,10,21,0,4,1,1,0.62,0.6061,0.69,0,33,288,321
15099,2012-09-26,4,1,9,7,0,3,1,1,0.54,0.5152,0.77,0.1343,9,523,532
3259,2011-05-20,2,0,5,16,0,5,1,2,0.6,0.6212,0.53,0.1642,61,269,330
1874,2011-03-23,2,0,3,20,0,3,1,3,0.36,0.303,0.87,0.6418,3,72,75
4745,2011-07-21,3,0,7,14,0,4,1,1,0.9,0.8939,0.5,0.3582,50,97,147
10789,2012-03-30,2,1,3,15,0,5,1,3,0.42,0.4242,0.54,0,73,207,280
9910,2012-02-22,1,1,2,22,0,3,1,2,0.44,0.4394,0.47,0.2537,18,129,147
2913,2011-05-06,2,0,5,6,0,5,1,1,0.36,0.3636,0.81,0.0896,8,74,82
11036,2012-04-09,2,1,4,23,0,1,1,1,0.44,0.4394,0.44,0.2985,6,61,67
4028,2011-06-21,3,0,6,17,0,2,1,1,0.78,0.7576,0.66,0.2239,65,507,572
5489,2011-08-21,3,0,8,14,0,0,0,3,0.7,0.6667,0.79,0.3881,78,157,235
16018,2012-11-05,4,1,11,2,0,1,1,2,0.3,0.303,0.56,0.1642,2,4,6
8025,2011-12-06,4,0,12,0,0,2,1,2,0.5,0.4848,0.77,0.2985,3,25,28
7787,2011-11-26,4,0,11,1,0,6,0,1,0.32,0.3333,0.76,0.0896,5,24,29
15108,2012-09-26,4,1,9,16,0,3,1,1,0.74,0.6667,0.45,0.2836,71,397,468
7241,2011-11-03,4,0,11,7,0,4,1,2,0.32,0.3333,0.81,0.0896,12,280,292
6865,2011-10-18,4,0,10,14,0,2,1,2,0.62,0.6212,0.41,0.1642,32,137,169
490,2011-01-22,1,0,1,11,0,6,0,2,0.06,0.0758,0.38,0.1343,4,59,63
8686,2012-01-02,1,1,1,17,1,1,0,1,0.26,0.2273,0.35,0.3881,17,136,153
691,2011-02-01,1,0,2,2,0,2,1,2,0.16,0.2273,0.69,0,0,2,2
12014,2012-05-20,2,1,5,18,0,0,0,1,0.7,0.6515,0.51,0.3284,146,328,474
603,2011-01-28,1,0,1,8,0,5,1,2,0.16,0.197,0.86,0.0896,2,155,157
10104,2012-03-02,1,1,3,1,0,5,1,1,0.34,0.3182,0.49,0.2239,2,18,20
1015,2011-02-14,1,0,2,22,0,1,1,1,0.34,0.2879,0.46,0.6567,1,44,45
870,2011-02-08,1,0,2,16,0,2,1,1,0.22,0.1818,0.35,0.5224,4,79,83
1994,2011-03-28,2,0,3,22,0,1,1,1,0.3,0.2879,0.22,0.2239,0,40,40
12699,2012-06-18,2,1,6,7,0,1,1,3,0.52,0.5,0.94,0.2239,10,135,145
11950,2012-05-18,2,1,5,2,0,5,1,1,0.48,0.4697,0.67,0.1343,12,9,21
10559,2012-03-21,2,1,3,1,0,3,1,1,0.52,0.5,0.83,0.0896,4,22,26
7611,2011-11-18,4,0,11,17,0,5,1,1,0.32,0.3333,0.31,0.1343,17,361,378
5284,2011-08-13,3,0,8,1,0,6,0,2,0.68,0.6364,0.57,0.0896,13,64,77
4371,2011-07-06,3,0,7,0,0,3,1,1,0.72,0.697,0.74,0.194,11,26,37
13887,2012-08-06,3,1,8,19,0,1,1,1,0.78,0.7424,0.59,0.194,109,531,640
14009,2012-08-11,3,1,8,21,0,6,0,2,0.66,0.5909,0.89,0.1642,26,102,128
1362,2011-03-02,1,0,3,0,0,3,1,1,0.22,0.2273,0.69,0.1642,3,5,8
12934,2012-06-28,3,1,6,2,0,4,1,1,0.66,0.6212,0.5,0.0896,1,12,13
1527,2011-03-08,1,0,3,23,0,2,1,1,0.28,0.2727,0.61,0.194,3,38,41
15459,2012-10-11,4,1,10,7,0,4,1,1,0.36,0.3333,0.5,0.2537,11,467,478
1630,2011-03-13,1,0,3,10,0,0,0,1,0.42,0.4242,0.47,0.2537,36,86,122
1552,2011-03-10,1,0,3,0,0,4,1,3,0.34,0.3182,0,0.2537,3,0,3
14195,2012-08-19,3,1,8,15,0,0,0,2,0.64,0.6061,0.65,0,89,187,276
1185,2011-02-22,1,0,2,9,0,2,1,2,0.14,0.1212,0.74,0.2537,5,101,106
1338,2011-03-01,1,0,3,0,0,2,1,1,0.3,0.2727,0.7,0.4627,0,7,7
3902,2011-06-16,2,0,6,11,0,4,1,2,0.68,0.6364,0.61,0.2985,33,117,150
11203,2012-04-16,2,1,4,23,1,1,0,1,0.7,0.6364,0.45,0.2985,24,97,121
5042,2011-08-02,3,0,8,23,0,2,1,2,0.8,0.7424,0.49,0.1642,29,103,132
8253,2011-12-15,4,0,12,12,0,4,1,2,0.46,0.4545,0.59,0.4925,17,140,157
10443,2012-03-16,1,1,3,5,0,5,1,2,0.4,0.4091,0.87,0.2239,2,30,32
13518,2012-07-22,3,1,7,10,0,0,0,2,0.66,0.6212,0.74,0,114,265,379
5040,2011-08-02,3,0,8,21,0,2,1,1,0.8,0.7424,0.52,0.2239,53,201,254
2347,2011-04-12,2,0,4,16,0,2,1,2,0.48,0.4697,0.77,0.3881,19,80,99
16795,2012-12-07,4,1,12,13,0,5,1,2,0.36,0.3485,0.66,0.1343,23,197,220
5486,2011-08-21,3,0,8,11,0,0,0,1,0.8,0.7879,0.63,0.2836,132,181,313
6137,2011-09-18,3,0,9,6,0,0,0,1,0.44,0.4394,0.77,0.2537,2,10,12
10977,2012-04-07,2,1,4,12,0,6,0,1,0.46,0.4545,0.23,0.3881,320,270,590
5695,2011-08-30,3,0,8,17,0,2,1,1,0.72,0.6515,0.42,0.194,62,549,611
5120,2011-08-06,3,0,8,5,0,6,0,1,0.64,0.5758,0.89,0.0896,2,4,6
5167,2011-08-08,3,0,8,4,0,1,1,1,0.66,0.5909,0.89,0.1045,2,8,10
1135,2011-02-20,1,0,2,0,0,0,0,1,0.26,0.2121,0.35,0.4478,3,14,17
8343,2011-12-19,4,0,12,6,0,1,1,1,0.16,0.1818,0.86,0.1045,0,68,68
10997,2012-04-08,2,1,4,8,0,0,0,1,0.4,0.4091,0.3,0.194,19,65,84
13363,2012-07-15,3,1,7,23,0,0,0,1,0.72,0.697,0.79,0.1343,25,66,91
10279,2012-03-09,1,1,3,8,0,5,1,2,0.34,0.2879,0.42,0.5224,17,484,501
11944,2012-05-17,2,1,5,20,0,4,1,1,0.6,0.6212,0.4,0.194,83,363,446
10452,2012-03-16,1,1,3,14,0,5,1,2,0.48,0.4697,0.72,0,56,146,202
4018,2011-06-21,3,0,6,7,0,2,1,2,0.6,0.5152,0.94,0,21,288,309
10410,2012-03-14,1,1,3,20,0,3,1,1,0.62,0.6212,0.35,0.1045,44,286,330
13012,2012-07-01,3,1,7,8,0,0,0,1,0.78,0.7424,0.62,0.1045,36,106,142
2425,2011-04-15,2,0,4,22,1,5,0,2,0.38,0.3939,0.82,0.3881,16,64,80
4139,2011-06-26,3,0,6,8,0,0,0,1,0.64,0.6212,0.61,0.194,29,78,107
12049,2012-05-22,2,1,5,5,0,2,1,3,0.56,0.5303,0.88,0.194,0,17,17
860,2011-02-08,1,0,2,6,0,2,1,1,0.26,0.2273,0.7,0.3284,0,39,39
2963,2011-05-08,2,0,5,8,0,0,0,1,0.52,0.5,0.63,0.1343,28,58,86
8090,2011-12-08,4,0,12,17,0,4,1,1,0.3,0.3182,0.49,0.1045,10,321,331
15843,2012-10-27,4,1,10,7,0,6,0,1,0.48,0.4697,0.83,0.194,7,79,86
14318,2012-08-24,3,1,8,18,0,5,1,2,0.72,0.6818,0.62,0.194,109,627,736
16152,2012-11-10,4,1,11,17,0,6,0,1,0.5,0.4848,0.45,0.194,183,318,501
17321,2012-12-29,1,1,12,13,0,6,0,3,0.2,0.2424,1,0,13,71,84
15733,2012-10-22,4,1,10,17,0,1,1,1,0.62,0.6212,0.33,0.1045,84,838,922
1365,2011-03-02,1,0,3,3,0,3,1,1,0.22,0.2121,0.69,0.2836,3,1,4
7675,2011-11-21,4,0,11,9,0,1,1,2,0.48,0.4697,0.94,0.1045,15,222,237
1780,2011-03-19,1,0,3,20,0,6,0,1,0.42,0.4242,0.35,0.2239,39,69,108
12817,2012-06-23,3,1,6,5,0,6,0,2,0.64,0.5758,0.83,0.194,1,11,12
2102,2011-04-02,2,0,4,10,0,6,0,2,0.36,0.3485,0.57,0.1642,41,113,154
1819,2011-03-21,2,0,3,12,0,1,1,2,0.44,0.4394,0.77,0.2537,25,56,81
370,2011-01-16,1,0,1,21,0,0,0,1,0.18,0.197,0.51,0.1642,6,22,28
4938,2011-07-29,3,0,7,15,0,5,1,1,0.96,0.8636,0.3,0.2537,40,129,169
10897,2012-04-04,2,1,4,4,0,3,1,1,0.42,0.4242,0.67,0.0896,0,1,1
5286,2011-08-13,3,0,8,3,0,6,0,1,0.66,0.6212,0.65,0.1343,9,18,27
8368,2011-12-20,4,0,12,7,0,2,1,2,0.36,0.3788,0.62,0,7,261,268
15022,2012-09-23,4,1,9,2,0,0,0,1,0.52,0.5,0.48,0.2537,18,77,95
7072,2011-10-27,4,0,10,6,0,4,1,3,0.5,0.4848,0.82,0,4,42,46
2094,2011-04-02,2,0,4,2,0,6,0,1,0.24,0.2424,0.75,0.1343,1,20,21
11337,2012-04-22,2,1,4,13,0,0,0,3,0.38,0.3939,0.82,0.3582,5,47,52
11684,2012-05-07,2,1,5,0,0,1,1,2,0.52,0.5,0.77,0.1343,13,21,34
7818,2011-11-27,4,0,11,8,0,0,0,1,0.4,0.4091,0.82,0.2985,6,36,42
1921,2011-03-25,2,0,3,19,0,5,1,2,0.3,0.2879,0.36,0.2836,9,126,135
83,2011-01-04,1,0,1,14,0,2,1,1,0.26,0.2576,0.52,0.2239,9,54,63
7332,2011-11-07,4,0,11,2,0,1,1,1,0.32,0.3485,0.93,0,0,2,2
7305,2011-11-05,4,0,11,23,0,6,0,1,0.28,0.3182,0.7,0,4,81,85
817,2011-02-06,1,0,2,11,0,0,0,1,0.32,0.303,0.49,0.2537,28,89,117
14348,2012-08-26,3,1,8,0,0,0,0,1,0.64,0.5758,0.89,0.2537,23,111,134
4397,2011-07-07,3,0,7,2,0,4,1,1,0.66,0.5909,0.89,0.194,1,7,8
13768,2012-08-01,3,1,8,20,0,3,1,1,0.74,0.697,0.66,0.1642,65,448,513
8476,2011-12-24,1,0,12,19,0,6,0,1,0.3,0.3182,0.52,0.0896,1,24,25
6125,2011-09-17,3,0,9,18,0,6,0,2,0.52,0.5,0.72,0.2239,95,234,329
4121,2011-06-25,3,0,6,14,0,6,0,1,0.74,0.6667,0.45,0.2985,151,232,383
14748,2012-09-11,3,1,9,16,0,2,1,1,0.7,0.6364,0.28,0.1343,99,437,536
8802,2012-01-07,1,1,1,13,0,6,0,1,0.44,0.4394,0.44,0.194,149,296,445
11108,2012-04-13,2,1,4,0,0,5,1,1,0.4,0.4091,0.37,0.2537,14,41,55
1814,2011-03-21,2,0,3,7,0,1,1,3,0.3,0.2727,0.87,0.4179,3,15,18
1272,2011-02-26,1,0,2,3,0,6,0,1,0.22,0.2273,0.55,0.1343,1,7,8
12873,2012-06-25,3,1,6,13,0,1,1,1,0.72,0.6667,0.51,0.2985,79,181,260
8752,2012-01-05,1,1,1,11,0,4,1,1,0.3,0.3333,0.49,0,6,78,84
2995,2011-05-09,2,0,5,16,0,1,1,1,0.64,0.6212,0.38,0.2239,49,255,304
14106,2012-08-15,3,1,8,22,0,3,1,1,0.7,0.6515,0.61,0.1642,29,197,226
6410,2011-09-29,4,0,9,15,0,4,1,1,0.68,0.6364,0.45,0.3881,42,185,227
14349,2012-08-26,3,1,8,1,0,0,0,1,0.64,0.5758,0.89,0.194,18,116,134
2643,2011-04-25,2,0,4,0,0,1,1,3,0.52,0.5,1,0,2,10,12
9281,2012-01-27,1,1,1,14,0,5,1,1,0.5,0.4848,0.55,0.5522,23,153,176
12823,2012-06-23,3,1,6,11,0,6,0,1,0.76,0.6818,0.48,0.2239,167,349,516
2306,2011-04-10,2,0,4,22,0,0,0,1,0.44,0.4394,0.94,0.2537,12,45,57
16277,2012-11-15,4,1,11,22,0,4,1,2,0.32,0.3182,0.66,0.1642,10,143,153
16494,2012-11-24,4,1,11,23,0,6,0,1,0.24,0.2273,0.44,0.194,9,48,57
4196,2011-06-28,3,0,6,17,0,2,1,3,0.82,0.7879,0.56,0.2836,70,509,579
15490,2012-10-12,4,1,10,14,0,5,1,1,0.56,0.5303,0.37,0.4627,109,262,371
12361,2012-06-04,2,1,6,5,0,1,1,1,0.52,0.5,0.68,0,2,33,35
3850,2011-06-14,2,0,6,7,0,2,1,1,0.56,0.5303,0.52,0.4179,19,346,365
17255,2012-12-26,1,1,12,19,0,3,1,3,0.3,0.2879,0.87,0.194,2,33,35
15555,2012-10-15,4,1,10,7,0,1,1,2,0.58,0.5455,0.68,0.3284,15,461,476
17026,2012-12-17,4,1,12,4,0,1,1,3,0.36,0.3788,1,0,2,3,5
10607,2012-03-23,2,1,3,1,0,5,1,1,0.54,0.5152,0.88,0,18,32,50
3555,2011-06-02,2,0,6,0,0,4,1,1,0.74,0.6515,0.4,0.3582,11,31,42
2196,2011-04-06,2,0,4,8,0,3,1,1,0.32,0.303,0.61,0.2239,17,308,325
2601,2011-04-23,2,0,4,6,0,6,0,2,0.34,0.3333,1,0.1642,0,11,11
6164,2011-09-19,3,0,9,9,0,1,1,2,0.54,0.5152,0.68,0.1642,32,183,215
1519,2011-03-08,1,0,3,15,0,2,1,2,0.36,0.3788,0.18,0,35,77,112
12507,2012-06-10,2,1,6,7,0,0,0,1,0.6,0.5758,0.78,0.1045,21,41,62
11559,2012-05-01,2,1,5,19,0,2,1,1,0.7,0.6515,0.54,0.1343,58,429,487
13016,2012-07-01,3,1,7,12,0,0,0,1,0.9,0.8182,0.37,0.2239,114,319,433
13572,2012-07-24,3,1,7,16,0,2,1,1,0.8,0.7576,0.55,0.2985,86,369,455
6310,2011-09-25,4,0,9,11,0,0,0,2,0.66,0.6061,0.78,0.1343,131,230,361
10826,2012-04-01,2,1,4,4,0,0,0,2,0.34,0.3485,0.81,0.0896,3,9,12
5756,2011-09-02,3,0,9,6,0,5,1,1,0.6,0.5606,0.83,0.1343,3,73,76
5634,2011-08-27,3,0,8,15,0,6,0,3,0.64,0.5758,0.89,0.5522,2,28,30
8400,2011-12-21,1,0,12,15,0,3,1,2,0.48,0.4697,0.88,0.3881,4,57,61
6242,2011-09-22,3,0,9,15,0,4,1,2,0.68,0.6364,0.79,0.1642,32,149,181
10627,2012-03-23,2,1,3,21,0,5,1,1,0.62,0.6212,0.53,0.1045,64,220,284
7163,2011-10-31,4,0,10,1,0,1,1,1,0.26,0.303,0.81,0,5,8,13
11847,2012-05-13,2,1,5,19,0,0,0,2,0.66,0.6212,0.5,0.4179,107,232,339
13759,2012-08-01,3,1,8,11,0,3,1,1,0.76,0.7121,0.58,0.0896,54,180,234
13962,2012-08-09,3,1,8,22,0,4,1,2,0.66,0.6212,0.69,0.2239,41,218,259
16395,2012-11-20,4,1,11,20,0,2,1,2,0.38,0.3939,0.76,0,11,224,235
11738,2012-05-09,2,1,5,6,0,3,1,2,0.56,0.5303,0.88,0.1045,5,121,126
1989,2011-03-28,2,0,3,17,0,1,1,1,0.34,0.303,0.23,0.2985,25,227,252
9534,2012-02-07,1,1,2,4,0,2,1,2,0.3,0.3333,0.7,0,0,3,3
7738,2011-11-24,4,0,11,0,1,4,0,1,0.32,0.303,0.57,0.2239,1,22,23
518,2011-01-23,1,0,1,16,0,0,0,1,0.16,0.1364,0.26,0.3284,9,56,65
10562,2012-03-21,2,1,3,4,0,3,1,2,0.5,0.4848,0.88,0.1343,0,4,4
6161,2011-09-19,3,0,9,6,0,1,1,1,0.5,0.4848,0.77,0.2239,6,107,113
13869,2012-08-06,3,1,8,1,0,1,1,1,0.72,0.697,0.79,0.0896,1,10,11
16608,2012-11-29,4,1,11,18,0,4,1,1,0.32,0.3182,0.49,0.1642,17,520,537
14956,2012-09-20,3,1,9,8,0,4,1,1,0.5,0.4848,0.68,0.0896,44,746,790
13386,2012-07-16,3,1,7,22,0,1,1,1,0.76,0.7121,0.62,0.0896,56,228,284
9608,2012-02-10,1,1,2,6,0,5,1,1,0.2,0.197,0.59,0.194,3,61,64
4457,2011-07-09,3,0,7,14,0,6,0,1,0.84,0.7424,0.36,0.1343,158,215,373
2762,2011-04-29,2,0,4,23,0,5,1,2,0.44,0.4394,0.54,0.0896,25,88,113
6482,2011-10-02,4,0,10,15,0,0,0,3,0.36,0.3333,0.81,0.2537,29,144,173
5912,2011-09-08,3,0,9,20,0,4,1,2,0.62,0.5455,0.94,0.1642,6,83,89
16555,2012-11-27,4,1,11,12,0,2,1,3,0.28,0.2576,0.87,0.3881,6,70,76
6548,2011-10-05,4,0,10,9,0,3,1,1,0.54,0.5152,0.6,0.2985,32,187,219
4856,2011-07-26,3,0,7,5,0,2,1,1,0.66,0.5909,0.89,0.0896,3,24,27
7645,2011-11-20,4,0,11,3,0,0,0,2,0.4,0.4091,0.66,0.2836,6,31,37
16404,2012-11-21,4,1,11,5,0,3,1,1,0.28,0.2879,0.87,0.1045,1,28,29
8320,2011-12-18,4,0,12,7,0,0,0,1,0.2,0.2121,0.59,0.1642,1,11,12
11667,2012-05-06,2,1,5,7,0,0,0,3,0.52,0.5,0.83,0.1642,5,31,36
6359,2011-09-27,4,0,9,12,0,2,1,2,0.66,0.5909,0.89,0.1343,33,129,162
9742,2012-02-15,1,1,2,20,0,3,1,1,0.36,0.3485,0.46,0.1642,4,207,211
12503,2012-06-10,2,1,6,3,0,0,0,1,0.64,0.6061,0.73,0.1045,6,23,29
2439,2011-04-16,2,0,4,12,0,6,0,2,0.46,0.4545,0.88,0.5821,6,26,32
3766,2011-06-10,2,0,6,19,0,5,1,1,0.78,0.7424,0.59,0.194,61,245,306
6433,2011-09-30,4,0,9,14,0,5,1,2,0.64,0.6212,0.47,0.2985,93,173,266
8644,2011-12-31,1,0,12,22,0,6,0,1,0.38,0.3939,0.62,0.1343,2,36,38
7847,2011-11-28,4,0,11,14,0,1,1,1,0.6,0.6212,0.56,0,14,129,143
14346,2012-08-25,3,1,8,22,0,6,0,1,0.62,0.5758,0.83,0.3582,46,136,182
12254,2012-05-30,2,1,5,18,0,3,1,1,0.74,0.6667,0.48,0.1642,50,746,796
9666,2012-02-12,1,1,2,16,0,0,0,1,0.2,0.1667,0.34,0.4627,16,148,164
8059,2011-12-07,4,0,12,10,0,3,1,3,0.44,0.4394,1,0.0896,1,32,33
6341,2011-09-26,4,0,9,18,0,1,1,1,0.66,0.6061,0.83,0.1045,63,490,553
4822,2011-07-24,3,0,7,19,0,0,0,1,0.86,0.803,0.47,0.1642,70,170,240
19,2011-01-01,1,0,1,18,0,6,0,3,0.42,0.4242,0.88,0.2537,9,26,35
3561,2011-06-02,2,0,6,6,0,4,1,1,0.66,0.6212,0.39,0.1343,7,106,113
3952,2011-06-18,2,0,6,13,0,6,0,1,0.76,0.697,0.55,0,135,192,327
50,2011-01-03,1,0,1,4,0,1,1,1,0.16,0.1364,0.47,0.3881,0,1,1
3105,2011-05-14,2,0,5,6,0,6,0,2,0.5,0.4848,0.88,0.1045,2,9,11
888,2011-02-09,1,0,2,11,0,3,1,2,0.14,0.1515,0.43,0.1642,1,40,41
6262,2011-09-23,4,0,9,11,0,5,1,3,0.62,0.5152,1,0.1045,1,20,21
7237,2011-11-03,4,0,11,3,0,4,1,1,0.34,0.3333,0.81,0.1343,1,4,5
6990,2011-10-23,4,0,10,20,0,0,0,1,0.44,0.4394,0.72,0.0896,32,112,144
6044,2011-09-14,3,0,9,9,0,3,1,1,0.64,0.5909,0.78,0.1642,19,183,202
10809,2012-03-31,2,1,3,11,0,6,0,1,0.46,0.4545,0.72,0.1343,184,279,463
8709,2012-01-03,1,1,1,16,0,2,1,1,0.14,0.0909,0.39,0.5821,7,129,136
3169,2011-05-16,2,0,5,22,0,1,1,1,0.56,0.5303,0.88,0.0896,22,105,127
2950,2011-05-07,2,0,5,19,0,6,0,1,0.56,0.5303,0.43,0.194,88,179,267
1425,2011-03-04,1,0,3,15,0,5,1,1,0.36,0.3333,0.4,0.2985,31,75,106
140,2011-01-07,1,0,1,1,0,5,1,2,0.2,0.197,0.69,0.2239,2,5,7
10117,2012-03-02,1,1,3,14,0,5,1,2,0.44,0.4394,0.44,0.2836,29,176,205
10571,2012-03-21,2,1,3,13,0,3,1,2,0.54,0.5152,0.83,0,81,222,303
3198,2011-05-18,2,0,5,3,0,3,1,3,0.52,0.5,0.94,0.2985,6,3,9
5132,2011-08-06,3,0,8,17,0,6,0,3,0.74,0.7121,0.79,0.1642,61,88,149
113,2011-01-05,1,0,1,21,0,3,1,1,0.2,0.197,0.51,0.194,3,40,43
8161,2011-12-11,4,0,12,16,0,0,0,1,0.3,0.3333,0.26,0,32,174,206
16096,2012-11-08,4,1,11,9,0,4,1,1,0.32,0.2879,0.31,0.3582,22,253,275
4560,2011-07-13,3,0,7,21,0,3,1,1,0.7,0.6667,0.79,0.1045,56,194,250
4596,2011-07-15,3,0,7,9,0,5,1,1,0.68,0.6364,0.54,0.194,31,176,207
11443,2012-04-26,2,1,4,23,0,4,1,1,0.5,0.4848,0.88,0.1642,6,106,112
4691,2011-07-19,3,0,7,8,0,2,1,2,0.76,0.7273,0.7,0.1642,31,381,412
11255,2012-04-19,2,1,4,3,0,4,1,2,0.42,0.4242,0.77,0,1,3,4
7952,2011-12-02,4,0,12,23,0,5,1,1,0.32,0.303,0.53,0.2836,14,81,95
14751,2012-09-11,3,1,9,19,0,2,1,1,0.62,0.6212,0.41,0.194,56,540,596
12739,2012-06-19,2,1,6,23,0,2,1,1,0.72,0.697,0.79,0.1343,23,102,125
13817,2012-08-03,3,1,8,21,0,5,1,2,0.76,0.7273,0.66,0.194,54,224,278
3278,2011-05-21,2,0,5,11,0,6,0,1,0.64,0.6212,0.53,0.1343,173,245,418
10759,2012-03-29,2,1,3,9,0,4,1,1,0.48,0.4697,0.48,0.4179,22,299,321
4069,2011-06-23,3,0,6,10,0,4,1,2,0.76,0.7273,0.66,0.1343,39,88,127
4409,2011-07-07,3,0,7,14,0,4,1,1,0.86,0.7879,0.41,0.2537,39,121,160
13107,2012-07-05,3,1,7,7,0,4,1,1,0.76,0.697,0.55,0,27,316,343
15919,2012-10-31,4,1,10,23,0,3,1,1,0.36,0.3636,0.57,0.0896,7,94,101
9730,2012-02-15,1,1,2,8,0,3,1,1,0.32,0.2879,0.61,0.3582,7,508,515
11415,2012-04-25,2,1,4,19,0,3,1,1,0.6,0.5909,0.2,0.194,42,501,543
10668,2012-03-25,2,1,3,14,0,0,0,2,0.44,0.4394,0.88,0.1642,123,291,414
452,2011-01-20,1,0,1,20,0,4,1,2,0.26,0.2424,0.6,0.2836,2,124,126
7263,2011-11-04,4,0,11,5,0,5,1,2,0.38,0.3939,0.87,0,0,23,23
3732,2011-06-09,2,0,6,9,0,4,1,1,0.84,0.7879,0.49,0,20,148,168
7257,2011-11-03,4,0,11,23,0,4,1,1,0.4,0.4091,0.82,0.0896,15,80,95
16484,2012-11-24,4,1,11,13,0,6,0,1,0.32,0.303,0.36,0.3284,64,161,225
4987,2011-07-31,3,0,7,16,0,0,0,1,0.92,0.7727,0.17,0.2836,98,208,306
3664,2011-06-06,2,0,6,13,0,1,1,1,0.78,0.6818,0.35,0,28,152,180
2764,2011-04-30,2,0,4,1,0,6,0,2,0.44,0.4394,0.54,0.1642,15,59,74
8851,2012-01-09,1,1,1,14,0,1,1,3,0.22,0.2273,0.75,0.1642,5,45,50
13618,2012-07-26,3,1,7,14,0,4,1,1,0.9,0.8788,0.47,0.2537,62,151,213
1856,2011-03-23,2,0,3,1,0,3,1,3,0.34,0.3182,0.76,0.2239,0,7,7
1000,2011-02-14,1,0,2,7,0,1,1,1,0.34,0.303,0.46,0.2985,2,96,98
390,2011-01-17,1,0,1,17,1,1,0,1,0.2,0.197,0.51,0.194,4,67,71
11600,2012-05-03,2,1,5,12,0,4,1,1,0.56,0.5303,0.73,0.1343,64,237,301
6427,2011-09-30,4,0,9,8,0,5,1,1,0.54,0.5152,0.77,0.1343,31,425,456
1477,2011-03-06,1,0,3,20,0,0,0,3,0.28,0.2424,1,0.4179,3,8,11
2241,2011-04-08,2,0,4,5,0,5,1,2,0.32,0.3182,0.87,0.194,1,8,9
10579,2012-03-21,2,1,3,21,0,3,1,1,0.54,0.5152,0.83,0.1045,47,204,251
16654,2012-12-01,4,1,12,16,0,6,0,2,0.38,0.3939,0.66,0,89,354,443
8113,2011-12-09,4,0,12,16,0,5,1,1,0.36,0.3485,0.62,0.1343,24,226,250
993,2011-02-14,1,0,2,0,0,1,1,1,0.38,0.3939,0.37,0.3582,3,8,11
7033,2011-10-25,4,0,10,15,0,2,1,1,0.56,0.5303,0.37,0.1045,63,171,234
4998,2011-08-01,3,0,8,3,0,1,1,1,0.7,0.6667,0.79,0.1642,0,4,4
3923,2011-06-17,2,0,6,8,0,5,1,2,0.6,0.5606,0.83,0,28,426,454
2973,2011-05-08,2,0,5,18,0,0,0,1,0.58,0.5455,0.49,0,63,205,268
11579,2012-05-02,2,1,5,15,0,3,1,1,0.64,0.6061,0.65,0.194,52,204,256
6872,2011-10-18,4,0,10,21,0,2,1,2,0.54,0.5152,0.68,0.1343,28,178,206
15328,2012-10-05,4,1,10,20,0,5,1,1,0.6,0.5758,0.78,0.1343,66,306,372
4770,2011-07-22,3,0,7,15,0,5,1,1,0.94,0.9848,0.51,0.2985,32,101,133
1294,2011-02-27,1,0,2,1,0,0,0,1,0.26,0.2576,0.87,0.194,7,30,37
10017,2012-02-27,1,1,2,9,0,1,1,1,0.26,0.2576,0.6,0.194,11,219,230
11066,2012-04-11,2,1,4,6,0,3,1,1,0.28,0.2879,0.56,0.1045,3,103,106
4174,2011-06-27,3,0,6,19,0,1,1,1,0.72,0.6818,0.62,0.194,56,340,396
2536,2011-04-20,2,0,4,13,0,3,1,1,0.7,0.6515,0.48,0.3881,42,135,177
16648,2012-12-01,4,1,12,10,0,6,0,2,0.28,0.2727,0.89,0.1642,45,211,256
1908,2011-03-25,2,0,3,6,0,5,1,1,0.18,0.1818,0.74,0.2239,0,32,32
16939,2012-12-13,4,1,12,13,0,4,1,1,0.36,0.3485,0.34,0.194,41,230,271
4947,2011-07-30,3,0,7,0,0,6,0,1,0.76,0.697,0.55,0.194,60,73,133
8561,2011-12-28,1,0,12,11,0,3,1,1,0.36,0.3333,0.46,0.3582,18,93,111
6034,2011-09-13,3,0,9,23,0,2,1,1,0.64,0.5909,0.78,0.1045,15,59,74
7620,2011-11-19,4,0,11,2,0,6,0,1,0.24,0.2424,0.56,0.1642,12,34,46
1152,2011-02-20,1,0,2,18,0,0,0,2,0.34,0.3333,0.36,0.1343,30,71,101
1568,2011-03-10,1,0,3,18,0,4,1,3,0.44,0.4394,0,0.3582,2,80,82
3172,2011-05-17,2,0,5,1,0,2,1,3,0.56,0.5303,0.88,0,7,6,13
15347,2012-10-06,4,1,10,15,0,6,0,1,0.6,0.6212,0.46,0.4179,279,341,620
9690,2012-02-13,1,1,2,16,0,1,1,1,0.36,0.3485,0.23,0.194,5,206,211
7107,2011-10-28,4,0,10,17,0,5,1,2,0.36,0.3485,0.5,0.1343,35,411,446
16391,2012-11-20,4,1,11,16,0,2,1,2,0.42,0.4242,0.62,0.0896,60,335,395
4161,2011-06-27,3,0,6,6,0,1,1,2,0.62,0.5909,0.78,0.1642,4,90,94
4288,2011-07-02,3,0,7,13,0,6,0,1,0.82,0.7121,0.3,0.1045,178,226,404
2231,2011-04-07,2,0,4,19,0,4,1,1,0.46,0.4545,0.59,0.2985,34,192,226
15140,2012-09-28,4,1,9,0,0,5,1,3,0.6,0.5455,0.88,0.1642,2,15,17
175,2011-01-08,1,0,1,13,0,6,0,1,0.2,0.1818,0.44,0.3284,7,95,102
1904,2011-03-25,2,0,3,2,0,5,1,1,0.2,0.197,0.69,0.2239,0,5,5
9292,2012-01-28,1,1,1,1,0,6,0,1,0.3,0.303,0.52,0.1642,1,57,58
8753,2012-01-05,1,1,1,12,0,4,1,1,0.3,0.2879,0.49,0.2537,6,114,120
16970,2012-12-14,4,1,12,20,0,5,1,1,0.32,0.3333,0.61,0.1343,12,209,221
3409,2011-05-26,2,0,5,22,0,4,1,1,0.7,0.6515,0.65,0.1343,23,157,180
1539,2011-03-09,1,0,3,11,0,3,1,2,0.32,0.2879,0.76,0.3881,15,44,59
2293,2011-04-10,2,0,4,9,0,0,0,2,0.38,0.3939,0.94,0.1343,31,50,81
9524,2012-02-06,1,1,2,18,0,1,1,1,0.38,0.3939,0.43,0.2239,11,426,437
1364,2011-03-02,1,0,3,2,0,3,1,1,0.22,0.2273,0.69,0.194,0,2,2
4358,2011-07-05,3,0,7,11,0,2,1,1,0.78,0.697,0.46,0.1045,75,97,172
5261,2011-08-12,3,0,8,2,0,5,1,1,0.62,0.6212,0.57,0.194,0,15,15
13816,2012-08-03,3,1,8,20,0,5,1,2,0.78,0.7576,0.66,0.2239,89,300,389
17072,2012-12-19,4,1,12,2,0,3,1,1,0.28,0.303,0.65,0.0896,1,2,3
681,2011-01-31,1,0,1,16,0,1,1,2,0.16,0.1818,0.56,0.194,3,83,86
14637,2012-09-07,3,1,9,1,0,5,1,1,0.62,0.5606,0.88,0.1045,10,19,29
3665,2011-06-06,2,0,6,14,0,1,1,1,0.78,0.6818,0.31,0.1343,46,99,145
1662,2011-03-14,1,0,3,19,0,1,1,1,0.36,0.3485,0.43,0.1343,17,133,150
509,2011-01-23,1,0,1,7,0,0,0,1,0.08,0.1061,0.58,0.1642,1,1,2
167,2011-01-08,1,0,1,5,0,6,0,2,0.16,0.1667,0.74,0.1642,0,5,5
16447,2012-11-23,4,1,11,0,0,5,1,1,0.28,0.3182,0.65,0,0,32,32
9199,2012-01-24,1,1,1,4,0,2,1,2,0.3,0.3182,1,0.0896,0,2,2
15464,2012-10-11,4,1,10,12,0,4,1,1,0.46,0.4545,0.36,0,47,279,326
7366,2011-11-08,4,0,11,12,0,2,1,1,0.52,0.5,0.52,0.1343,28,175,203
1915,2011-03-25,2,0,3,13,0,5,1,1,0.32,0.3182,0.39,0.194,34,104,138
11687,2012-05-07,2,1,5,3,0,1,1,1,0.5,0.4848,0.77,0.194,2,3,5
7264,2011-11-04,4,0,11,6,0,5,1,2,0.38,0.3939,0.87,0.0896,2,64,66
3855,2011-06-14,2,0,6,12,0,2,1,1,0.64,0.6212,0.41,0.3582,30,139,169
4200,2011-06-28,3,0,6,21,0,2,1,1,0.74,0.697,0.66,0.2836,31,164,195
7362,2011-11-08,4,0,11,8,0,2,1,1,0.32,0.3333,0.93,0.1045,11,455,466
10729,2012-03-28,2,1,3,3,0,3,1,1,0.34,0.303,0.42,0.3284,1,4,5
1105,2011-02-18,1,0,2,18,0,5,1,1,0.64,0.6212,0.33,0.3284,29,195,224
12068,2012-05-23,2,1,5,0,0,3,1,1,0.62,0.5909,0.78,0.1343,19,28,47
16856,2012-12-10,4,1,12,2,0,1,1,2,0.38,0.3939,0.94,0.1045,2,3,5
9945,2012-02-24,1,1,2,9,0,5,1,3,0.36,0.3333,0.81,0.2537,15,229,244
5311,2011-08-14,3,0,8,4,0,0,0,3,0.64,0.5606,0.94,0.194,1,2,3
13969,2012-08-10,3,1,8,5,0,5,1,3,0.7,0.6667,0.84,0.2836,4,29,33
11109,2012-04-13,2,1,4,1,0,5,1,1,0.36,0.3485,0.46,0.194,2,28,30
11157,2012-04-15,2,1,4,1,0,0,0,2,0.54,0.5152,0.56,0.1642,17,89,106
5755,2011-09-02,3,0,9,5,0,5,1,2,0.6,0.5606,0.83,0.1343,0,20,20
153,2011-01-07,1,0,1,15,0,5,1,2,0.2,0.2121,0.37,0.1642,9,63,72
14704,2012-09-09,3,1,9,20,0,0,0,1,0.62,0.6212,0.41,0.2836,91,265,356
5680,2011-08-30,3,0,8,2,0,2,1,1,0.54,0.5152,0.73,0.1045,2,8,10
12100,2012-05-24,2,1,5,8,0,4,1,1,0.62,0.5909,0.73,0.1343,33,659,692
2833,2011-05-02,2,0,5,22,0,1,1,2,0.6,0.5909,0.73,0,28,97,125
10745,2012-03-28,2,1,3,19,0,3,1,1,0.6,0.6212,0.56,0.194,41,415,456
17289,2012-12-28,1,1,12,5,0,5,1,2,0.24,0.2576,0.6,0.0896,0,15,15
13051,2012-07-02,3,1,7,23,0,1,1,1,0.74,0.6667,0.51,0.1045,12,90,102
3552,2011-06-01,2,0,6,21,0,3,1,1,0.74,0.697,0.7,0.2836,29,161,190
3723,2011-06-09,2,0,6,0,0,4,1,2,0.74,0.7121,0.79,0.1343,7,40,47
13639,2012-07-27,3,1,7,11,0,5,1,1,0.84,0.7727,0.47,0.3284,67,184,251
15847,2012-10-27,4,1,10,11,0,6,0,1,0.56,0.5303,0.64,0.2836,197,388,585
12542,2012-06-11,2,1,6,18,0,1,1,2,0.8,0.7273,0.43,0.2985,105,726,831
4539,2011-07-13,3,0,7,0,0,3,1,1,0.76,0.7121,0.62,0,9,37,46
13778,2012-08-02,3,1,8,6,0,4,1,1,0.66,0.6061,0.83,0,6,177,183
10015,2012-02-27,1,1,2,7,0,1,1,1,0.24,0.2273,0.6,0.2239,2,278,280
12279,2012-05-31,2,1,5,19,0,4,1,1,0.72,0.6515,0.34,0.1642,104,487,591
13933,2012-08-08,3,1,8,17,0,3,1,2,0.8,0.7576,0.55,0.2836,107,751,858
8464,2011-12-24,1,0,12,7,0,6,0,1,0.3,0.2727,0.7,0.3582,0,10,10
1992,2011-03-28,2,0,3,20,0,1,1,1,0.32,0.3333,0.22,0.1045,5,107,112
16340,2012-11-18,4,1,11,13,0,0,0,1,0.4,0.4091,0.62,0.3284,113,334,447
8502,2011-12-25,1,0,12,22,0,0,0,1,0.28,0.2727,0.61,0.1642,2,15,17
14706,2012-09-09,3,1,9,22,0,0,0,1,0.58,0.5455,0.49,0.2537,64,125,189
5142,2011-08-07,3,0,8,3,0,0,0,2,0.7,0.6667,0.84,0.1343,9,23,32
10744,2012-03-28,2,1,3,18,0,3,1,1,0.6,0.6061,0.6,0.2239,61,580,641
11792,2012-05-11,2,1,5,12,0,5,1,1,0.56,0.5303,0.28,0.4179,89,259,348
11815,2012-05-12,2,1,5,11,0,6,0,1,0.62,0.6212,0.41,0.0896,157,365,522
3812,2011-06-12,2,0,6,17,0,0,0,3,0.68,0.6364,0.83,0.2836,94,158,252
16149,2012-11-10,4,1,11,14,0,6,0,1,0.54,0.5152,0.37,0,280,347,627
3451,2011-05-28,2,0,5,16,0,6,0,1,0.76,0.697,0.55,0.2836,201,201,402
4592,2011-07-15,3,0,7,5,0,5,1,1,0.6,0.5909,0.73,0.1343,7,16,23
7353,2011-11-07,4,0,11,23,0,1,1,1,0.36,0.3636,0.87,0.0896,1,47,48
206,2011-01-09,1,0,1,20,0,0,0,1,0.14,0.1212,0.46,0.2537,0,38,38
9328,2012-01-29,1,1,1,13,0,0,0,1,0.32,0.303,0.26,0.2239,78,238,316
6681,2011-10-10,4,0,10,22,1,1,0,1,0.56,0.5303,0.88,0.0896,22,104,126
2750,2011-04-29,2,0,4,11,0,5,1,1,0.6,0.6212,0.38,0.2239,49,108,157
11806,2012-05-12,2,1,5,2,0,6,0,1,0.46,0.4545,0.59,0.1343,10,46,56
8498,2011-12-25,1,0,12,18,0,0,0,1,0.32,0.3182,0.7,0.194,7,23,30
1850,2011-03-22,2,0,3,19,0,2,1,2,0.44,0.4394,0.54,0.2537,22,142,164
13414,2012-07-18,3,1,7,2,0,3,1,1,0.74,0.697,0.66,0.1343,3,5,8
6029,2011-09-13,3,0,9,18,0,2,1,1,0.7,0.6515,0.61,0.1642,67,472,539
10181,2012-03-05,1,1,3,6,0,1,1,1,0.18,0.197,0.59,0.1343,2,89,91
3241,2011-05-19,2,0,5,22,0,4,1,3,0.5,0.4848,0.82,0.2985,11,68,79
10991,2012-04-08,2,1,4,2,0,0,0,1,0.44,0.4394,0.24,0.2239,7,25,32
12708,2012-06-18,2,1,6,16,0,1,1,2,0.6,0.5909,0.73,0.194,53,279,332
14700,2012-09-09,3,1,9,16,0,0,0,1,0.68,0.6364,0.36,0.2836,228,473,701
3110,2011-05-14,2,0,5,11,0,6,0,2,0.52,0.5,0.94,0.1343,72,207,279
12252,2012-05-30,2,1,5,16,0,3,1,1,0.72,0.6667,0.51,0.1642,46,352,398
10180,2012-03-05,1,1,3,5,0,1,1,1,0.2,0.2273,0.55,0.0896,1,17,18
5935,2011-09-09,3,0,9,19,0,5,1,1,0.66,0.5909,0.89,0.1642,33,316,349
15171,2012-09-29,4,1,9,7,0,6,0,1,0.48,0.4697,0.67,0.2836,12,61,73
5811,2011-09-04,3,0,9,13,0,0,0,2,0.78,0.7424,0.62,0.2836,245,174,419
8576,2011-12-29,1,0,12,2,0,4,1,1,0.2,0.2273,0.51,0.1045,0,3,3
5635,2011-08-27,3,0,8,16,0,6,0,3,0.64,0.5758,0.89,0.5224,10,14,24
4308,2011-07-03,3,0,7,9,0,0,0,1,0.7,0.6667,0.74,0.2537,82,99,181
11581,2012-05-02,2,1,5,17,0,3,1,1,0.6,0.5909,0.73,0.2537,70,659,729
3157,2011-05-16,2,0,5,10,0,1,1,1,0.62,0.6061,0.65,0.0896,37,75,112
6535,2011-10-04,4,0,10,20,0,2,1,1,0.52,0.5,0.68,0.2239,25,236,261
10920,2012-04-05,2,1,4,3,0,4,1,1,0.42,0.4242,0.41,0.2985,0,5,5
16657,2012-12-01,4,1,12,19,0,6,0,2,0.32,0.3485,0.81,0,30,219,249
13243,2012-07-10,3,1,7,23,0,2,1,2,0.64,0.5758,0.89,0.1045,29,74,103
16120,2012-11-09,4,1,11,9,0,5,1,1,0.34,0.303,0.53,0.4179,23,304,327
15366,2012-10-07,4,1,10,10,0,0,0,2,0.42,0.4242,0.67,0.194,41,144,185
8892,2012-01-11,1,1,1,8,0,3,1,1,0.2,0.2273,0.82,0.1045,11,488,499
3833,2011-06-13,2,0,6,14,0,1,1,1,0.7,0.6364,0.34,0.2537,55,145,200
16160,2012-11-11,4,1,11,1,0,0,0,1,0.34,0.3485,0.76,0.0896,26,82,108
4777,2011-07-22,3,0,7,22,0,5,1,2,0.84,0.7879,0.49,0.0896,44,105,149
7998,2011-12-04,4,0,12,21,0,0,0,1,0.36,0.3636,0.81,0.1045,7,65,72
4277,2011-07-02,3,0,7,2,0,6,0,1,0.64,0.6212,0.53,0,9,43,52
8446,2011-12-23,1,0,12,13,0,5,1,1,0.4,0.4091,0.5,0.4627,17,177,194
17048,2012-12-18,4,1,12,2,0,2,1,2,0.44,0.4394,0.88,0.2239,2,5,7
581,2011-01-26,1,0,1,11,0,3,1,3,0.22,0.197,0.93,0.3284,6,35,41
14640,2012-09-07,3,1,9,4,0,5,1,1,0.62,0.5606,0.88,0,1,7,8
279,2011-01-13,1,0,1,1,0,4,1,1,0.14,0.1212,0.5,0.2836,0,2,2
6772,2011-10-14,4,0,10,17,0,5,1,1,0.58,0.5455,0.46,0.4179,55,426,481
7416,2011-11-10,4,0,11,14,0,4,1,3,0.36,0.3333,0.87,0.2836,6,58,64
3253,2011-05-20,2,0,5,10,0,5,1,1,0.56,0.5303,0.64,0.194,44,104,148
13213,2012-07-09,3,1,7,17,0,1,1,1,0.78,0.697,0.4,0.1642,108,741,849
10673,2012-03-25,2,1,3,19,0,0,0,1,0.5,0.4848,0.72,0.2537,114,261,375
17200,2012-12-24,1,1,12,11,0,1,1,2,0.26,0.2576,0.6,0.1642,20,104,124
290,2011-01-13,1,0,1,12,0,4,1,1,0.2,0.1667,0.44,0.4179,3,49,52
13037,2012-07-02,3,1,7,9,0,1,1,1,0.78,0.697,0.46,0.2537,56,239,295
3076,2011-05-13,2,0,5,1,0,5,1,1,0.52,0.5,0.83,0.1642,5,15,20
15855,2012-10-27,4,1,10,19,0,6,0,2,0.52,0.5,0.72,0.2239,67,233,300
15047,2012-09-24,4,1,9,3,0,1,1,1,0.46,0.4545,0.63,0.1642,0,5,5
13372,2012-07-16,3,1,7,8,0,1,1,1,0.74,0.697,0.66,0.1045,48,619,667
16103,2012-11-08,4,1,11,16,0,4,1,1,0.42,0.4242,0.16,0.3881,18,321,339
11547,2012-05-01,2,1,5,7,0,2,1,2,0.5,0.4848,0.94,0.2537,8,161,169
9583,2012-02-09,1,1,2,5,0,4,1,1,0.2,0.1818,0.75,0.2836,0,18,18
13076,2012-07-04,3,1,7,0,1,3,0,1,0.68,0.6364,0.79,0.0896,19,140,159
14739,2012-09-11,3,1,9,7,0,2,1,1,0.5,0.4848,0.72,0.1045,24,572,596
271,2011-01-12,1,0,1,17,0,3,1,1,0.2,0.1818,0.47,0.3582,0,139,139
4571,2011-07-14,3,0,7,8,0,4,1,1,0.64,0.6212,0.5,0.3582,53,433,486
14842,2012-09-15,3,1,9,14,0,6,0,1,0.68,0.6364,0.34,0.3284,325,390,715
14979,2012-09-21,3,1,9,7,0,5,1,1,0.52,0.5,0.77,0,35,468,503
15696,2012-10-21,4,1,10,4,0,0,0,1,0.36,0.3485,0.71,0.1642,8,13,21
16289,2012-11-16,4,1,11,10,0,5,1,1,0.34,0.3333,0.53,0.194,33,165,198
12400,2012-06-05,2,1,6,20,0,2,1,1,0.56,0.5303,0.49,0.2239,44,371,415
11411,2012-04-25,2,1,4,15,0,3,1,1,0.58,0.5455,0.19,0.1642,47,182,229
9584,2012-02-09,1,1,2,6,0,4,1,1,0.2,0.1818,0.75,0.2836,1,75,76
6697,2011-10-11,4,0,10,14,0,2,1,3,0.6,0.5909,0.73,0.1045,54,117,171
12168,2012-05-27,2,1,5,4,0,0,0,1,0.62,0.5758,0.83,0.194,4,7,11
4317,2011-07-03,3,0,7,18,0,0,0,3,0.8,0.7424,0.49,0.8507,74,107,181
3181,2011-05-17,2,0,5,10,0,2,1,3,0.54,0.5152,0.88,0.2537,31,73,104
14341,2012-08-25,3,1,8,17,0,6,0,2,0.66,0.6212,0.74,0.3284,132,271,403
1423,2011-03-04,1,0,3,13,0,5,1,1,0.34,0.3182,0.42,0.2239,13,74,87
8276,2011-12-16,4,0,12,11,0,5,1,2,0.34,0.303,0.42,0.2985,9,135,144
9066,2012-01-18,1,1,1,15,0,3,1,1,0.3,0.2576,0.33,0.5224,8,122,130
11031,2012-04-09,2,1,4,18,0,1,1,1,0.54,0.5152,0.34,0.2985,60,586,646
15209,2012-09-30,4,1,9,21,0,0,0,1,0.5,0.4848,0.68,0,19,104,123
4558,2011-07-13,3,0,7,19,0,3,1,1,0.7,0.6667,0.79,0.1045,79,340,419
12693,2012-06-18,2,1,6,1,0,1,1,1,0.54,0.5152,0.77,0.2239,9,5,14
7813,2011-11-27,4,0,11,3,0,0,0,1,0.34,0.3636,0.87,0,9,8,17
12840,2012-06-24,3,1,6,4,0,0,0,2,0.66,0.6212,0.65,0,4,9,13
6298,2011-09-24,4,0,9,23,0,6,0,2,0.6,0.5455,0.88,0.0896,27,123,150
17258,2012-12-26,1,1,12,22,0,3,1,3,0.24,0.197,0.93,0.4478,0,11,11
13552,2012-07-23,3,1,7,20,0,1,1,1,0.76,0.7121,0.62,0.1642,56,347,403
17126,2012-12-21,1,1,12,8,0,5,1,2,0.32,0.303,0.57,0.2836,8,464,472
1133,2011-02-19,1,0,2,22,0,6,0,1,0.3,0.2576,0.28,0.4925,2,42,44
10643,2012-03-24,2,1,3,13,0,6,0,3,0.52,0.5,0.94,0.2537,62,134,196
12147,2012-05-26,2,1,5,7,0,6,0,2,0.62,0.5606,0.88,0.1642,10,44,54
10522,2012-03-19,1,1,3,12,0,1,1,1,0.6,0.6061,0.64,0.2537,71,211,282
10828,2012-04-01,2,1,4,6,0,0,0,2,0.36,0.3485,0.76,0.1343,9,88,97
6243,2011-09-22,3,0,9,16,0,4,1,2,0.68,0.6364,0.74,0.1343,39,262,301
14654,2012-09-07,3,1,9,18,0,5,1,1,0.76,0.7121,0.62,0.2985,95,697,792
2872,2011-05-04,2,0,5,13,0,3,1,2,0.46,0.4545,0.59,0.4478,15,128,143
12939,2012-06-28,3,1,6,7,0,4,1,1,0.62,0.6061,0.61,0.1045,24,484,508
7424,2011-11-10,4,0,11,22,0,4,1,1,0.36,0.3333,0.53,0.2836,5,84,89
12997,2012-06-30,3,1,6,17,0,6,0,1,0.88,0.7727,0.32,0.1343,131,231,362
13472,2012-07-20,3,1,7,12,0,5,1,3,0.68,0.6364,0.83,0.1642,41,233,274
10153,2012-03-04,1,1,3,2,0,0,0,2,0.36,0.3485,0.4,0.1642,14,66,80
13323,2012-07-14,3,1,7,7,0,6,0,1,0.64,0.5909,0.78,0.2836,7,41,48
15163,2012-09-28,4,1,9,23,0,5,1,2,0.56,0.5303,0.56,0.194,26,164,190
5521,2011-08-22,3,0,8,22,0,1,1,1,0.64,0.6212,0.38,0.2985,32,121,153
9409,2012-02-01,1,1,2,22,0,3,1,1,0.5,0.4848,0.55,0.194,7,133,140
16143,2012-11-10,4,1,11,8,0,6,0,1,0.32,0.3485,0.76,0,16,130,146
13870,2012-08-06,3,1,8,2,0,1,1,2,0.72,0.697,0.79,0.1343,0,5,5
9257,2012-01-26,1,1,1,14,0,4,1,2,0.4,0.4091,0.71,0.1045,16,112,128
3787,2011-06-11,2,0,6,16,0,6,0,2,0.8,0.7273,0.46,0.194,169,225,394
12603,2012-06-14,2,1,6,7,0,4,1,1,0.6,0.6061,0.6,0.2836,26,480,506
15599,2012-10-17,4,1,10,3,0,3,1,1,0.36,0.3788,0.87,0,0,7,7
8346,2011-12-19,4,0,12,9,0,1,1,1,0.22,0.2121,0.69,0.2239,17,166,183
2162,2011-04-04,2,0,4,22,0,1,1,2,0.68,0.6364,0.36,0.4627,17,58,75
3009,2011-05-10,2,0,5,6,0,2,1,1,0.42,0.4242,0.67,0.1343,9,103,112
1106,2011-02-18,1,0,2,19,0,5,1,1,0.62,0.6212,0.29,0.5821,16,146,162
13653,2012-07-28,3,1,7,1,0,6,0,1,0.72,0.6818,0.7,0.0896,11,69,80
693,2011-02-01,1,0,2,5,0,2,1,3,0.14,0.2121,0.93,0,0,3,3
17350,2012-12-30,1,1,12,18,0,0,0,2,0.24,0.2121,0.44,0.2985,12,113,125
4957,2011-07-30,3,0,7,10,0,6,0,1,0.82,0.7424,0.41,0.2985,79,182,261
8308,2011-12-17,4,0,12,19,0,6,0,3,0.24,0.2121,0.65,0.3284,11,95,106
16901,2012-12-11,4,1,12,23,0,2,1,1,0.3,0.2879,0.52,0.2239,4,60,64
4370,2011-07-05,3,0,7,23,0,2,1,1,0.74,0.697,0.66,0.1642,19,54,73
2766,2011-04-30,2,0,4,3,0,6,0,2,0.42,0.4242,0.54,0.194,4,13,17
3930,2011-06-17,2,0,6,15,0,5,1,1,0.78,0.697,0.43,0.2239,62,181,243
14128,2012-08-16,3,1,8,20,0,4,1,1,0.76,0.6818,0.4,0.0896,100,414,514
11623,2012-05-04,2,1,5,11,0,5,1,2,0.7,0.6515,0.61,0,77,181,258
3697,2011-06-07,2,0,6,22,0,2,1,1,0.7,0.6515,0.65,0.1343,27,126,153
7779,2011-11-25,4,0,11,17,0,5,1,1,0.5,0.4848,0.34,0.1045,57,127,184
13462,2012-07-20,3,1,7,2,0,5,1,2,0.66,0.5909,0.89,0.0896,5,14,19
629,2011-01-29,1,0,1,11,0,6,0,2,0.18,0.197,0.64,0.1343,4,60,64
2452,2011-04-17,2,0,4,1,0,0,0,1,0.42,0.4242,0.67,0.2239,6,25,31
13204,2012-07-09,3,1,7,8,0,1,1,2,0.66,0.6061,0.83,0.1642,26,429,455
15288,2012-10-04,4,1,10,4,0,4,1,2,0.64,0.5758,0.89,0,0,10,10
3825,2011-06-13,2,0,6,6,0,1,1,1,0.54,0.5152,0.64,0.4179,7,98,105
4423,2011-07-08,3,0,7,4,0,5,1,1,0.7,0.6667,0.79,0.2537,7,4,11
10845,2012-04-01,2,1,4,23,0,0,0,3,0.46,0.4545,0.72,0,10,53,63
17348,2012-12-30,1,1,12,16,0,0,0,1,0.28,0.2424,0.38,0.4179,31,102,133
3744,2011-06-09,2,0,6,21,0,4,1,3,0.76,0.697,0.52,0,29,142,171
2177,2011-04-05,2,0,4,13,0,2,1,2,0.36,0.3333,0.63,0.4179,5,51,56
6690,2011-10-11,4,0,10,7,0,2,1,2,0.52,0.5,0.88,0.0896,19,333,352
8859,2012-01-09,1,1,1,22,0,1,1,2,0.2,0.2273,0.92,0.1045,8,54,62
3319,2011-05-23,2,0,5,4,0,1,1,2,0.54,0.5152,0.94,0,2,2,4
13428,2012-07-18,3,1,7,16,0,3,1,1,0.74,0.697,0.66,0.2537,34,190,224
9654,2012-02-12,1,1,2,4,0,0,0,2,0.1,0.0455,0.46,0.7164,0,1,1
7433,2011-11-11,4,0,11,7,1,5,0,1,0.28,0.2727,0.45,0.2537,5,116,121
2788,2011-05-01,2,0,5,1,0,0,0,1,0.42,0.4242,0.69,0.1045,9,50,59
12298,2012-06-01,2,1,6,14,0,5,1,3,0.72,0.6818,0.66,0.2836,55,199,254
1197,2011-02-22,1,0,2,21,0,2,1,1,0.2,0.197,0.47,0.2537,2,80,82
1677,2011-03-15,1,0,3,11,0,2,1,2,0.34,0.3182,0.57,0.2239,27,51,78
3948,2011-06-18,2,0,6,9,0,6,0,1,0.7,0.6515,0.61,0.2239,62,156,218
7619,2011-11-19,4,0,11,1,0,6,0,1,0.26,0.2273,0.52,0.2985,1,34,35
4445,2011-07-09,3,0,7,2,0,6,0,1,0.64,0.5758,0.89,0.1642,12,43,55
15806,2012-10-25,4,1,10,18,0,4,1,1,0.56,0.5303,0.83,0.1045,77,732,809
10853,2012-04-02,2,1,4,8,0,1,1,1,0.36,0.3333,0.57,0.3284,36,553,589
15998,2012-11-04,4,1,11,6,0,0,0,1,0.28,0.2879,0.61,0.1343,2,14,16
5723,2011-08-31,3,0,8,21,0,3,1,1,0.66,0.6212,0.61,0.0896,27,174,201
14432,2012-08-29,3,1,8,12,0,3,1,1,0.76,0.6818,0.4,0,79,281,360
10696,2012-03-26,2,1,3,18,0,1,1,1,0.44,0.4394,0.26,0.4478,90,594,684
15716,2012-10-22,4,1,10,0,0,1,1,1,0.4,0.4091,0.62,0,3,28,31
2370,2011-04-13,2,0,4,15,0,3,1,2,0.44,0.4394,0.72,0.2836,12,69,81
4968,2011-07-30,3,0,7,21,0,6,0,1,0.8,0.7424,0.49,0.1642,82,123,205
2218,2011-04-07,2,0,4,6,0,4,1,1,0.32,0.303,0.81,0.2537,5,59,64
8149,2011-12-11,4,0,12,4,0,0,0,1,0.16,0.1667,0.59,0.1642,0,5,5
10411,2012-03-14,1,1,3,21,0,3,1,1,0.6,0.6212,0.4,0.0896,47,241,288
3327,2011-05-23,2,0,5,12,0,1,1,1,0.68,0.6364,0.69,0.3881,65,139,204
13731,2012-07-31,3,1,7,7,0,2,1,1,0.68,0.6364,0.83,0.2239,21,492,513
3584,2011-06-03,2,0,6,5,0,5,1,1,0.52,0.5,0.48,0.3582,4,24,28
17201,2012-12-24,1,1,12,12,0,1,1,2,0.28,0.303,0.56,0.0896,22,113,135
17241,2012-12-26,1,1,12,5,0,3,1,2,0.22,0.2121,0.69,0.2836,0,11,11
3620,2011-06-04,2,0,6,17,0,6,0,2,0.72,0.6515,0.34,0.2537,142,202,344
6218,2011-09-21,3,0,9,15,0,3,1,2,0.66,0.6212,0.74,0.1045,43,142,185
2469,2011-04-17,2,0,4,18,0,0,0,1,0.56,0.5303,0.3,0.3881,102,175,277
12425,2012-06-06,2,1,6,21,0,3,1,1,0.54,0.5152,0.73,0.1642,38,260,298
16358,2012-11-19,4,1,11,7,0,1,1,2,0.36,0.3333,0.66,0.2985,5,381,386
8278,2011-12-16,4,0,12,13,0,5,1,2,0.34,0.303,0.39,0.3582,12,125,137
15691,2012-10-20,4,1,10,23,0,6,0,1,0.42,0.4242,0.58,0,27,136,163
5974,2011-09-11,3,0,9,10,0,0,0,1,0.7,0.6515,0.65,0,120,214,334
10994,2012-04-08,2,1,4,5,0,0,0,1,0.38,0.3939,0.46,0,4,8,12
11864,2012-05-14,2,1,5,12,0,1,1,2,0.56,0.5303,0.88,0.2836,53,132,185
3668,2011-06-06,2,0,6,17,0,1,1,1,0.78,0.6818,0.33,0.2836,63,516,579
12475,2012-06-08,2,1,6,23,0,5,1,1,0.64,0.6212,0.57,0.1642,52,163,215
5159,2011-08-07,3,0,8,20,0,0,0,1,0.72,0.7121,0.84,0.1343,50,133,183
7595,2011-11-18,4,0,11,1,0,5,1,1,0.26,0.2273,0.44,0.3284,0,10,10
6977,2011-10-23,4,0,10,7,0,0,0,1,0.34,0.3485,0.87,0.0896,3,18,21
12783,2012-06-21,3,1,6,19,0,4,1,1,0.88,0.803,0.39,0.2239,84,415,499
10212,2012-03-06,1,1,3,13,0,2,1,1,0.3,0.303,0.39,0.1343,16,148,164
3424,2011-05-27,2,0,5,13,0,5,1,1,0.74,0.6818,0.58,0.194,51,158,209
10718,2012-03-27,2,1,3,16,0,2,1,1,0.42,0.4242,0.2,0,38,267,305
8200,2011-12-13,4,0,12,7,0,2,1,1,0.16,0.1667,0.8,0.1642,2,221,223
2410,2011-04-15,2,0,4,7,1,5,0,1,0.4,0.4091,0.71,0.1642,10,139,149
3213,2011-05-18,2,0,5,18,0,3,1,1,0.6,0.5909,0.73,0.2239,58,431,489
15875,2012-10-28,4,1,10,15,0,0,0,2,0.5,0.4848,0.63,0.4925,76,225,301
5367,2011-08-16,3,0,8,12,0,2,1,1,0.76,0.6818,0.48,0.3284,42,120,162
13763,2012-08-01,3,1,8,15,0,3,1,1,0.82,0.7576,0.46,0.1642,89,206,295
6594,2011-10-07,4,0,10,7,0,5,1,1,0.42,0.4242,0.94,0,5,237,242
2896,2011-05-05,2,0,5,13,0,4,1,1,0.54,0.5152,0.3,0.5821,50,142,192
16233,2012-11-14,4,1,11,2,0,3,1,1,0.24,0.2121,0.6,0.2985,0,1,1
12907,2012-06-26,3,1,6,23,0,2,1,1,0.62,0.6212,0.41,0.1343,13,118,131
1297,2011-02-27,1,0,2,4,0,0,0,1,0.24,0.2424,0.87,0.1343,0,2,2
11618,2012-05-04,2,1,5,6,0,5,1,1,0.54,0.5152,0.94,0.1045,8,127,135
3643,2011-06-05,2,0,6,16,0,0,0,1,0.72,0.6667,0.51,0.0896,138,260,398
15060,2012-09-24,4,1,9,16,0,1,1,1,0.58,0.5455,0.3,0.2537,99,417,516
13633,2012-07-27,3,1,7,5,0,5,1,1,0.7,0.6667,0.84,0,3,34,37
15553,2012-10-15,4,1,10,5,0,1,1,2,0.56,0.5303,0.73,0.2836,2,38,40
9476,2012-02-04,1,1,2,17,0,6,0,3,0.3,0.2879,0.7,0.194,13,54,67
10194,2012-03-05,1,1,3,19,0,1,1,1,0.26,0.2576,0.53,0.2239,6,220,226
15971,2012-11-03,4,1,11,3,0,6,0,2,0.34,0.3182,0.49,0.2537,6,22,28
9062,2012-01-18,1,1,1,11,0,3,1,1,0.3,0.2727,0.42,0.3881,4,110,114
17122,2012-12-21,1,1,12,4,0,5,1,2,0.36,0.3182,0.71,0.4925,1,5,6
16963,2012-12-14,4,1,12,13,0,5,1,1,0.36,0.3485,0.5,0.2239,39,274,313
8549,2011-12-27,1,0,12,22,0,2,1,1,0.32,0.3333,0.87,0.0896,3,29,32
17303,2012-12-28,1,1,12,19,0,5,1,2,0.24,0.2273,0.65,0.194,15,113,128
5452,2011-08-20,3,0,8,1,0,6,0,1,0.62,0.5758,0.83,0,12,35,47
7161,2011-10-30,4,0,10,23,0,0,0,1,0.26,0.303,0.87,0,7,30,37
10686,2012-03-26,2,1,3,8,0,1,1,1,0.44,0.4394,0.62,0.2239,32,625,657
7867,2011-11-29,4,0,11,10,0,2,1,3,0.56,0.5303,0.73,0.4179,2,34,36
2744,2011-04-29,2,0,4,5,0,5,1,1,0.46,0.4545,0.47,0.1343,0,25,25
9468,2012-02-04,1,1,2,9,0,6,0,1,0.24,0.2424,0.81,0.1343,16,141,157
10083,2012-03-01,1,1,3,4,0,4,1,1,0.48,0.4697,0.88,0.194,0,5,5
12868,2012-06-25,3,1,6,8,0,1,1,1,0.66,0.6212,0.69,0.194,53,555,608
13558,2012-07-24,3,1,7,2,0,2,1,1,0.66,0.6061,0.83,0.1642,6,10,16
9798,2012-02-18,1,1,2,4,0,6,0,1,0.26,0.303,0.7,0,3,4,7
11756,2012-05-10,2,1,5,0,0,4,1,3,0.5,0.4848,0.77,0.1642,2,31,33
4959,2011-07-30,3,0,7,12,0,6,0,1,0.84,0.7273,0.32,0.1642,111,230,341
15237,2012-10-02,4,1,10,1,0,2,1,2,0.54,0.5152,0.77,0.1045,0,11,11
10573,2012-03-21,2,1,3,15,0,3,1,2,0.56,0.5303,0.78,0,68,175,243
6475,2011-10-02,4,0,10,8,0,0,0,2,0.34,0.3333,0.76,0.194,14,50,64
16788,2012-12-07,4,1,12,6,0,5,1,2,0.28,0.2727,0.75,0.1642,0,84,84
7889,2011-11-30,4,0,11,8,0,3,1,1,0.28,0.2727,0.81,0.194,13,465,478
15447,2012-10-10,4,1,10,19,0,3,1,2,0.56,0.5303,0.46,0.5821,32,534,566
8812,2012-01-07,1,1,1,23,0,6,0,1,0.42,0.4242,0.38,0.2239,16,103,119
11499,2012-04-29,2,1,4,7,0,0,0,2,0.34,0.3333,0.87,0.1343,7,20,27
493,2011-01-22,1,0,1,14,0,6,0,1,0.1,0.1364,0.33,0.1045,11,64,75
11692,2012-05-07,2,1,5,8,0,1,1,2,0.5,0.4848,0.82,0.194,31,608,639
14811,2012-09-14,3,1,9,7,0,5,1,2,0.56,0.5303,0.88,0,17,437,454
1117,2011-02-19,1,0,2,6,0,6,0,1,0.4,0.4091,0.17,0.4179,3,3,6
5638,2011-08-28,3,0,8,8,0,0,0,3,0.62,0.5758,0.83,0.4179,2,6,8
16296,2012-11-16,4,1,11,17,0,5,1,1,0.36,0.3485,0.46,0.194,41,539,580
1758,2011-03-18,1,0,3,22,0,5,1,1,0.62,0.6212,0.5,0.1642,55,63,118
11487,2012-04-28,2,1,4,19,0,6,0,3,0.36,0.3485,0.71,0.1343,29,110,139
13764,2012-08-01,3,1,8,16,0,3,1,1,0.8,0.7576,0.55,0.2836,93,386,479
16571,2012-11-28,4,1,11,4,0,3,1,2,0.26,0.2576,0.7,0.194,0,4,4
15966,2012-11-02,4,1,11,22,0,5,1,1,0.36,0.3333,0.46,0.2537,14,135,149
6590,2011-10-07,4,0,10,3,0,5,1,1,0.4,0.4091,0.87,0,1,9,10
2646,2011-04-25,2,0,4,3,0,1,1,2,0.5,0.4848,1,0.1045,2,8,10
17291,2012-12-28,1,1,12,7,0,5,1,1,0.22,0.2273,0.64,0.1642,1,111,112
7558,2011-11-16,4,0,11,12,0,3,1,3,0.46,0.4545,1,0,5,49,54
10693,2012-03-26,2,1,3,15,0,1,1,1,0.48,0.4697,0.29,0.6119,66,157,223
14830,2012-09-15,3,1,9,2,0,6,0,1,0.58,0.5455,0.78,0.1045,18,75,93
5242,2011-08-11,3,0,8,7,0,4,1,1,0.66,0.6212,0.54,0.1343,15,292,307
3645,2011-06-05,2,0,6,18,0,0,0,1,0.7,0.6515,0.58,0.1045,124,239,363
2784,2011-04-30,2,0,4,21,0,6,0,1,0.44,0.4394,0.62,0.1343,58,119,177
12002,2012-05-20,2,1,5,6,0,0,0,1,0.5,0.4848,0.63,0.1343,4,21,25
16182,2012-11-11,4,1,11,23,0,0,0,1,0.42,0.4242,0.71,0.194,16,93,109
10662,2012-03-25,2,1,3,8,0,0,0,2,0.4,0.4091,0.94,0.3284,21,68,89
14795,2012-09-13,3,1,9,15,0,4,1,1,0.72,0.6515,0.42,0.1045,99,253,352
1697,2011-03-16,1,0,3,8,0,3,1,2,0.32,0.3182,0.93,0,26,227,253
5686,2011-08-30,3,0,8,8,0,2,1,1,0.62,0.6212,0.57,0.1343,34,459,493
2296,2011-04-10,2,0,4,12,0,0,0,2,0.42,0.4242,0.88,0.1343,94,136,230
5940,2011-09-10,3,0,9,0,0,6,0,1,0.62,0.5455,0.94,0,32,84,116
7764,2011-11-25,4,0,11,2,0,5,1,1,0.28,0.2879,0.81,0.1045,4,6,10
10245,2012-03-07,1,1,3,22,0,3,1,1,0.46,0.4545,0.59,0.2985,10,149,159
9969,2012-02-25,1,1,2,9,0,6,0,3,0.22,0.197,0.75,0.3284,15,107,122
11034,2012-04-09,2,1,4,21,0,1,1,3,0.48,0.4697,0.41,0.4179,14,151,165
3314,2011-05-22,2,0,5,23,0,0,0,2,0.58,0.5455,0.83,0.1343,19,46,65
4782,2011-07-23,3,0,7,3,0,6,0,1,0.78,0.7576,0.66,0.0896,6,16,22
8351,2011-12-19,4,0,12,14,0,1,1,1,0.36,0.3485,0.46,0.2239,30,107,137
13781,2012-08-02,3,1,8,9,0,4,1,1,0.76,0.7273,0.66,0.1045,31,312,343
9785,2012-02-17,1,1,2,15,0,5,1,1,0.42,0.4242,0.35,0.4179,41,180,221
9916,2012-02-23,1,1,2,4,0,4,1,1,0.4,0.4091,0.76,0.2239,0,1,1
7606,2011-11-18,4,0,11,12,0,5,1,1,0.32,0.3333,0.33,0,22,143,165
216,2011-01-10,1,0,1,6,0,1,1,1,0.12,0.1212,0.5,0.2836,0,31,31
11366,2012-04-23,2,1,4,18,0,1,1,3,0.32,0.3333,0.81,0.1343,10,369,379
6708,2011-10-12,4,0,10,1,0,3,1,3,0.56,0.5303,0.83,0.1343,2,8,10
15270,2012-10-03,4,1,10,10,0,3,1,1,0.66,0.6061,0.78,0.1642,29,146,175
8683,2012-01-02,1,1,1,14,1,1,0,1,0.3,0.2727,0.36,0.4179,10,141,151
1995,2011-03-28,2,0,3,23,0,1,1,1,0.28,0.2576,0.24,0.2985,1,18,19
3484,2011-05-30,2,0,5,1,1,1,0,1,0.64,0.5606,0.94,0.1343,26,53,79
7007,2011-10-24,4,0,10,13,0,1,1,2,0.54,0.5152,0.64,0.2239,60,138,198
5103,2011-08-05,3,0,8,12,0,5,1,1,0.76,0.697,0.52,0.2537,57,159,216
11624,2012-05-04,2,1,5,12,0,5,1,3,0.62,0.5909,0.78,0.3582,46,125,171
6600,2011-10-07,4,0,10,13,0,5,1,1,0.6,0.6212,0.46,0,95,210,305
3765,2011-06-10,2,0,6,18,0,5,1,1,0.8,0.7727,0.59,0.2239,96,367,463
14696,2012-09-09,3,1,9,12,0,0,0,1,0.66,0.6212,0.47,0,247,510,757
6411,2011-09-29,4,0,9,16,0,4,1,1,0.68,0.6364,0.41,0.3582,64,227,291
14024,2012-08-12,3,1,8,12,0,0,0,1,0.74,0.6667,0.42,0.194,163,342,505
26,2011-01-02,1,0,1,1,0,0,0,2,0.44,0.4394,0.94,0.2537,1,16,17
16896,2012-12-11,4,1,12,18,0,2,1,1,0.32,0.303,0.53,0.2239,23,523,546
10602,2012-03-22,2,1,3,20,0,4,1,1,0.62,0.5909,0.73,0.2836,64,360,424
11463,2012-04-27,2,1,4,19,0,5,1,1,0.5,0.4848,0.27,0.3881,62,379,441
7660,2011-11-20,4,0,11,18,0,0,0,2,0.54,0.5152,0.64,0.194,22,123,145
16172,2012-11-11,4,1,11,13,0,0,0,1,0.54,0.5152,0.45,0.1045,262,424,686
9745,2012-02-15,1,1,2,23,0,3,1,1,0.34,0.3485,0.53,0.0896,4,54,58
233,2011-01-10,1,0,1,23,0,1,1,1,0.14,0.1515,0.59,0.1642,0,18,18
15985,2012-11-03,4,1,11,17,0,6,0,2,0.36,0.3333,0.46,0.2985,112,298,410
6684,2011-10-11,4,0,10,1,0,2,1,2,0.52,0.5,0.94,0.0896,2,9,11
12064,2012-05-22,2,1,5,20,0,2,1,1,0.64,0.6061,0.73,0.2537,54,319,373
11595,2012-05-03,2,1,5,7,0,4,1,3,0.44,0.4394,0.94,0.1045,8,376,384
12722,2012-06-19,2,1,6,6,0,2,1,2,0.6,0.5758,0.78,0.1045,9,152,161
9172,2012-01-23,1,1,1,1,0,1,1,2,0.18,0.2121,0.86,0.1045,0,4,4
10848,2012-04-02,2,1,4,2,0,1,1,3,0.44,0.4394,0.94,0.1343,2,3,5
10040,2012-02-28,1,1,2,8,0,2,1,1,0.26,0.2424,0.48,0.2836,16,543,559
11909,2012-05-16,2,1,5,9,0,3,1,2,0.6,0.5758,0.78,0.1343,33,314,347
15246,2012-10-02,4,1,10,10,0,2,1,3,0.58,0.5455,0.88,0.1343,3,42,45
8585,2011-12-29,1,0,12,11,0,4,1,2,0.24,0.2576,0.6,0.0896,23,99,122
15942,2012-11-01,4,1,11,22,0,4,1,1,0.36,0.3485,0.57,0.1642,27,175,202
15936,2012-11-01,4,1,11,16,0,4,1,2,0.4,0.4091,0.54,0.1642,31,313,344
14273,2012-08-22,3,1,8,21,0,3,1,1,0.64,0.6061,0.73,0,60,291,351
6615,2011-10-08,4,0,10,4,0,6,0,1,0.42,0.4242,0.94,0.1343,3,7,10
15353,2012-10-06,4,1,10,21,0,6,0,1,0.46,0.4545,0.59,0.1343,78,137,215
1103,2011-02-18,1,0,2,16,0,5,1,1,0.66,0.6212,0.36,0.2836,68,164,232
3277,2011-05-21,2,0,5,10,0,6,0,1,0.62,0.6061,0.61,0.1045,122,201,323
5346,2011-08-15,3,0,8,15,0,1,1,3,0.74,0.6818,0.55,0.2985,49,133,182
14381,2012-08-27,3,1,8,9,0,1,1,1,0.66,0.6061,0.83,0.1045,40,302,342
2205,2011-04-06,2,0,4,17,0,3,1,1,0.52,0.5,0.32,0.4478,53,303,356
16325,2012-11-17,4,1,11,22,0,6,0,2,0.32,0.3333,0.57,0.1045,15,130,145
12189,2012-05-28,2,1,5,1,1,1,0,2,0.62,0.5909,0.78,0.2985,14,45,59
8387,2011-12-21,1,0,12,2,0,3,1,2,0.36,0.3788,0.71,0,0,4,4
12904,2012-06-26,3,1,6,20,0,2,1,1,0.7,0.6364,0.3,0.2836,88,417,505
8836,2012-01-08,1,1,1,23,0,0,0,1,0.26,0.2424,0.56,0.2537,0,30,30
11478,2012-04-28,2,1,4,10,0,6,0,2,0.38,0.3939,0.4,0.1642,60,231,291
11309,2012-04-21,2,1,4,9,0,6,0,1,0.54,0.5152,0.77,0.1642,115,216,331
11768,2012-05-10,2,1,5,12,0,4,1,1,0.52,0.5,0.48,0.4179,65,207,272
11223,2012-04-17,2,1,4,19,0,2,1,1,0.6,0.6061,0.26,0.2537,73,464,537
12513,2012-06-10,2,1,6,13,0,0,0,1,0.84,0.7273,0.28,0.1343,204,288,492
13435,2012-07-18,3,1,7,23,0,3,1,1,0.76,0.7121,0.58,0.0896,19,112,131
17372,2012-12-31,1,1,12,16,0,1,1,2,0.26,0.2576,0.48,0.194,30,184,214
2208,2011-04-06,2,0,4,20,0,3,1,1,0.46,0.4545,0.51,0.2239,15,126,141
4553,2011-07-13,3,0,7,14,0,3,1,3,0.82,0.7576,0.46,0.1343,27,89,116
4403,2011-07-07,3,0,7,8,0,4,1,2,0.7,0.6667,0.79,0.194,28,415,443
7396,2011-11-09,4,0,11,18,0,3,1,1,0.44,0.4394,0.67,0.1045,21,387,408
3719,2011-06-08,2,0,6,20,0,3,1,1,0.8,0.7879,0.63,0.1343,55,225,280
973,2011-02-13,1,0,2,3,0,0,0,2,0.2,0.2273,0.69,0.1045,4,8,12
4580,2011-07-14,3,0,7,17,0,4,1,1,0.74,0.6515,0.37,0.1343,78,517,595
6517,2011-10-04,4,0,10,2,0,2,1,2,0.4,0.4091,0.87,0,1,2,3
720,2011-02-02,1,0,2,8,0,3,1,3,0.22,0.2121,0.93,0.2239,1,154,155
6156,2011-09-19,3,0,9,1,0,1,1,2,0.52,0.5,0.72,0.1045,3,7,10
16917,2012-12-12,4,1,12,15,0,3,1,2,0.34,0.3485,0.46,0.1045,21,207,228
12089,2012-05-23,2,1,5,21,0,3,1,2,0.62,0.5758,0.83,0,24,221,245
2804,2011-05-01,2,0,5,17,0,0,0,2,0.48,0.4697,0.82,0.2537,60,136,196
2567,2011-04-21,2,0,4,20,0,4,1,1,0.44,0.4394,0.3,0.1343,28,176,204
4026,2011-06-21,3,0,6,15,0,2,1,1,0.78,0.7424,0.59,0.2537,42,128,170
6199,2011-09-20,3,0,9,20,0,2,1,1,0.56,0.5303,0.94,0,41,212,253
8225,2011-12-14,4,0,12,8,0,3,1,2,0.26,0.303,0.87,0,9,458,467
12953,2012-06-28,3,1,6,21,0,4,1,1,0.76,0.697,0.55,0.194,89,309,398
16384,2012-11-20,4,1,11,9,0,2,1,2,0.36,0.3788,0.71,0,28,298,326
4064,2011-06-23,3,0,6,5,0,4,1,1,0.72,0.697,0.74,0.1642,2,22,24
11655,2012-05-05,2,1,5,19,0,6,0,2,0.62,0.5909,0.73,0.3284,151,254,405
9890,2012-02-22,1,1,2,2,0,3,1,1,0.34,0.3182,0.66,0.2836,1,5,6
2793,2011-05-01,2,0,5,6,0,0,0,2,0.4,0.4091,0.82,0.0896,4,9,13
2223,2011-04-07,2,0,4,11,0,4,1,2,0.46,0.4545,0.55,0,36,86,122
5819,2011-09-04,3,0,9,21,0,0,0,1,0.72,0.697,0.74,0.2537,104,103,207
11957,2012-05-18,2,1,5,9,0,5,1,1,0.56,0.5303,0.56,0.1045,57,304,361
3867,2011-06-15,2,0,6,0,0,3,1,1,0.56,0.5303,0.64,0.3582,8,44,52
13390,2012-07-17,3,1,7,2,0,2,1,1,0.72,0.6818,0.7,0.0896,1,6,7
16071,2012-11-07,4,1,11,7,0,3,1,2,0.26,0.2273,0.56,0.2985,5,314,319
11868,2012-05-14,2,1,5,16,0,1,1,3,0.62,0.6061,0.69,0.2836,20,91,111
10344,2012-03-12,1,1,3,2,0,1,1,1,0.38,0.3939,0.54,0.1045,4,5,9
14079,2012-08-14,3,1,8,19,0,2,1,1,0.76,0.7273,0.66,0.194,94,533,627
11951,2012-05-18,2,1,5,3,0,5,1,1,0.46,0.4545,0.72,0.0896,6,8,14
15112,2012-09-26,4,1,9,20,0,3,1,1,0.66,0.6212,0.69,0.194,45,389,434
3228,2011-05-19,2,0,5,9,0,4,1,2,0.54,0.5152,0.88,0.0896,40,176,216
4215,2011-06-29,3,0,6,12,0,3,1,1,0.76,0.6667,0.35,0.2537,55,188,243
3924,2011-06-17,2,0,6,9,0,5,1,1,0.7,0.6515,0.58,0.194,28,196,224
12097,2012-05-24,2,1,5,5,0,4,1,2,0.6,0.5455,0.88,0.1642,1,29,30
10470,2012-03-17,1,1,3,8,0,6,0,2,0.42,0.4242,0.94,0.1045,63,155,218
13811,2012-08-03,3,1,8,15,0,5,1,1,0.88,0.8182,0.42,0.2537,112,268,380
1402,2011-03-03,1,0,3,16,0,4,1,1,0.26,0.303,0.23,0,6,65,71
8932,2012-01-13,1,1,1,0,0,5,1,2,0.4,0.4091,0.71,0.2836,4,38,42
12459,2012-06-08,2,1,6,7,0,5,1,1,0.52,0.5,0.72,0.1045,19,409,428
12829,2012-06-23,3,1,6,17,0,6,0,1,0.82,0.7121,0.26,0.2537,214,316,530
7704,2011-11-22,4,0,11,14,0,2,1,3,0.42,0.4242,1,0.0896,4,31,35
4980,2011-07-31,3,0,7,9,0,0,0,1,0.8,0.7424,0.49,0,55,128,183
3254,2011-05-20,2,0,5,11,0,5,1,2,0.58,0.5455,0.6,0.194,63,133,196
16976,2012-12-15,4,1,12,2,0,6,0,1,0.26,0.303,0.81,0,6,63,69
16010,2012-11-04,4,1,11,18,0,0,0,1,0.36,0.3485,0.43,0.2239,31,206,237
2662,2011-04-25,2,0,4,19,0,1,1,1,0.66,0.6212,0.57,0.3284,62,320,382
2159,2011-04-04,2,0,4,19,0,1,1,1,0.7,0.6364,0.24,0.4627,51,227,278
8579,2011-12-29,1,0,12,5,0,4,1,1,0.2,0.2273,0.55,0.1045,0,10,10
8089,2011-12-08,4,0,12,16,0,4,1,1,0.32,0.3182,0.45,0.194,7,201,208
675,2011-01-31,1,0,1,10,0,1,1,2,0.16,0.1515,0.59,0.194,1,68,69
14973,2012-09-21,3,1,9,1,0,5,1,1,0.52,0.5,0.72,0,11,38,49
7012,2011-10-24,4,0,10,18,0,1,1,1,0.54,0.5152,0.6,0.0896,58,428,486
13590,2012-07-25,3,1,7,10,0,3,1,1,0.74,0.6515,0.37,0,68,163,231
10198,2012-03-05,1,1,3,23,0,1,1,1,0.22,0.1818,0.37,0.5821,2,29,31
3842,2011-06-13,2,0,6,23,0,1,1,1,0.62,0.6212,0.46,0.194,14,75,89
1816,2011-03-21,2,0,3,9,0,1,1,2,0.34,0.303,0.81,0.3284,12,115,127
15434,2012-10-10,4,1,10,6,0,3,1,2,0.46,0.4545,0.88,0.0896,3,172,175
17250,2012-12-26,1,1,12,14,0,3,1,3,0.22,0.2121,0.93,0.2537,0,20,20
11789,2012-05-11,2,1,5,9,0,5,1,1,0.48,0.4697,0.41,0.2985,34,288,322
12846,2012-06-24,3,1,6,10,0,0,0,1,0.76,0.6818,0.4,0,161,291,452
16683,2012-12-02,4,1,12,21,0,0,0,2,0.44,0.4394,0.77,0.2239,8,91,99
2101,2011-04-02,2,0,4,9,0,6,0,2,0.34,0.3485,0.66,0.1045,22,65,87
17016,2012-12-16,4,1,12,18,0,0,0,3,0.38,0.3939,0.82,0.1045,8,99,107
6709,2011-10-12,4,0,10,2,0,3,1,2,0.56,0.5303,0.83,0.2836,0,2,2
1674,2011-03-15,1,0,3,8,0,2,1,1,0.26,0.2879,0.7,0.0896,23,259,282
10294,2012-03-09,1,1,3,23,0,5,1,1,0.32,0.303,0.33,0.2985,9,77,86
4214,2011-06-29,3,0,6,11,0,3,1,1,0.76,0.6667,0.35,0.2239,53,117,170
13958,2012-08-09,3,1,8,18,0,4,1,2,0.82,0.7576,0.46,0.2537,78,733,811
13460,2012-07-20,3,1,7,0,0,5,1,3,0.66,0.5909,0.89,0.0896,2,32,34
1549,2011-03-09,1,0,3,21,0,3,1,2,0.32,0.303,0.93,0.3284,10,52,62
16179,2012-11-11,4,1,11,20,0,0,0,1,0.44,0.4394,0.62,0.1642,54,146,200
11516,2012-04-30,2,1,4,0,0,1,1,1,0.44,0.4394,0.72,0.1045,12,36,48
11797,2012-05-11,2,1,5,17,0,5,1,1,0.64,0.6061,0.23,0.2537,102,677,779
8548,2011-12-27,1,0,12,21,0,2,1,1,0.32,0.3333,0.87,0.0896,11,52,63
5185,2011-08-08,3,0,8,22,0,1,1,1,0.76,0.7121,0.58,0.1045,26,121,147
1462,2011-03-06,1,0,3,4,0,0,0,2,0.42,0.4242,0.88,0.3582,0,3,3
14613,2012-09-06,3,1,9,1,0,4,1,2,0.7,0.6667,0.84,0,2,16,18
16877,2012-12-10,4,1,12,23,0,1,1,1,0.46,0.4545,0.88,0.2537,8,76,84
3221,2011-05-19,2,0,5,2,0,4,1,1,0.5,0.4848,0.94,0,3,12,15
15632,2012-10-18,4,1,10,12,0,4,1,2,0.6,0.6212,0.53,0.2537,93,284,377
16675,2012-12-02,4,1,12,13,0,0,0,1,0.4,0.4091,0.71,0.2239,84,347,431
7171,2011-10-31,4,0,10,9,0,1,1,2,0.32,0.3182,0.76,0.1642,14,197,211
7431,2011-11-11,4,0,11,5,1,5,0,1,0.3,0.2879,0.49,0.2537,0,13,13
8968,2012-01-14,1,1,1,12,0,6,0,1,0.22,0.2121,0.41,0.2537,30,189,219
1752,2011-03-18,1,0,3,16,0,5,1,1,0.68,0.6364,0.39,0.2836,67,137,204
3977,2011-06-19,2,0,6,14,0,0,0,3,0.74,0.6818,0.58,0.1045,124,193,317
8354,2011-12-19,4,0,12,17,0,1,1,1,0.38,0.3939,0.46,0.194,16,362,378
1773,2011-03-19,1,0,3,13,0,6,0,1,0.5,0.4848,0.34,0.4627,174,127,301
9389,2012-02-01,1,1,2,2,0,3,1,1,0.44,0.4394,0.44,0.2836,1,6,7
10071,2012-02-29,1,1,2,16,0,3,1,3,0.4,0.4091,0.82,0.2239,5,162,167
10861,2012-04-02,2,1,4,16,0,1,1,1,0.5,0.4848,0.34,0.3284,104,291,395
17370,2012-12-31,1,1,12,14,0,1,1,2,0.28,0.2727,0.45,0.2239,62,185,247
2017,2011-03-29,2,0,3,21,0,2,1,1,0.34,0.3636,0.42,0,8,75,83
2006,2011-03-29,2,0,3,10,0,2,1,1,0.3,0.2727,0.24,0.2985,13,46,59
16116,2012-11-09,4,1,11,5,0,5,1,1,0.3,0.2879,0.56,0.194,2,25,27
3894,2011-06-16,2,0,6,3,0,4,1,2,0.56,0.5303,0.73,0.0896,0,4,4
3238,2011-05-19,2,0,5,19,0,4,1,1,0.58,0.5455,0.6,0.1343,65,345,410
4425,2011-07-08,3,0,7,6,0,5,1,1,0.7,0.6667,0.74,0.1045,11,91,102
12937,2012-06-28,3,1,6,5,0,4,1,1,0.62,0.6212,0.57,0.0896,8,39,47
10271,2012-03-09,1,1,3,0,0,5,1,2,0.58,0.5455,0.49,0.4627,3,51,54
8589,2011-12-29,1,0,12,15,0,4,1,2,0.3,0.3182,0.52,0.0896,27,150,177
10981,2012-04-07,2,1,4,16,0,6,0,1,0.54,0.5152,0.19,0.3881,354,261,615
2258,2011-04-08,2,0,4,22,0,5,1,2,0.3,0.2727,0.93,0.2985,9,42,51
13485,2012-07-21,3,1,7,1,0,6,0,2,0.62,0.5758,0.83,0.2537,10,62,72
4073,2011-06-23,3,0,6,14,0,4,1,2,0.76,0.7273,0.66,0.2985,46,103,149
5575,2011-08-25,3,0,8,4,0,4,1,1,0.66,0.6061,0.78,0.3881,1,6,7
9084,2012-01-19,1,1,1,9,0,4,1,1,0.12,0.197,0.54,0,6,204,210
4969,2011-07-30,3,0,7,22,0,6,0,1,0.78,0.7121,0.52,0.1045,80,129,209
5356,2011-08-16,3,0,8,1,0,2,1,1,0.64,0.6061,0.69,0.1642,4,12,16
8419,2011-12-22,1,0,12,10,0,4,1,2,0.4,0.4091,0.82,0.0896,13,128,141
6094,2011-09-16,3,0,9,11,0,5,1,2,0.5,0.4848,0.51,0.1343,40,139,179
7936,2011-12-02,4,0,12,7,0,5,1,1,0.22,0.2576,0.87,0.0896,6,199,205
15014,2012-09-22,3,1,9,18,0,6,0,1,0.72,0.6667,0.54,0.2836,171,427,598
1520,2011-03-08,1,0,3,16,0,2,1,1,0.38,0.3939,0.27,0.1642,26,82,108
16052,2012-11-06,4,1,11,12,0,2,1,1,0.32,0.3333,0.45,0.1343,31,217,248
1379,2011-03-02,1,0,3,17,0,3,1,1,0.5,0.4848,0.23,0.2836,30,238,268
5673,2011-08-29,3,0,8,19,0,1,1,1,0.66,0.6212,0.47,0.2537,50,317,367
9216,2012-01-24,1,1,1,21,0,2,1,1,0.36,0.3788,0.71,0,18,154,172
2588,2011-04-22,2,0,4,17,0,5,1,3,0.32,0.303,0.93,0.2239,6,63,69
17189,2012-12-23,1,1,12,23,0,0,0,1,0.24,0.2879,0.6,0,3,22,25
5622,2011-08-27,3,0,8,3,0,6,0,2,0.7,0.6667,0.84,0.2239,8,22,30
14626,2012-09-06,3,1,9,14,0,4,1,1,0.74,0.7121,0.74,0.0896,38,178,216
13201,2012-07-09,3,1,7,5,0,1,1,2,0.66,0.6061,0.83,0.2239,1,27,28
11050,2012-04-10,2,1,4,13,0,2,1,1,0.52,0.5,0.23,0.1642,81,202,283
15267,2012-10-03,4,1,10,7,0,3,1,2,0.6,0.5152,0.94,0.194,11,504,515
5843,2011-09-05,3,0,9,21,1,1,0,2,0.66,0.5909,0.94,0.2985,20,40,60
7123,2011-10-29,4,0,10,9,0,6,0,3,0.28,0.2576,0.87,0.3582,1,19,20
12821,2012-06-23,3,1,6,9,0,6,0,1,0.72,0.6818,0.62,0.194,85,247,332
5833,2011-09-05,3,0,9,11,1,1,0,2,0.7,0.6667,0.74,0.1642,101,207,308
9822,2012-02-19,1,1,2,4,0,0,0,2,0.28,0.2576,0.41,0.3881,0,3,3
4889,2011-07-27,3,0,7,14,0,3,1,1,0.84,0.7273,0.28,0.2239,20,107,127
12719,2012-06-19,2,1,6,3,0,2,1,2,0.6,0.5758,0.78,0.1045,1,7,8
11716,2012-05-08,2,1,5,8,0,2,1,2,0.54,0.5152,0.73,0.2985,36,605,641
5905,2011-09-08,3,0,9,13,0,4,1,2,0.68,0.6364,0.83,0.3881,14,112,126
523,2011-01-23,1,0,1,21,0,0,0,1,0.1,0.1061,0.36,0.194,5,20,25
8044,2011-12-06,4,0,12,19,0,2,1,3,0.46,0.4545,1,0.2985,10,223,233
3608,2011-06-04,2,0,6,5,0,6,0,1,0.5,0.4848,0.64,0,3,5,8
9121,2012-01-20,1,1,1,22,0,5,1,2,0.2,0.197,0.37,0.2239,1,71,72
235,2011-01-11,1,0,1,1,0,2,1,1,0.14,0.1515,0.59,0.1642,0,3,3
14740,2012-09-11,3,1,9,8,0,2,1,1,0.54,0.5152,0.68,0.0896,48,702,750
3797,2011-06-12,2,0,6,2,0,0,0,1,0.64,0.5758,0.89,0.2537,9,57,66
12311,2012-06-02,2,1,6,3,0,6,0,1,0.56,0.5303,0.73,0.2537,8,18,26
6319,2011-09-25,4,0,9,20,0,0,0,1,0.64,0.5758,0.83,0.0896,51,135,186
13194,2012-07-08,3,1,7,22,0,0,0,3,0.74,0.697,0.7,0.0896,12,110,122
7095,2011-10-28,4,0,10,5,0,5,1,2,0.3,0.2879,0.61,0.2537,0,25,25
11993,2012-05-19,2,1,5,21,0,6,0,1,0.64,0.6212,0.5,0,81,178,259
10203,2012-03-06,1,1,3,4,0,2,1,1,0.18,0.1667,0.51,0.2985,0,3,3
15862,2012-10-28,4,1,10,2,0,0,0,2,0.5,0.4848,0.68,0.2985,17,99,116
16870,2012-12-10,4,1,12,16,0,1,1,2,0.5,0.4848,0.88,0.1045,37,308,345
1949,2011-03-26,2,0,3,23,0,6,0,2,0.26,0.2424,0.44,0.2836,10,31,41
6362,2011-09-27,4,0,9,15,0,2,1,2,0.68,0.6364,0.83,0.0896,35,170,205
16888,2012-12-11,4,1,12,10,0,2,1,1,0.36,0.3333,0.57,0.3284,12,142,154
14546,2012-09-03,3,1,9,6,1,1,0,1,0.66,0.5909,0.94,0,3,12,15
11685,2012-05-07,2,1,5,1,0,1,1,2,0.52,0.5,0.77,0.194,1,8,9
6092,2011-09-16,3,0,9,9,0,5,1,1,0.46,0.4545,0.55,0.2537,21,189,210
10864,2012-04-02,2,1,4,19,0,1,1,1,0.5,0.4848,0.27,0.2537,66,428,494
17147,2012-12-22,1,1,12,5,0,6,0,1,0.26,0.2273,0.48,0.4179,0,5,5
2225,2011-04-07,2,0,4,13,0,4,1,2,0.52,0.5,0.48,0.0896,36,99,135
9299,2012-01-28,1,1,1,8,0,6,0,1,0.2,0.2273,0.8,0.0896,9,82,91
16568,2012-11-28,4,1,11,1,0,3,1,2,0.26,0.2576,0.75,0.2239,0,12,12
9011,2012-01-16,1,1,1,7,1,1,0,1,0.1,0.1364,0.54,0.1045,5,28,33
5572,2011-08-25,3,0,8,1,0,4,1,1,0.68,0.6364,0.69,0.3881,4,11,15
4524,2011-07-12,3,0,7,9,0,2,1,1,0.78,0.7273,0.55,0.4925,27,149,176
5794,2011-09-03,3,0,9,20,0,6,0,1,0.7,0.6667,0.79,0.1642,99,120,219
16306,2012-11-17,4,1,11,3,0,6,0,1,0.26,0.2576,0.65,0.194,2,19,21
5739,2011-09-01,3,0,9,13,0,4,1,2,0.72,0.6667,0.48,0.0896,50,169,219
2625,2011-04-24,2,0,4,6,0,0,0,2,0.5,0.4848,1,0,10,3,13
4729,2011-07-20,3,0,7,22,0,3,1,1,0.78,0.7727,0.7,0.2239,25,144,169
7819,2011-11-27,4,0,11,9,0,0,0,1,0.46,0.4545,0.72,0.2836,21,90,111
8860,2012-01-09,1,1,1,23,0,1,1,2,0.22,0.2424,0.87,0.1045,1,51,52
17311,2012-12-29,1,1,12,3,0,6,0,2,0.24,0.2424,0.75,0,1,5,6
16824,2012-12-08,4,1,12,18,0,6,0,1,0.4,0.4091,0.87,0.1045,40,264,304
9081,2012-01-19,1,1,1,6,0,4,1,1,0.12,0.1364,0.54,0.1642,0,86,86
13765,2012-08-01,3,1,8,17,0,3,1,1,0.8,0.7424,0.49,0.1642,103,734,837
2438,2011-04-16,2,0,4,11,0,6,0,3,0.42,0.4242,0.94,0.4478,4,27,31
6057,2011-09-14,3,0,9,22,0,3,1,2,0.66,0.6212,0.65,0.1343,20,140,160
9010,2012-01-16,1,1,1,6,1,1,0,1,0.1,0.1364,0.54,0.0896,0,13,13
15810,2012-10-25,4,1,10,22,0,4,1,2,0.54,0.5152,0.83,0.0896,22,185,207
11607,2012-05-03,2,1,5,19,0,4,1,1,0.7,0.6515,0.61,0.194,55,467,522
6353,2011-09-27,4,0,9,6,0,2,1,2,0.62,0.5455,0.94,0.1045,8,116,124
10534,2012-03-20,1,1,3,0,0,2,1,2,0.56,0.5303,0.78,0.0896,5,24,29
11990,2012-05-19,2,1,5,18,0,6,0,1,0.74,0.6515,0.33,0.0896,254,391,645
3168,2011-05-16,2,0,5,21,0,1,1,1,0.58,0.5455,0.83,0,28,149,177
1810,2011-03-21,2,0,3,2,0,1,1,2,0.34,0.303,0.71,0.3284,1,5,6
15008,2012-09-22,3,1,9,12,0,6,0,1,0.72,0.6667,0.54,0.2985,228,460,688
7162,2011-10-31,4,0,10,0,0,1,1,1,0.26,0.303,0.87,0,3,20,23
9457,2012-02-03,1,1,2,22,0,5,1,1,0.34,0.3485,0.49,0.1045,3,116,119
5087,2011-08-04,3,0,8,20,0,4,1,2,0.7,0.6667,0.74,0.194,41,245,286
14934,2012-09-19,3,1,9,10,0,3,1,1,0.56,0.5303,0.52,0.194,23,169,192
7017,2011-10-24,4,0,10,23,0,1,1,1,0.46,0.4545,0.77,0.0896,9,50,59
13387,2012-07-16,3,1,7,23,0,1,1,1,0.74,0.7121,0.74,0.0896,27,139,166
12642,2012-06-15,2,1,6,22,0,5,1,1,0.64,0.6212,0.53,0.1343,79,242,321
14436,2012-08-29,3,1,8,16,0,3,1,1,0.76,0.6667,0.37,0.1343,104,389,493
4946,2011-07-29,3,0,7,23,0,5,1,1,0.78,0.7121,0.52,0.1045,26,90,116
12238,2012-05-30,2,1,5,2,0,3,1,3,0.62,0.5455,0.94,0.0896,1,4,5
6047,2011-09-14,3,0,9,12,0,3,1,1,0.74,0.6818,0.58,0.2239,56,156,212
15710,2012-10-21,4,1,10,18,0,0,0,1,0.52,0.5,0.39,0.194,71,342,413
15529,2012-10-14,4,1,10,5,0,0,0,1,0.4,0.4091,0.82,0.194,5,6,11
5586,2011-08-25,3,0,8,15,0,4,1,2,0.74,0.697,0.7,0,28,104,132
6920,2011-10-20,4,0,10,22,0,4,1,1,0.44,0.4394,0.51,0.3284,22,106,128
5591,2011-08-25,3,0,8,20,0,4,1,1,0.64,0.5909,0.78,0.3582,33,192,225
7227,2011-11-02,4,0,11,17,0,3,1,1,0.44,0.4394,0.62,0.194,30,523,553
1229,2011-02-24,1,0,2,7,0,4,1,1,0.2,0.197,0.72,0.194,0,104,104
14269,2012-08-22,3,1,8,17,0,3,1,3,0.74,0.6818,0.55,0.2239,72,711,783
6847,2011-10-17,4,0,10,20,0,1,1,1,0.52,0.5,0.77,0.1045,40,189,229
13812,2012-08-03,3,1,8,16,0,5,1,2,0.86,0.7879,0.41,0.2239,112,380,492
13334,2012-07-14,3,1,7,18,0,6,0,1,0.72,0.697,0.79,0.1343,108,243,351
8245,2011-12-15,4,0,12,4,0,4,1,2,0.32,0.303,0.7,0.2239,0,6,6
14323,2012-08-24,3,1,8,23,0,5,1,2,0.68,0.6364,0.69,0.0896,38,140,178
6556,2011-10-05,4,0,10,17,0,3,1,1,0.64,0.6212,0.47,0.2537,66,525,591
12146,2012-05-26,2,1,5,6,0,6,0,1,0.62,0.5606,0.88,0.194,6,25,31
160,2011-01-07,1,0,1,22,0,5,1,2,0.18,0.197,0.43,0.1642,2,34,36
8852,2012-01-09,1,1,1,15,0,1,1,3,0.22,0.2273,0.75,0.1642,5,64,69
9780,2012-02-17,1,1,2,10,0,5,1,1,0.34,0.3182,0.71,0.2836,13,103,116
1590,2011-03-11,1,0,3,17,0,5,1,1,0.34,0.3182,0.49,0.2239,23,200,223
5576,2011-08-25,3,0,8,5,0,4,1,1,0.66,0.6061,0.83,0.4179,1,25,26
16951,2012-12-14,4,1,12,1,0,5,1,1,0.22,0.2576,0.69,0.0896,0,26,26
7242,2011-11-03,4,0,11,8,0,4,1,2,0.34,0.3485,0.81,0.0896,8,394,402
5566,2011-08-24,3,0,8,19,0,3,1,1,0.74,0.6818,0.55,0.2985,93,347,440
6688,2011-10-11,4,0,10,5,0,2,1,2,0.52,0.5,0.88,0,0,20,20
7191,2011-11-01,4,0,11,5,0,2,1,1,0.32,0.3182,0.81,0.194,0,18,18
17262,2012-12-27,1,1,12,2,0,4,1,2,0.24,0.197,0.87,0.4478,0,2,2
10577,2012-03-21,2,1,3,19,0,3,1,1,0.6,0.6061,0.64,0,86,496,582
14680,2012-09-08,3,1,9,20,0,6,0,2,0.58,0.5455,0.88,0.0896,28,166,194
7481,2011-11-13,4,0,11,7,0,0,0,1,0.34,0.3182,0.66,0.2239,13,30,43
12051,2012-05-22,2,1,5,7,0,2,1,3,0.56,0.5303,0.88,0.1045,9,315,324
13365,2012-07-16,3,1,7,1,0,1,1,2,0.7,0.6667,0.74,0.194,1,10,11
7571,2011-11-17,4,0,11,1,0,4,1,2,0.42,0.4242,0.82,0.1642,0,5,5
1557,2011-03-10,1,0,3,7,0,4,1,3,0.38,0.3939,0,0.2239,1,36,37
2829,2011-05-02,2,0,5,18,0,1,1,2,0.64,0.6061,0.65,0.194,68,450,518
437,2011-01-20,1,0,1,5,0,4,1,1,0.24,0.2273,0.6,0.2239,0,6,6
5790,2011-09-03,3,0,9,16,0,6,0,1,0.72,0.6818,0.7,0.194,186,188,374
15124,2012-09-27,4,1,9,8,0,4,1,1,0.62,0.6061,0.71,0.0896,20,774,794
12071,2012-05-23,2,1,5,3,0,3,1,1,0.6,0.5758,0.78,0.1045,0,5,5
1589,2011-03-11,1,0,3,16,0,5,1,2,0.34,0.303,0.49,0.2985,18,95,113
7399,2011-11-09,4,0,11,21,0,3,1,1,0.4,0.4091,0.87,0,9,152,161
2781,2011-04-30,2,0,4,18,0,6,0,1,0.54,0.5152,0.43,0.1343,134,237,371
3702,2011-06-08,2,0,6,3,0,3,1,1,0.64,0.5758,0.89,0.0896,2,1,3
9243,2012-01-26,1,1,1,0,0,4,1,2,0.28,0.2879,0.75,0.1045,3,22,25
5687,2011-08-30,3,0,8,9,0,2,1,1,0.66,0.6212,0.5,0.2239,38,180,218
3966,2011-06-19,2,0,6,3,0,0,0,2,0.66,0.6061,0.78,0.1343,14,16,30
4728,2011-07-20,3,0,7,21,0,3,1,1,0.8,0.803,0.66,0.1642,33,209,242
9166,2012-01-22,1,1,1,19,0,0,0,3,0.16,0.1818,0.86,0.1045,9,80,89
1239,2011-02-24,1,0,2,17,0,4,1,3,0.36,0.3485,0.66,0.194,9,168,177
2952,2011-05-07,2,0,5,21,0,6,0,1,0.54,0.5152,0.49,0.2239,58,124,182
10535,2012-03-20,1,1,3,1,0,2,1,1,0.54,0.5152,0.88,0,6,9,15
13503,2012-07-21,3,1,7,19,0,6,0,2,0.6,0.5455,0.88,0.1642,67,171,238
14307,2012-08-24,3,1,8,7,0,5,1,2,0.64,0.5909,0.78,0,13,412,425
10351,2012-03-12,1,1,3,9,0,1,1,1,0.38,0.3939,0.54,0.1642,21,260,281
13581,2012-07-25,3,1,7,1,0,3,1,1,0.7,0.6515,0.58,0.194,2,26,28
1498,2011-03-07,1,0,3,18,0,1,1,1,0.32,0.303,0.31,0.2239,19,214,233
12738,2012-06-19,2,1,6,22,0,2,1,1,0.72,0.697,0.79,0.0896,51,240,291
6466,2011-10-01,4,0,10,23,0,6,0,3,0.36,0.3485,0.93,0.2239,8,57,65
7356,2011-11-08,4,0,11,2,0,2,1,1,0.32,0.3485,0.87,0,0,1,1
7824,2011-11-27,4,0,11,14,0,0,0,1,0.62,0.6212,0.43,0.4627,113,200,313
7548,2011-11-16,4,0,11,2,0,3,1,2,0.46,0.4545,0.94,0.1045,4,6,10
7914,2011-12-01,4,0,12,9,0,4,1,1,0.3,0.2727,0.52,0.3284,9,215,224
12450,2012-06-07,2,1,6,22,0,4,1,1,0.6,0.6212,0.46,0.1642,35,193,228
10615,2012-03-23,2,1,3,9,0,5,1,2,0.52,0.5,0.9,0.0896,75,305,380
15878,2012-10-28,4,1,10,18,0,0,0,3,0.42,0.4242,0.94,0.4925,18,136,154
5186,2011-08-08,3,0,8,23,0,1,1,1,0.74,0.697,0.66,0.1045,19,53,72
5648,2011-08-28,3,0,8,18,0,0,0,1,0.74,0.6667,0.42,0.2239,145,257,402
8550,2011-12-27,1,0,12,23,0,2,1,1,0.3,0.303,0.93,0.1343,2,24,26
5243,2011-08-11,3,0,8,8,0,4,1,1,0.7,0.6364,0.45,0.1642,29,361,390
2131,2011-04-03,2,0,4,15,0,0,0,2,0.46,0.4545,0.33,0,174,118,292
11837,2012-05-13,2,1,5,9,0,0,0,1,0.6,0.6212,0.56,0.1343,79,143,222
2093,2011-04-02,2,0,4,1,0,6,0,1,0.26,0.2727,0.65,0.1343,4,28,32
5410,2011-08-18,3,0,8,7,0,4,1,1,0.64,0.5909,0.78,0.2985,19,289,308
10208,2012-03-06,1,1,3,9,0,2,1,1,0.22,0.2727,0.47,0,11,222,233
11949,2012-05-18,2,1,5,1,0,5,1,1,0.5,0.4848,0.59,0.0896,16,33,49
17341,2012-12-30,1,1,12,9,0,0,0,1,0.24,0.2121,0.52,0.3881,9,65,74
188,2011-01-09,1,0,1,2,0,0,0,1,0.1,0.0606,0.46,0.4627,0,11,11
13863,2012-08-05,3,1,8,19,0,0,0,1,0.7,0.6667,0.84,0.2239,46,139,185
7939,2011-12-02,4,0,12,10,0,5,1,1,0.3,0.2879,0.75,0.2239,16,89,105
3656,2011-06-06,2,0,6,5,0,1,1,1,0.56,0.5303,0.88,0.0896,7,24,31
3427,2011-05-27,2,0,5,16,0,5,1,2,0.76,0.697,0.55,0.3881,63,356,419
16715,2012-12-04,4,1,12,5,0,2,1,2,0.44,0.4394,0.88,0,1,45,46
1382,2011-03-02,1,0,3,20,0,3,1,1,0.36,0.3333,0.29,0.4179,9,86,95
14459,2012-08-30,3,1,8,15,0,4,1,1,0.8,0.7273,0.46,0.1642,99,239,338
8606,2011-12-30,1,0,12,8,0,5,1,2,0.24,0.2576,0.75,0.0896,12,193,205
7428,2011-11-11,4,0,11,2,1,5,0,1,0.32,0.2879,0.57,0.2836,1,10,11
5038,2011-08-02,3,0,8,19,0,2,1,2,0.86,0.7576,0.36,0.2239,85,369,454
4898,2011-07-27,3,0,7,23,0,3,1,1,0.74,0.6667,0.45,0.0896,16,93,109
11529,2012-04-30,2,1,4,13,0,1,1,2,0.48,0.4697,0.51,0.0896,48,199,247
11799,2012-05-11,2,1,5,19,0,5,1,1,0.64,0.6061,0.23,0.2537,73,430,503
3176,2011-05-17,2,0,5,5,0,2,1,3,0.52,0.5,0.94,0.2537,0,22,22
15781,2012-10-24,4,1,10,17,0,3,1,1,0.66,0.6212,0.47,0,87,876,963
12835,2012-06-23,3,1,6,23,0,6,0,1,0.72,0.6515,0.44,0,69,156,225
14779,2012-09-12,3,1,9,23,0,3,1,1,0.56,0.5303,0.68,0.1045,16,111,127
8449,2011-12-23,1,0,12,16,0,5,1,1,0.38,0.3939,0.5,0.2985,15,166,181
11391,2012-04-24,2,1,4,19,0,2,1,1,0.5,0.4848,0.18,0.2537,33,449,482
17295,2012-12-28,1,1,12,11,0,5,1,2,0.28,0.2727,0.52,0.2239,71,107,178
14679,2012-09-08,3,1,9,19,0,6,0,3,0.58,0.5455,0.88,0.1045,28,187,215
2236,2011-04-08,2,0,4,0,0,5,1,2,0.36,0.3485,0.76,0.2239,4,21,25
8069,2011-12-07,4,0,12,20,0,3,1,3,0.34,0.2879,0.87,0.6418,1,25,26
12936,2012-06-28,3,1,6,4,0,4,1,1,0.62,0.6061,0.61,0.1045,0,11,11
9960,2012-02-25,1,1,2,0,0,6,0,1,0.36,0.3333,0.43,0.3881,5,56,61
4237,2011-06-30,3,0,6,10,0,4,1,1,0.72,0.6515,0.42,0.194,35,97,132
13727,2012-07-31,3,1,7,3,0,2,1,1,0.66,0.6061,0.83,0.0896,1,5,6
11151,2012-04-14,2,1,4,19,0,6,0,2,0.6,0.6212,0.4,0.1642,163,296,459
14165,2012-08-18,3,1,8,9,0,6,0,1,0.66,0.6212,0.65,0.2836,81,211,292
9765,2012-02-16,1,1,2,19,0,4,1,2,0.32,0.3182,0.87,0.1642,4,254,258
25,2011-01-02,1,0,1,0,0,0,0,2,0.46,0.4545,0.88,0.2985,4,13,17
3364,2011-05-25,2,0,5,1,0,3,1,3,0.58,0.5455,0.83,0.194,6,2,8
1089,2011-02-18,1,0,2,2,0,5,1,1,0.44,0.4394,0.72,0.2836,2,5,7
12867,2012-06-25,3,1,6,7,0,1,1,1,0.66,0.6212,0.74,0.2239,30,455,485
10887,2012-04-03,2,1,4,18,0,2,1,1,0.6,0.6061,0.26,0.1642,139,661,800
8734,2012-01-04,1,1,1,17,0,3,1,2,0.2,0.197,0.4,0.194,9,272,281
11591,2012-05-03,2,1,5,3,0,4,1,2,0.46,0.4545,0.88,0,2,4,6
11752,2012-05-09,2,1,5,20,0,3,1,3,0.5,0.4848,0.82,0.2239,3,48,51
16671,2012-12-02,4,1,12,9,0,0,0,2,0.28,0.2727,0.93,0.1642,37,135,172
2842,2011-05-03,2,0,5,7,0,2,1,2,0.54,0.5152,0.88,0.2239,17,248,265
10504,2012-03-18,1,1,3,18,0,0,0,1,0.56,0.5303,0.64,0.1642,165,294,459
7538,2011-11-15,4,0,11,16,0,2,1,2,0.52,0.5,0.68,0.1343,31,240,271
12307,2012-06-01,2,1,6,23,0,5,1,3,0.6,0.5455,0.88,0.1343,6,67,73
11427,2012-04-26,2,1,4,7,0,4,1,3,0.46,0.4545,0.82,0.3582,3,222,225
7471,2011-11-12,4,0,11,21,0,6,0,1,0.42,0.4242,0.47,0.2836,19,103,122
7902,2011-11-30,4,0,11,21,0,3,1,1,0.32,0.2879,0.53,0.3881,7,128,135
4153,2011-06-26,3,0,6,22,0,0,0,1,0.7,0.6515,0.51,0,19,95,114
9502,2012-02-05,1,1,2,19,0,0,0,1,0.3,0.2879,0.52,0.2239,6,63,69
696,2011-02-01,1,0,2,8,0,2,1,3,0.16,0.2273,0.93,0,3,132,135
3736,2011-06-09,2,0,6,13,0,4,1,1,0.9,0.8182,0.37,0.0896,18,118,136
11945,2012-05-17,2,1,5,21,0,4,1,1,0.58,0.5455,0.4,0.1045,45,254,299
6338,2011-09-26,4,0,9,15,0,1,1,1,0.72,0.6818,0.62,0.1343,52,157,209
1228,2011-02-24,1,0,2,6,0,4,1,1,0.2,0.197,0.69,0.194,0,58,58
2000,2011-03-29,2,0,3,4,0,2,1,1,0.2,0.2121,0.44,0.1642,1,1,2
277,2011-01-12,1,0,1,23,0,3,1,1,0.14,0.1061,0.59,0.4179,1,19,20
13770,2012-08-01,3,1,8,22,0,3,1,1,0.72,0.6818,0.7,0.1045,37,251,288
17195,2012-12-24,1,1,12,6,0,1,1,1,0.2,0.2576,0.75,0,1,16,17
5930,2011-09-09,3,0,9,14,0,5,1,1,0.72,0.697,0.74,0.0896,29,119,148
2954,2011-05-07,2,0,5,23,0,6,0,1,0.5,0.4848,0.59,0.1045,30,89,119
3638,2011-06-05,2,0,6,11,0,0,0,2,0.64,0.6061,0.69,0.1045,121,214,335
3907,2011-06-16,2,0,6,16,0,4,1,3,0.66,0.6212,0.69,0.194,36,258,294
4779,2011-07-23,3,0,7,0,0,6,0,1,0.82,0.7879,0.56,0,16,85,101
5846,2011-09-06,3,0,9,0,0,2,1,3,0.54,0.5152,0.94,0.3582,1,7,8
17130,2012-12-21,1,1,12,12,0,5,1,2,0.32,0.2879,0.39,0.3582,25,199,224
4118,2011-06-25,3,0,6,11,0,6,0,1,0.74,0.6667,0.42,0,122,209,331
14027,2012-08-12,3,1,8,15,0,0,0,1,0.76,0.6818,0.4,0.1343,235,342,577
1138,2011-02-20,1,0,2,3,0,0,0,1,0.22,0.1818,0.44,0.5522,9,9,18
2768,2011-04-30,2,0,4,5,0,6,0,1,0.42,0.4242,0.54,0.3881,3,4,7
8183,2011-12-12,4,0,12,14,0,1,1,2,0.32,0.3333,0.53,0.1343,16,95,111
16198,2012-11-12,4,1,11,15,1,1,0,1,0.56,0.5303,0.64,0.2537,102,280,382
14692,2012-09-09,3,1,9,8,0,0,0,1,0.58,0.5455,0.68,0.2239,27,143,170
7662,2011-11-20,4,0,11,20,0,0,0,2,0.52,0.5,0.68,0.1045,23,90,113
9135,2012-01-21,1,1,1,12,0,6,0,2,0.2,0.2121,0.8,0.1642,5,62,67
13325,2012-07-14,3,1,7,9,0,6,0,1,0.66,0.6212,0.74,0.194,82,200,282
13753,2012-08-01,3,1,8,5,0,3,1,2,0.64,0.5909,0.78,0.1343,3,46,49
2491,2011-04-18,2,0,4,16,0,1,1,1,0.6,0.6212,0.46,0.2836,40,165,205
17119,2012-12-21,1,1,12,1,0,5,1,3,0.44,0.4394,0.88,0.3881,2,7,9
7743,2011-11-24,4,0,11,5,1,4,0,1,0.3,0.3182,0.61,0.1045,1,10,11
13128,2012-07-06,3,1,7,4,0,5,1,1,0.74,0.697,0.66,0.2239,2,4,6
3936,2011-06-17,2,0,6,21,0,5,1,1,0.64,0.5909,0.78,0.0896,49,159,208
17191,2012-12-24,1,1,12,1,0,1,1,1,0.22,0.2727,0.69,0,0,11,11
2385,2011-04-14,2,0,4,6,0,4,1,1,0.34,0.3485,0.76,0.1045,4,66,70
8017,2011-12-05,4,0,12,16,0,1,1,1,0.5,0.4848,0.63,0.0896,10,238,248
7085,2011-10-27,4,0,10,19,0,4,1,2,0.44,0.4394,0.67,0.4627,19,200,219
116,2011-01-06,1,0,1,0,0,4,1,1,0.18,0.2424,0.55,0,0,11,11
1864,2011-03-23,2,0,3,10,0,3,1,2,0.34,0.3182,0.81,0.2836,15,60,75
10751,2012-03-29,2,1,3,1,0,4,1,1,0.56,0.5303,0.6,0.1343,15,18,33
3120,2011-05-14,2,0,5,21,0,6,0,3,0.54,0.5152,0.94,0.2239,15,44,59
4259,2011-07-01,3,0,7,8,0,5,1,1,0.7,0.6364,0.42,0.1642,39,453,492
365,2011-01-16,1,0,1,16,0,0,0,1,0.24,0.2273,0.38,0.2239,22,77,99
15687,2012-10-20,4,1,10,19,0,6,0,1,0.5,0.4848,0.45,0.1343,77,268,345
2820,2011-05-02,2,0,5,9,0,1,1,2,0.5,0.4848,0.77,0.2836,41,131,172
12015,2012-05-20,2,1,5,19,0,0,0,1,0.66,0.6212,0.61,0.4179,142,260,402
14117,2012-08-16,3,1,8,9,0,4,1,1,0.72,0.6667,0.54,0.1045,41,296,337
13894,2012-08-07,3,1,8,2,0,2,1,1,0.7,0.6667,0.84,0.1343,6,7,13
16611,2012-11-29,4,1,11,21,0,4,1,1,0.26,0.2727,0.65,0.1343,7,201,208
4700,2011-07-19,3,0,7,17,0,2,1,1,0.8,0.803,0.66,0,68,445,513
12370,2012-06-04,2,1,6,14,0,1,1,1,0.62,0.6212,0.41,0.4925,84,186,270
3803,2011-06-12,2,0,6,8,0,0,0,1,0.7,0.6667,0.74,0,28,64,92
6069,2011-09-15,3,0,9,10,0,4,1,2,0.66,0.6212,0.69,0.2537,25,96,121
3537,2011-06-01,2,0,6,6,0,3,1,2,0.68,0.6364,0.89,0.0896,7,121,128
3826,2011-06-13,2,0,6,7,0,1,1,1,0.56,0.5303,0.56,0.3582,26,302,328
6643,2011-10-09,4,0,10,8,0,0,0,1,0.46,0.4545,0.88,0,25,82,107
16035,2012-11-05,4,1,11,19,0,1,1,1,0.32,0.3182,0.49,0.1642,11,361,372
12992,2012-06-30,3,1,6,12,0,6,0,1,0.88,0.7727,0.3,0.2537,143,328,471
13003,2012-06-30,3,1,6,23,0,6,0,1,0.78,0.7424,0.62,0.0896,33,119,152
1947,2011-03-26,2,0,3,21,0,6,0,2,0.26,0.2576,0.44,0.194,15,36,51
17270,2012-12-27,1,1,12,10,0,4,1,1,0.28,0.2273,0.56,0.5224,8,67,75
14130,2012-08-16,3,1,8,22,0,4,1,1,0.72,0.6667,0.51,0.1642,69,185,254
13528,2012-07-22,3,1,7,20,0,0,0,1,0.7,0.6667,0.74,0.1642,124,254,378
15455,2012-10-11,4,1,10,3,0,4,1,1,0.42,0.4242,0.47,0.2985,0,3,3
11681,2012-05-06,2,1,5,21,0,0,0,1,0.56,0.5303,0.73,0.194,55,148,203
9803,2012-02-18,1,1,2,9,0,6,0,1,0.22,0.2424,0.8,0.1045,22,116,138
7270,2011-11-04,4,0,11,12,0,5,1,2,0.48,0.4697,0.55,0.4925,44,153,197
14451,2012-08-30,3,1,8,7,0,4,1,1,0.64,0.6061,0.73,0,31,501,532
7930,2011-12-02,4,0,12,1,0,5,1,1,0.24,0.2879,0.75,0,1,14,15
12983,2012-06-30,3,1,6,3,0,6,0,2,0.64,0.5758,0.89,0,3,20,23
7167,2011-10-31,4,0,10,5,0,1,1,1,0.22,0.2727,0.93,0,0,18,18
12870,2012-06-25,3,1,6,10,0,1,1,1,0.76,0.697,0.55,0.1642,58,126,184
13152,2012-07-07,3,1,7,4,0,6,0,1,0.74,0.7121,0.74,0.1642,3,13,16
6964,2011-10-22,4,0,10,18,0,6,0,1,0.44,0.4394,0.54,0.0896,111,224,335
5868,2011-09-06,3,0,9,23,0,2,1,3,0.54,0.5152,0.94,0.2537,2,56,58
10860,2012-04-02,2,1,4,15,0,1,1,1,0.48,0.4697,0.33,0.4179,132,192,324
4762,2011-07-22,3,0,7,7,0,5,1,2,0.8,0.803,0.66,0.1045,20,232,252
10387,2012-03-13,1,1,3,21,0,2,1,1,0.58,0.5455,0.56,0.1045,44,200,244
883,2011-02-09,1,0,2,6,0,3,1,1,0.06,0.1515,0.45,0,0,43,43
13306,2012-07-13,3,1,7,14,0,5,1,2,0.8,0.7121,0.38,0,120,249,369
558,2011-01-25,1,0,1,10,0,2,1,2,0.22,0.2424,0.6,0.1045,6,49,55
16745,2012-12-05,4,1,12,11,0,3,1,1,0.44,0.4394,0.44,0.2836,11,161,172
16144,2012-11-10,4,1,11,9,0,6,0,1,0.36,0.3485,0.66,0.194,43,216,259
1208,2011-02-23,1,0,2,9,0,3,1,1,0.18,0.2121,0.51,0.0896,9,130,139
14030,2012-08-12,3,1,8,18,0,0,0,1,0.78,0.6818,0.35,0.1045,164,327,491
7685,2011-11-21,4,0,11,19,0,1,1,3,0.4,0.4091,0.94,0.194,2,135,137
14306,2012-08-24,3,1,8,6,0,5,1,2,0.62,0.5758,0.83,0,9,142,151
9703,2012-02-14,1,1,2,5,0,2,1,2,0.26,0.2727,0.65,0.1045,2,20,22
6539,2011-10-05,4,0,10,0,0,3,1,1,0.48,0.4697,0.77,0.1343,7,36,43
12022,2012-05-21,2,1,5,2,0,1,1,3,0.56,0.5303,0.94,0.2537,2,9,11
11925,2012-05-17,2,1,5,1,0,4,1,1,0.6,0.5606,0.83,0.1642,12,16,28
10486,2012-03-18,1,1,3,0,0,0,0,1,0.46,0.4545,0.88,0.194,27,80,107
3212,2011-05-18,2,0,5,17,0,3,1,1,0.6,0.5909,0.69,0.1343,78,487,565
3631,2011-06-05,2,0,6,4,0,0,0,2,0.62,0.6061,0.65,0.1642,4,8,12
1709,2011-03-16,1,0,3,20,0,3,1,2,0.42,0.4242,0.54,0.2985,10,111,121
15297,2012-10-04,4,1,10,13,0,4,1,2,0.72,0.6667,0.58,0.3284,63,231,294
8459,2011-12-24,1,0,12,2,0,6,0,2,0.32,0.3333,0.66,0.0896,4,22,26
1141,2011-02-20,1,0,2,7,0,0,0,1,0.18,0.1667,0.51,0.2537,0,2,2
3163,2011-05-16,2,0,5,16,0,1,1,3,0.6,0.5758,0.78,0.2537,45,181,226
6208,2011-09-21,3,0,9,5,0,3,1,2,0.54,0.5152,1,0.1642,1,30,31
15600,2012-10-17,4,1,10,4,0,3,1,1,0.36,0.3636,0.81,0.0896,0,4,4
3731,2011-06-09,2,0,6,8,0,4,1,2,0.76,0.7273,0.7,0.1045,32,400,432
10102,2012-03-01,1,1,3,23,0,4,1,1,0.36,0.3485,0.5,0.2239,9,76,85
14304,2012-08-24,3,1,8,4,0,5,1,2,0.64,0.6061,0.73,0,2,6,8
2661,2011-04-25,2,0,4,18,0,1,1,1,0.68,0.6364,0.57,0.3582,74,425,499
8849,2012-01-09,1,1,1,12,0,1,1,2,0.26,0.2727,0.56,0.1045,10,93,103
1308,2011-02-27,1,0,2,16,0,0,0,1,0.48,0.4697,0.44,0.1642,98,170,268
2568,2011-04-21,2,0,4,21,0,4,1,1,0.42,0.4242,0.47,0.194,25,159,184
9191,2012-01-23,1,1,1,20,0,1,1,2,0.26,0.2576,1,0.1642,8,161,169
12453,2012-06-08,2,1,6,1,0,5,1,1,0.56,0.5303,0.56,0.1642,4,25,29
2835,2011-05-03,2,0,5,0,0,2,1,2,0.56,0.5303,0.83,0.2239,0,16,16
6906,2011-10-20,4,0,10,8,0,4,1,1,0.44,0.4394,0.67,0.5224,17,409,426
11928,2012-05-17,2,1,5,4,0,4,1,1,0.6,0.6061,0.64,0.3284,3,13,16
9430,2012-02-02,1,1,2,19,0,4,1,1,0.38,0.3939,0.43,0.5224,16,311,327
2152,2011-04-04,2,0,4,12,0,1,1,1,0.64,0.6212,0.36,0.4627,59,98,157
14447,2012-08-30,3,1,8,3,0,4,1,1,0.62,0.5909,0.73,0,0,5,5
3836,2011-06-13,2,0,6,17,0,1,1,1,0.7,0.6364,0.39,0.3284,72,529,601
3171,2011-05-17,2,0,5,0,0,2,1,2,0.56,0.5303,0.88,0,13,18,31
14187,2012-08-19,3,1,8,7,0,0,0,2,0.62,0.6061,0.69,0.1343,12,29,41
15232,2012-10-01,4,1,10,20,0,1,1,3,0.54,0.5152,0.68,0,11,251,262
13284,2012-07-12,3,1,7,16,0,4,1,1,0.8,0.7121,0.36,0.194,69,370,439
10379,2012-03-13,1,1,3,13,0,2,1,1,0.6,0.6061,0.6,0.3881,53,180,233
9327,2012-01-29,1,1,1,12,0,0,0,1,0.32,0.303,0.26,0.2239,73,215,288
5005,2011-08-01,3,0,8,10,0,1,1,1,0.86,0.7576,0.36,0.1642,27,70,97
6627,2011-10-08,4,0,10,16,0,6,0,1,0.64,0.6212,0.44,0.0896,221,230,451
9496,2012-02-05,1,1,2,13,0,0,0,2,0.28,0.2727,0.61,0.1642,33,241,274
1628,2011-03-13,1,0,3,8,0,0,0,1,0.4,0.4091,0.5,0.2985,11,23,34
14839,2012-09-15,3,1,9,11,0,6,0,1,0.64,0.6212,0.38,0.3881,228,399,627
9715,2012-02-14,1,1,2,17,0,2,1,1,0.42,0.4242,0.38,0.3582,19,504,523
17231,2012-12-25,1,1,12,19,1,2,0,2,0.32,0.303,0.66,0.2239,16,20,36
359,2011-01-16,1,0,1,10,0,0,0,1,0.22,0.2121,0.51,0.2836,8,71,79
139,2011-01-07,1,0,1,0,0,5,1,2,0.2,0.197,0.64,0.194,4,13,17
8492,2011-12-25,1,0,12,12,0,0,0,1,0.3,0.2727,0.75,0.2985,25,41,66
9749,2012-02-16,1,1,2,3,0,4,1,2,0.3,0.3333,0.61,0,0,1,1
13292,2012-07-13,3,1,7,0,0,5,1,2,0.7,0.6515,0.54,0.1642,19,76,95
383,2011-01-17,1,0,1,10,1,1,0,2,0.16,0.1515,0.5,0.2537,7,50,57
11182,2012-04-16,2,1,4,2,1,1,0,1,0.6,0.6061,0.64,0.2537,5,9,14
13949,2012-08-09,3,1,8,9,0,4,1,1,0.76,0.7273,0.66,0.1642,54,299,353
4858,2011-07-26,3,0,7,7,0,2,1,1,0.72,0.6818,0.66,0.2836,30,288,318
7731,2011-11-23,4,0,11,17,0,3,1,3,0.38,0.3939,0.71,0.3881,7,156,163
16423,2012-11-22,4,1,11,0,1,4,0,1,0.32,0.3333,0.66,0.0896,3,43,46
1440,2011-03-05,1,0,3,6,0,6,0,2,0.3,0.2879,1,0.2239,1,3,4
9570,2012-02-08,1,1,2,16,0,3,1,3,0.26,0.2727,0.81,0.1045,2,73,75
947,2011-02-12,1,0,2,1,0,6,0,1,0.14,0.2121,0.86,0,2,22,24
15367,2012-10-07,4,1,10,11,0,0,0,2,0.42,0.4242,0.71,0.1045,76,260,336
5499,2011-08-22,3,0,8,0,0,1,1,1,0.68,0.6364,0.79,0.1642,18,22,40
4917,2011-07-28,3,0,7,18,0,4,1,1,0.84,0.8182,0.56,0.2239,55,428,483
8557,2011-12-28,1,0,12,7,0,3,1,1,0.32,0.303,0.57,0.2537,4,106,110
10914,2012-04-04,2,1,4,21,0,3,1,1,0.6,0.6061,0.23,0.3284,43,255,298
1933,2011-03-26,2,0,3,7,0,6,0,1,0.2,0.197,0.51,0.194,18,23,41
2353,2011-04-12,2,0,4,22,0,2,1,2,0.4,0.4091,0.94,0.2985,7,47,54
3237,2011-05-19,2,0,5,18,0,4,1,1,0.6,0.6212,0.55,0.1642,59,454,513
11333,2012-04-22,2,1,4,9,0,0,0,3,0.4,0.4091,0.82,0.2537,8,71,79
12356,2012-06-04,2,1,6,0,0,1,1,1,0.58,0.5455,0.53,0,11,38,49
9494,2012-02-05,1,1,2,11,0,0,0,2,0.26,0.2576,0.7,0.194,22,160,182
15337,2012-10-06,4,1,10,5,0,6,0,1,0.54,0.5152,0.83,0.194,2,8,10
3808,2011-06-12,2,0,6,13,0,0,0,1,0.78,0.7424,0.59,0.2836,109,264,373
10349,2012-03-12,1,1,3,7,0,1,1,1,0.34,0.3485,0.53,0.1045,9,259,268
1937,2011-03-26,2,0,3,11,0,6,0,1,0.28,0.2727,0.38,0.1642,75,93,168
5620,2011-08-27,3,0,8,1,0,6,0,1,0.7,0.6667,0.84,0.1642,13,51,64
4155,2011-06-27,3,0,6,0,0,1,1,3,0.64,0.6061,0.73,0.2836,7,25,32
12365,2012-06-04,2,1,6,9,0,1,1,1,0.62,0.6212,0.43,0.2836,38,244,282
8989,2012-01-15,1,1,1,9,0,0,0,1,0.12,0.1364,0.54,0.194,10,80,90
2417,2011-04-15,2,0,4,14,1,5,0,1,0.54,0.5152,0.52,0.2537,57,106,163
14168,2012-08-18,3,1,8,12,0,6,0,1,0.76,0.6667,0.37,0.194,266,388,654
6140,2011-09-18,3,0,9,9,0,0,0,1,0.48,0.4697,0.67,0.2537,46,94,140
786,2011-02-05,1,0,2,4,0,6,0,3,0.22,0.2273,0.93,0.1343,0,8,8
6790,2011-10-15,4,0,10,11,0,6,0,1,0.56,0.5303,0.4,0.3881,153,221,374
11351,2012-04-23,2,1,4,3,0,1,1,2,0.32,0.303,0.81,0.2836,0,1,1
8037,2011-12-06,4,0,12,12,0,2,1,3,0.46,0.4545,1,0.2239,5,50,55
8316,2011-12-18,4,0,12,3,0,0,0,1,0.22,0.2121,0.55,0.2239,2,16,18
16932,2012-12-13,4,1,12,6,0,4,1,1,0.26,0.2424,0.56,0.2537,2,112,114
5669,2011-08-29,3,0,8,15,0,1,1,1,0.7,0.6364,0.42,0.1642,56,164,220
2173,2011-04-05,2,0,4,9,0,2,1,3,0.36,0.3182,0.87,0.4925,2,44,46
2170,2011-04-05,2,0,4,6,0,2,1,2,0.48,0.4697,0.88,0.3284,2,36,38
6629,2011-10-08,4,0,10,18,0,6,0,1,0.6,0.6212,0.46,0.1045,135,224,359
4010,2011-06-20,2,0,6,23,0,1,1,1,0.62,0.5909,0.78,0.2537,10,50,60
12830,2012-06-23,3,1,6,18,0,6,0,1,0.82,0.7121,0.26,0.2985,194,287,481
4341,2011-07-04,3,0,7,18,1,1,0,1,0.8,0.7273,0.46,0.1343,222,196,418
911,2011-02-10,1,0,2,11,0,4,1,1,0.14,0.1212,0.39,0.3582,1,44,45
6269,2011-09-23,4,0,9,18,0,5,1,1,0.6,0.5,1,0,14,220,234
2310,2011-04-11,2,0,4,2,0,1,1,1,0.46,0.4545,0.94,0.2836,7,2,9
10034,2012-02-28,1,1,2,2,0,2,1,1,0.4,0.4091,0.54,0.1045,1,2,3
11827,2012-05-12,2,1,5,23,0,6,0,1,0.58,0.5455,0.56,0.0896,42,134,176
9450,2012-02-03,1,1,2,15,0,5,1,1,0.38,0.3939,0.4,0,48,168,216
6592,2011-10-07,4,0,10,5,0,5,1,1,0.42,0.4242,0.82,0,3,24,27
4459,2011-07-09,3,0,7,16,0,6,0,1,0.82,0.7273,0.38,0,171,245,416
7598,2011-11-18,4,0,11,4,0,5,1,1,0.22,0.2273,0.44,0.1642,0,5,5
9371,2012-01-31,1,1,1,8,0,2,1,1,0.26,0.2727,0.6,0.1045,14,498,512
14233,2012-08-21,3,1,8,5,0,2,1,1,0.56,0.5303,0.83,0.0896,4,30,34
7940,2011-12-02,4,0,12,11,0,5,1,1,0.34,0.3333,0.66,0.1642,18,142,160
4653,2011-07-17,3,0,7,18,0,0,0,1,0.8,0.7273,0.46,0.2985,147,243,390
6219,2011-09-21,3,0,9,16,0,3,1,2,0.66,0.6212,0.74,0.1045,51,230,281
11843,2012-05-13,2,1,5,15,0,0,0,1,0.72,0.6515,0.45,0.3582,190,309,499
443,2011-01-20,1,0,1,11,0,4,1,2,0.28,0.2727,0.45,0.1642,5,63,68
3416,2011-05-27,2,0,5,5,0,5,1,1,0.64,0.6061,0.65,0.2836,2,29,31
9592,2012-02-09,1,1,2,14,0,4,1,1,0.32,0.303,0.39,0.2985,18,126,144
16224,2012-11-13,4,1,11,17,0,2,1,1,0.34,0.303,0.49,0.3582,33,575,608
14186,2012-08-19,3,1,8,6,0,0,0,2,0.62,0.6061,0.69,0.1045,5,15,20
9650,2012-02-12,1,1,2,0,0,0,0,3,0.1,0.0758,0.68,0.3881,0,21,21
14514,2012-09-01,3,1,9,22,0,6,0,2,0.66,0.5909,0.89,0,21,57,78
5745,2011-09-01,3,0,9,19,0,4,1,1,0.7,0.6515,0.58,0.1642,79,364,443
1055,2011-02-16,1,0,2,16,0,3,1,1,0.46,0.4545,0.31,0.3881,26,96,122
13121,2012-07-05,3,1,7,21,0,4,1,1,0.84,0.7727,0.47,0.194,91,232,323
11468,2012-04-28,2,1,4,0,0,6,0,1,0.38,0.3939,0.43,0.1642,4,99,103
16184,2012-11-12,4,1,11,1,1,1,0,1,0.4,0.4091,0.76,0.1642,4,26,30
3700,2011-06-08,2,0,6,1,0,3,1,1,0.66,0.6061,0.78,0,3,20,23
11952,2012-05-18,2,1,5,4,0,5,1,1,0.46,0.4545,0.77,0.1642,0,11,11
930,2011-02-11,1,0,2,8,0,5,1,1,0.1,0.1212,0.74,0.1642,4,212,216
15814,2012-10-26,4,1,10,2,0,5,1,2,0.52,0.5,0.88,0.1045,4,15,19
6469,2011-10-02,4,0,10,2,0,0,0,3,0.34,0.303,0.87,0.2985,3,27,30
8768,2012-01-06,1,1,1,3,0,5,1,1,0.22,0.2424,0.69,0.1045,1,3,4
1830,2011-03-21,2,0,3,23,0,1,1,1,0.46,0.4545,0.88,0.0896,8,22,30
11121,2012-04-13,2,1,4,13,0,5,1,1,0.52,0.5,0.27,0.2836,112,246,358
13105,2012-07-05,3,1,7,5,0,4,1,1,0.72,0.6818,0.62,0,1,28,29
12414,2012-06-06,2,1,6,10,0,3,1,1,0.6,0.6212,0.46,0.0896,55,148,203
11739,2012-05-09,2,1,5,7,0,3,1,2,0.56,0.5303,0.94,0.194,17,401,418
16616,2012-11-30,4,1,11,2,0,5,1,1,0.24,0.2879,0.75,0,2,10,12
14316,2012-08-24,3,1,8,16,0,5,1,2,0.76,0.6818,0.48,0.1343,101,414,515
15086,2012-09-25,4,1,9,18,0,2,1,1,0.64,0.6212,0.41,0.2239,64,758,822
2012,2011-03-29,2,0,3,16,0,2,1,1,0.38,0.3939,0.22,0.1642,12,124,136
914,2011-02-10,1,0,2,14,0,4,1,1,0.2,0.1818,0.27,0.2836,6,42,48
7612,2011-11-18,4,0,11,18,0,5,1,1,0.3,0.303,0.36,0.1642,16,312,328
15260,2012-10-03,4,1,10,0,0,3,1,3,0.62,0.5455,0.94,0,5,47,52
14264,2012-08-22,3,1,8,12,0,3,1,1,0.74,0.6667,0.51,0,59,253,312
17210,2012-12-24,1,1,12,21,0,1,1,3,0.24,0.2576,0.93,0.0896,13,9,22
2607,2011-04-23,2,0,4,12,0,6,0,1,0.52,0.5,0.83,0.4179,94,197,291
11457,2012-04-27,2,1,4,13,0,5,1,1,0.46,0.4545,0.33,0.3881,94,212,306
4929,2011-07-29,3,0,7,6,0,5,1,2,0.72,0.7121,0.84,0,7,83,90
9784,2012-02-17,1,1,2,14,0,5,1,1,0.4,0.4091,0.37,0.3582,33,137,170
6565,2011-10-06,4,0,10,2,0,4,1,1,0.46,0.4545,0.67,0.194,2,8,10
15089,2012-09-25,4,1,9,21,0,2,1,1,0.6,0.6212,0.56,0.2985,34,263,297
7,2011-01-01,1,0,1,6,0,6,0,1,0.22,0.2727,0.8,0,2,0,2
11173,2012-04-15,2,1,4,17,0,0,0,1,0.7,0.6364,0.42,0.3284,262,361,623
7836,2011-11-28,4,0,11,3,0,1,1,1,0.44,0.4394,0.88,0.2239,1,4,5
6584,2011-10-06,4,0,10,21,0,4,1,1,0.46,0.4545,0.88,0.0896,34,161,195
3362,2011-05-24,2,0,5,23,0,2,1,3,0.66,0.6212,0.74,0.1642,13,53,66
12967,2012-06-29,3,1,6,11,0,5,1,2,0.9,0.8485,0.42,0.2836,51,137,188
10136,2012-03-03,1,1,3,9,0,6,0,3,0.38,0.3939,0.87,0.0896,7,87,94
14442,2012-08-29,3,1,8,22,0,3,1,1,0.66,0.6212,0.54,0,50,185,235
13692,2012-07-29,3,1,7,16,0,0,0,1,0.8,0.7273,0.43,0.1343,191,330,521
1636,2011-03-13,1,0,3,16,0,0,0,1,0.46,0.4545,0.41,0.3881,124,132,256
1142,2011-02-20,1,0,2,8,0,0,0,1,0.2,0.2273,0.51,0.1045,2,22,24
16192,2012-11-12,4,1,11,9,1,1,0,1,0.44,0.4394,0.88,0.1045,60,337,397
360,2011-01-16,1,0,1,11,0,0,0,1,0.24,0.2273,0.44,0.2537,23,70,93
2071,2011-04-01,2,0,4,3,0,5,1,2,0.24,0.2273,0.93,0.2537,0,4,4
3135,2011-05-15,2,0,5,12,0,0,0,1,0.62,0.5909,0.73,0.2985,120,247,367
5161,2011-08-07,3,0,8,22,0,0,0,1,0.7,0.6667,0.89,0.194,21,82,103
6991,2011-10-23,4,0,10,21,0,0,0,1,0.44,0.4394,0.72,0.0896,24,75,99
3244,2011-05-20,2,0,5,1,0,5,1,1,0.46,0.4545,1,0,8,17,25
15330,2012-10-05,4,1,10,22,0,5,1,1,0.6,0.5909,0.73,0.2836,63,201,264
2243,2011-04-08,2,0,4,7,0,5,1,3,0.34,0.3333,0.87,0.1642,4,109,113
1475,2011-03-06,1,0,3,18,0,0,0,3,0.32,0.2879,1,0.3582,0,23,23
15924,2012-11-01,4,1,11,4,0,4,1,2,0.34,0.3485,0.66,0.1045,2,8,10
10082,2012-03-01,1,1,3,3,0,4,1,1,0.46,0.4545,0.94,0.2239,0,3,3
11628,2012-05-04,2,1,5,16,0,5,1,1,0.76,0.6818,0.48,0.1642,82,358,440
3260,2011-05-20,2,0,5,17,0,5,1,1,0.62,0.6212,0.53,0,71,483,554
14683,2012-09-08,3,1,9,23,0,6,0,2,0.58,0.5455,0.73,0.1642,12,121,133
11898,2012-05-15,2,1,5,22,0,2,1,1,0.58,0.5455,0.78,0.2239,9,74,83
10214,2012-03-06,1,1,3,15,0,2,1,1,0.34,0.303,0.36,0.2985,24,142,166
4021,2011-06-21,3,0,6,10,0,2,1,2,0.64,0.5758,0.83,0.194,41,120,161
16383,2012-11-20,4,1,11,8,0,2,1,1,0.34,0.3333,0.71,0.1343,16,649,665
8567,2011-12-28,1,0,12,17,0,3,1,1,0.28,0.2727,0.38,0.2537,25,225,250
3501,2011-05-30,2,0,5,18,1,1,0,1,0.86,0.7879,0.41,0.1642,77,172,249
2659,2011-04-25,2,0,4,16,0,1,1,1,0.7,0.6515,0.54,0.3582,41,198,239
15666,2012-10-19,4,1,10,22,0,5,1,1,0.5,0.4848,0.77,0.0896,14,176,190
1131,2011-02-19,1,0,2,20,0,6,0,1,0.32,0.2879,0.28,0.5224,9,38,47
13750,2012-08-01,3,1,8,2,0,3,1,1,0.64,0.5758,0.83,0.1045,0,13,13
10517,2012-03-19,1,1,3,7,0,1,1,1,0.46,0.4545,0.88,0.194,25,329,354
1820,2011-03-21,2,0,3,13,0,1,1,2,0.5,0.4848,0.63,0.2239,35,77,112
7462,2011-11-12,4,0,11,12,0,6,0,1,0.44,0.4394,0.44,0.2836,142,224,366
14529,2012-09-02,3,1,9,13,0,0,0,3,0.72,0.697,0.74,0.0896,263,230,493
14809,2012-09-14,3,1,9,5,0,5,1,1,0.54,0.5152,0.83,0,1,40,41
15133,2012-09-27,4,1,9,17,0,4,1,2,0.66,0.6212,0.69,0.2985,87,818,905
7065,2011-10-26,4,0,10,23,0,3,1,2,0.48,0.4697,0.88,0.0896,3,72,75
4319,2011-07-03,3,0,7,20,0,0,0,3,0.66,0.6061,0.83,0,83,93,176
9343,2012-01-30,1,1,1,4,0,1,1,1,0.2,0.2121,0.51,0.1343,0,5,5
12337,2012-06-03,2,1,6,5,0,0,0,1,0.5,0.4848,0.68,0,1,11,12
4670,2011-07-18,3,0,7,11,0,1,1,1,0.8,0.7576,0.55,0.0896,42,99,141
9429,2012-02-02,1,1,2,18,0,4,1,1,0.4,0.4091,0.43,0.4627,17,393,410
5477,2011-08-21,3,0,8,2,0,0,0,1,0.68,0.6364,0.79,0.194,13,51,64
17247,2012-12-26,1,1,12,11,0,3,1,3,0.2,0.1667,0.86,0.4627,0,10,10
16281,2012-11-16,4,1,11,2,0,5,1,2,0.3,0.303,0.7,0.1642,0,9,9
1857,2011-03-23,2,0,3,2,0,3,1,3,0.34,0.3182,0.76,0.2239,1,1,2
2283,2011-04-09,2,0,4,23,0,6,0,2,0.38,0.3939,0.87,0.0896,12,45,57
16138,2012-11-10,4,1,11,3,0,6,0,1,0.3,0.3333,0.81,0,9,11,20
12556,2012-06-12,2,1,6,8,0,2,1,2,0.62,0.5606,0.88,0.2239,15,598,613
12286,2012-06-01,2,1,6,2,0,5,1,1,0.64,0.6212,0.57,0.2239,3,13,16
4009,2011-06-20,2,0,6,22,0,1,1,2,0.64,0.6061,0.73,0.2239,24,106,130
13393,2012-07-17,3,1,7,5,0,2,1,1,0.68,0.6364,0.74,0.0896,7,31,38
6402,2011-09-29,4,0,9,7,0,4,1,1,0.6,0.5455,0.88,0.1343,14,269,283
6440,2011-09-30,4,0,9,21,0,5,1,1,0.52,0.5,0.55,0.194,27,179,206
16698,2012-12-03,4,1,12,12,0,1,1,1,0.52,0.5,0.68,0.1642,40,228,268
6032,2011-09-13,3,0,9,21,0,2,1,1,0.64,0.5909,0.78,0.1642,45,200,245
387,2011-01-17,1,0,1,14,1,1,0,2,0.18,0.2121,0.43,0.1045,12,74,86
1629,2011-03-13,1,0,3,9,0,0,0,1,0.4,0.4091,0.5,0.4179,8,36,44
11778,2012-05-10,2,1,5,22,0,4,1,1,0.5,0.4848,0.42,0.1045,36,196,232
14404,2012-08-28,3,1,8,8,0,2,1,2,0.66,0.6212,0.85,0.1045,25,668,693
10907,2012-04-04,2,1,4,14,0,3,1,2,0.62,0.6212,0.46,0.194,82,176,258
14169,2012-08-18,3,1,8,13,0,6,0,1,0.74,0.6515,0.4,0.194,289,355,644
15613,2012-10-17,4,1,10,17,0,3,1,1,0.54,0.5152,0.56,0.1045,122,766,888
771,2011-02-04,1,0,2,13,0,5,1,2,0.26,0.2576,0.5,0.2239,9,73,82
13852,2012-08-05,3,1,8,8,0,0,0,1,0.76,0.7273,0.66,0.3284,27,81,108
7719,2011-11-23,4,0,11,5,0,3,1,2,0.46,0.4545,0.94,0.194,1,16,17
14223,2012-08-20,3,1,8,19,0,1,1,2,0.62,0.5909,0.78,0.194,33,266,299
11382,2012-04-24,2,1,4,10,0,2,1,1,0.42,0.4242,0.47,0.2985,33,129,162
4659,2011-07-18,3,0,7,0,0,1,1,1,0.7,0.6667,0.74,0.1343,21,30,51
12498,2012-06-09,2,1,6,22,0,6,0,1,0.7,0.6515,0.58,0.1642,63,151,214
9102,2012-01-20,1,1,1,3,0,5,1,1,0.24,0.2576,0.52,0.1045,0,4,4
13578,2012-07-24,3,1,7,22,0,2,1,1,0.74,0.697,0.66,0.2537,43,226,269
16064,2012-11-07,4,1,11,0,0,3,1,2,0.3,0.2879,0.56,0.2836,49,234,283
10059,2012-02-29,1,1,2,3,0,3,1,1,0.28,0.303,0.7,0.0896,0,2,2
1843,2011-03-22,2,0,3,12,0,2,1,1,0.46,0.4545,0.47,0.2537,35,86,121
2498,2011-04-18,2,0,4,23,0,1,1,1,0.5,0.4848,0.59,0.2537,11,35,46
202,2011-01-09,1,0,1,16,0,0,0,1,0.2,0.1667,0.34,0.4478,13,79,92
14884,2012-09-17,3,1,9,8,0,1,1,1,0.54,0.5152,0.77,0.0896,36,647,683
3869,2011-06-15,2,0,6,2,0,3,1,1,0.52,0.5,0.63,0.2239,0,9,9
5055,2011-08-03,3,0,8,12,0,3,1,3,0.76,0.697,0.55,0.1343,19,142,161
5890,2011-09-07,3,0,9,21,0,3,1,3,0.64,0.5758,0.89,0.0896,4,34,38
12199,2012-05-28,2,1,5,11,1,1,0,1,0.72,0.6818,0.66,0.1343,254,222,476
2703,2011-04-27,2,0,4,12,0,3,1,1,0.66,0.6061,0.78,0.3284,38,135,173
7923,2011-12-01,4,0,12,18,0,4,1,1,0.36,0.3636,0.43,0.1045,12,393,405
16556,2012-11-27,4,1,11,13,0,2,1,3,0.28,0.2727,0.87,0.2537,4,73,77
332,2011-01-15,1,0,1,7,0,6,0,1,0.14,0.2121,0.63,0,1,9,10
3809,2011-06-12,2,0,6,14,0,0,0,1,0.82,0.7879,0.56,0.2537,96,219,315
13425,2012-07-18,3,1,7,13,0,3,1,1,0.94,0.8485,0.33,0,49,154,203
15121,2012-09-27,4,1,9,5,0,4,1,1,0.58,0.5455,0.83,0,2,64,66
936,2011-02-11,1,0,2,14,0,5,1,1,0.3,0.2879,0.26,0.2537,17,67,84
10652,2012-03-24,2,1,3,22,0,6,0,3,0.44,0.4394,1,0.2537,12,71,83
1775,2011-03-19,1,0,3,15,0,6,0,1,0.5,0.4848,0.29,0.4179,170,143,313
14587,2012-09-04,3,1,9,23,0,2,1,1,0.72,0.697,0.74,0.2985,12,83,95
8612,2011-12-30,1,0,12,14,0,5,1,2,0.4,0.4091,0.47,0.0896,67,178,245
10879,2012-04-03,2,1,4,10,0,2,1,1,0.44,0.4394,0.33,0,77,142,219
3745,2011-06-09,2,0,6,22,0,4,1,2,0.74,0.6818,0.58,0.1642,22,131,153
990,2011-02-13,1,0,2,21,0,0,0,1,0.4,0.4091,0.35,0.3582,6,45,51
5444,2011-08-19,3,0,8,17,0,5,1,1,0.76,0.7121,0.58,0.5224,85,442,527
15453,2012-10-11,4,1,10,1,0,4,1,1,0.44,0.4394,0.47,0.194,1,10,11
6994,2011-10-24,4,0,10,0,0,1,1,1,0.42,0.4242,0.77,0,6,26,32
15932,2012-11-01,4,1,11,12,0,4,1,3,0.38,0.3939,0.62,0.1642,23,198,221
5807,2011-09-04,3,0,9,9,0,0,0,1,0.66,0.6061,0.78,0.1642,87,102,189
17309,2012-12-29,1,1,12,1,0,6,0,2,0.24,0.2424,0.75,0.0896,6,31,37
16148,2012-11-10,4,1,11,13,0,6,0,1,0.52,0.5,0.39,0,268,383,651
6575,2011-10-06,4,0,10,12,0,4,1,1,0.56,0.5303,0.49,0.0896,46,180,226
3053,2011-05-12,2,0,5,2,0,4,1,1,0.44,0.4394,0.94,0.194,1,14,15
16027,2012-11-05,4,1,11,11,0,1,1,1,0.34,0.3182,0.46,0.2239,31,119,150
13655,2012-07-28,3,1,7,3,0,6,0,1,0.72,0.6818,0.7,0,10,33,43
8366,2011-12-20,4,0,12,5,0,2,1,2,0.36,0.3788,0.57,0,0,15,15
15268,2012-10-03,4,1,10,8,0,3,1,2,0.62,0.5606,0.88,0.1045,28,781,809
4616,2011-07-16,3,0,7,5,0,6,0,1,0.58,0.5455,0.78,0.0896,4,6,10
3322,2011-05-23,2,0,5,7,0,1,1,2,0.56,0.5303,0.94,0.1045,13,223,236
14063,2012-08-14,3,1,8,3,0,2,1,2,0.68,0.6364,0.83,0.194,0,3,3
6247,2011-09-22,3,0,9,20,0,4,1,2,0.62,0.5455,0.94,0.1343,35,250,285
11565,2012-05-02,2,1,5,1,0,3,1,1,0.56,0.5303,0.83,0,8,7,15
6049,2011-09-14,3,0,9,14,0,3,1,1,0.78,0.7121,0.52,0.2239,19,105,124
3312,2011-05-22,2,0,5,21,0,0,0,1,0.62,0.5909,0.73,0.194,27,109,136
14408,2012-08-28,3,1,8,12,0,2,1,1,0.8,0.7424,0.49,0.2836,56,241,297
15398,2012-10-08,4,1,10,18,1,1,0,2,0.42,0.4242,0.66,0.2836,41,415,456
14575,2012-09-04,3,1,9,11,0,2,1,2,0.74,0.697,0.7,0.2836,39,159,198
6133,2011-09-18,3,0,9,2,0,0,0,1,0.44,0.4394,0.82,0.2537,21,68,89
11197,2012-04-16,2,1,4,17,1,1,0,1,0.8,0.697,0.33,0.3881,111,601,712
15117,2012-09-27,4,1,9,1,0,4,1,1,0.6,0.5758,0.78,0.0896,5,16,21
12872,2012-06-25,3,1,6,12,0,1,1,2,0.76,0.6818,0.45,0.2985,74,196,270
11596,2012-05-03,2,1,5,8,0,4,1,3,0.46,0.4545,0.88,0.194,19,608,627
8211,2011-12-13,4,0,12,18,0,2,1,1,0.34,0.3182,0.42,0.2239,12,370,382
11884,2012-05-15,2,1,5,8,0,2,1,2,0.58,0.5455,0.88,0.0896,8,401,409
11432,2012-04-26,2,1,4,12,0,4,1,2,0.52,0.5,0.83,0.1343,24,180,204
12289,2012-06-01,2,1,6,5,0,5,1,2,0.62,0.5909,0.78,0.0896,4,41,45
3629,2011-06-05,2,0,6,2,0,0,0,2,0.64,0.6212,0.61,0.1642,16,48,64
16406,2012-11-21,4,1,11,7,0,3,1,1,0.26,0.2879,0.87,0.0896,11,262,273
10367,2012-03-13,1,1,3,1,0,2,1,2,0.52,0.5,0.59,0.2239,2,14,16
1357,2011-03-01,1,0,3,19,0,2,1,1,0.3,0.303,0.49,0.1343,4,115,119
5003,2011-08-01,3,0,8,8,0,1,1,1,0.8,0.7273,0.43,0.194,35,347,382
16589,2012-11-28,4,1,11,22,0,3,1,1,0.28,0.2727,0.45,0.1642,6,148,154
5824,2011-09-05,3,0,9,2,1,1,0,2,0.68,0.6364,0.79,0.1642,17,22,39
4493,2011-07-11,3,0,7,2,0,1,1,1,0.7,0.6515,0.61,0.2239,8,4,12
5671,2011-08-29,3,0,8,17,0,1,1,2,0.7,0.6364,0.47,0.2239,67,524,591
3113,2011-05-14,2,0,5,14,0,6,0,2,0.54,0.5152,0.94,0.1343,57,159,216
183,2011-01-08,1,0,1,21,0,6,0,1,0.12,0.1061,0.39,0.3582,2,35,37
16327,2012-11-18,4,1,11,0,0,0,0,2,0.3,0.303,0.7,0.1642,11,118,129
2867,2011-05-04,2,0,5,8,0,3,1,3,0.34,0.303,0.93,0.3881,5,74,79
10005,2012-02-26,1,1,2,21,0,0,0,1,0.3,0.303,0.45,0.1343,8,75,83
856,2011-02-08,1,0,2,2,0,2,1,2,0.26,0.2727,0.93,0.1045,1,1,2
15623,2012-10-18,4,1,10,3,0,4,1,1,0.44,0.4394,0.88,0.2239,0,5,5
4913,2011-07-28,3,0,7,14,0,4,1,2,0.84,0.7879,0.49,0.2537,27,111,138
13861,2012-08-05,3,1,8,17,0,0,0,1,0.82,0.7576,0.46,0.2537,122,260,382
15838,2012-10-27,4,1,10,2,0,6,0,2,0.5,0.4848,0.88,0.194,19,71,90
1801,2011-03-20,1,0,3,17,0,0,0,1,0.4,0.4091,0.35,0.2836,83,143,226
16767,2012-12-06,4,1,12,9,0,4,1,1,0.24,0.2273,0.48,0.194,19,257,276
10622,2012-03-23,2,1,3,16,0,5,1,2,0.72,0.6515,0.42,0.1642,219,370,589
5483,2011-08-21,3,0,8,8,0,0,0,1,0.7,0.6667,0.79,0.2239,30,62,92
16234,2012-11-14,4,1,11,3,0,3,1,1,0.24,0.2273,0.65,0.2239,0,5,5
15451,2012-10-10,4,1,10,23,0,3,1,1,0.44,0.4394,0.58,0.194,17,119,136
1969,2011-03-27,2,0,3,20,0,0,0,1,0.28,0.2727,0.36,0.1642,7,50,57
15441,2012-10-10,4,1,10,13,0,3,1,1,0.56,0.5303,0.49,0,60,237,297
15100,2012-09-26,4,1,9,8,0,3,1,1,0.56,0.5303,0.73,0.2985,30,808,838
4698,2011-07-19,3,0,7,15,0,2,1,1,0.88,0.8182,0.44,0.194,48,110,158
4988,2011-07-31,3,0,7,17,0,0,0,1,0.92,0.7727,0.16,0.1642,114,206,320
12692,2012-06-18,2,1,6,0,0,1,1,1,0.56,0.5303,0.73,0.2537,12,28,40
4651,2011-07-17,3,0,7,16,0,0,0,1,0.8,0.7273,0.46,0.2985,129,188,317
1160,2011-02-21,1,0,2,2,1,1,0,2,0.34,0.303,0.42,0.3284,1,3,4
9406,2012-02-01,1,1,2,19,0,3,1,1,0.54,0.5152,0.52,0.2836,20,315,335
14333,2012-08-25,3,1,8,9,0,6,0,2,0.68,0.6364,0.69,0.2836,60,228,288
1326,2011-02-28,1,0,2,12,0,1,1,2,0.56,0.5303,0.64,0.2985,0,36,36
10289,2012-03-09,1,1,3,18,0,5,1,1,0.44,0.4394,0.26,0.5224,30,440,470
14571,2012-09-04,3,1,9,7,0,2,1,2,0.68,0.6364,0.89,0.1045,13,480,493
4797,2011-07-23,3,0,7,18,0,6,0,1,0.92,0.8788,0.4,0.2239,62,134,196
6797,2011-10-15,4,0,10,18,0,6,0,1,0.54,0.5152,0.39,0.194,121,251,372
5809,2011-09-04,3,0,9,11,0,0,0,1,0.74,0.697,0.7,0.1642,174,163,337
6893,2011-10-19,4,0,10,19,0,3,1,2,0.6,0.5455,0.88,0.1343,8,189,197
1456,2011-03-05,1,0,3,22,0,6,0,2,0.42,0.4242,0.77,0.2985,16,47,63
5411,2011-08-18,3,0,8,8,0,4,1,1,0.66,0.6212,0.74,0.2836,27,393,420
8334,2011-12-18,4,0,12,21,0,0,0,1,0.22,0.2727,0.64,0,9,80,89
13736,2012-07-31,3,1,7,12,0,2,1,1,0.8,0.7273,0.46,0,50,198,248
13155,2012-07-07,3,1,7,7,0,6,0,1,0.78,0.7576,0.66,0.1045,8,63,71
2801,2011-05-01,2,0,5,14,0,0,0,2,0.5,0.4848,0.68,0.1045,85,153,238
9837,2012-02-19,1,1,2,19,0,0,0,2,0.3,0.2879,0.52,0.2537,18,101,119
10333,2012-03-11,1,1,3,15,0,0,0,1,0.5,0.4848,0.29,0.2985,201,286,487
12729,2012-06-19,2,1,6,13,0,2,1,1,0.74,0.6818,0.58,0.1343,69,203,272
7617,2011-11-18,4,0,11,23,0,5,1,1,0.26,0.2727,0.6,0.1343,5,54,59
12650,2012-06-16,2,1,6,6,0,6,0,1,0.54,0.5152,0.68,0.194,11,36,47
3452,2011-05-28,2,0,5,17,0,6,0,1,0.74,0.6818,0.55,0.2985,180,161,341
13779,2012-08-02,3,1,8,7,0,4,1,1,0.7,0.6667,0.79,0,21,452,473
7816,2011-11-27,4,0,11,6,0,0,0,1,0.38,0.3939,0.82,0.1642,0,9,9
4379,2011-07-06,3,0,7,8,0,3,1,2,0.72,0.697,0.74,0.1045,31,397,428
8922,2012-01-12,1,1,1,14,0,4,1,1,0.42,0.4242,0.77,0.1642,24,132,156
12550,2012-06-12,2,1,6,2,0,2,1,2,0.68,0.6364,0.65,0.194,0,6,6
15427,2012-10-09,4,1,10,23,0,2,1,2,0.48,0.4697,0.77,0.0896,8,76,84
6717,2011-10-12,4,0,10,10,0,3,1,2,0.54,0.5152,0.88,0.3881,15,98,113
10129,2012-03-03,1,1,3,2,0,6,0,3,0.36,0.3636,0.93,0.0896,4,34,38
11986,2012-05-19,2,1,5,14,0,6,0,1,0.72,0.6515,0.3,0.0896,361,369,730
3737,2011-06-09,2,0,6,14,0,4,1,1,0.92,0.8788,0.4,0.194,25,93,118
2262,2011-04-09,2,0,4,2,0,6,0,2,0.32,0.303,0.87,0.2239,2,15,17
7430,2011-11-11,4,0,11,4,1,5,0,1,0.3,0.2879,0.61,0.194,0,8,8
4006,2011-06-20,2,0,6,19,0,1,1,1,0.66,0.6212,0.65,0.2239,62,369,431
9303,2012-01-28,1,1,1,12,0,6,0,1,0.3,0.2879,0.61,0.2836,70,244,314
16505,2012-11-25,4,1,11,10,0,0,0,1,0.24,0.2273,0.48,0.2537,15,124,139
13673,2012-07-28,3,1,7,21,0,6,0,1,0.66,0.6061,0.78,0.0896,94,206,300
11191,2012-04-16,2,1,4,11,1,1,0,1,0.64,0.6061,0.65,0.2537,115,136,251
2395,2011-04-14,2,0,4,16,0,4,1,1,0.6,0.6061,0.26,0.1045,49,153,202
1186,2011-02-22,1,0,2,10,0,2,1,1,0.16,0.1818,0.69,0,0,44,44
2008,2011-03-29,2,0,3,12,0,2,1,1,0.34,0.3333,0.25,0.1642,29,77,106
194,2011-01-09,1,0,1,8,0,0,0,1,0.1,0.0909,0.49,0.2836,0,10,10
13804,2012-08-03,3,1,8,8,0,5,1,1,0.72,0.6818,0.7,0.1343,32,636,668
16437,2012-11-22,4,1,11,14,1,4,0,1,0.48,0.4697,0.29,0,125,95,220
8771,2012-01-06,1,1,1,6,0,5,1,2,0.22,0.2424,0.73,0.1045,1,69,70
5526,2011-08-23,3,0,8,3,0,2,1,1,0.56,0.5303,0.52,0.2836,2,4,6
772,2011-02-04,1,0,2,14,0,5,1,2,0.28,0.2727,0.45,0.1642,15,76,91
10588,2012-03-22,2,1,3,6,0,4,1,2,0.48,0.4697,1,0.0896,10,126,136
1479,2011-03-06,1,0,3,22,0,0,0,2,0.22,0.197,1,0.3881,0,10,10
1847,2011-03-22,2,0,3,16,0,2,1,1,0.5,0.4848,0.42,0.1045,40,125,165
12420,2012-06-06,2,1,6,16,0,3,1,1,0.64,0.6212,0.41,0.1343,107,345,452
12467,2012-06-08,2,1,6,15,0,5,1,1,0.76,0.6667,0.29,0.2836,98,299,397
3741,2011-06-09,2,0,6,18,0,4,1,1,0.88,0.803,0.39,0.2836,52,414,466
12793,2012-06-22,3,1,6,5,0,5,1,2,0.74,0.697,0.66,0.0896,3,35,38
14808,2012-09-14,3,1,9,4,0,5,1,1,0.54,0.5152,0.77,0,1,11,12
7987,2011-12-04,4,0,12,10,0,0,0,1,0.32,0.3333,0.81,0.1343,36,180,216
406,2011-01-18,1,0,1,21,0,2,1,2,0.22,0.2424,0.93,0.1045,0,41,41
6749,2011-10-13,4,0,10,18,0,4,1,3,0.62,0.5758,0.83,0.2537,20,248,268
13108,2012-07-05,3,1,7,8,0,4,1,1,0.8,0.7424,0.49,0.1343,36,514,550
10266,2012-03-08,1,1,3,19,0,4,1,2,0.6,0.6212,0.4,0.4478,21,395,416
17140,2012-12-21,1,1,12,22,0,5,1,1,0.26,0.2273,0.44,0.2985,6,57,63
10089,2012-03-01,1,1,3,10,0,4,1,1,0.52,0.5,0.55,0.1642,11,122,133
15857,2012-10-27,4,1,10,21,0,6,0,2,0.52,0.5,0.72,0.2239,49,160,209
6318,2011-09-25,4,0,9,19,0,0,0,1,0.64,0.5758,0.83,0.1343,87,242,329
11852,2012-05-14,2,1,5,0,0,1,1,2,0.6,0.6212,0.56,0.2537,21,14,35
6582,2011-10-06,4,0,10,19,0,4,1,1,0.52,0.5,0.59,0.1045,38,305,343
10572,2012-03-21,2,1,3,14,0,3,1,2,0.56,0.5303,0.78,0,74,151,225
1448,2011-03-05,1,0,3,14,0,6,0,2,0.48,0.4697,0.59,0.2836,80,118,198
343,2011-01-15,1,0,1,18,0,6,0,2,0.3,0.2879,0.45,0.2537,15,69,84
7469,2011-11-12,4,0,11,19,0,6,0,1,0.42,0.4242,0.5,0.2537,32,139,171
13320,2012-07-14,3,1,7,4,0,6,0,3,0.66,0.6212,0.61,0.1045,3,6,9
11329,2012-04-22,2,1,4,5,0,0,0,2,0.44,0.4394,0.77,0.2239,0,6,6
10720,2012-03-27,2,1,3,18,0,2,1,1,0.42,0.4242,0.17,0.0896,67,577,644
728,2011-02-02,1,0,2,16,0,3,1,1,0.36,0.3333,0.71,0.2985,8,95,103
4578,2011-07-14,3,0,7,15,0,4,1,1,0.76,0.6667,0.33,0.2985,42,138,180
9169,2012-01-22,1,1,1,22,0,0,0,2,0.16,0.197,0.93,0.0896,0,58,58
9251,2012-01-26,1,1,1,8,0,4,1,2,0.28,0.303,0.81,0.0896,16,514,530
16560,2012-11-27,4,1,11,17,0,2,1,2,0.3,0.2727,0.75,0.3881,13,514,527
3517,2011-05-31,2,0,5,10,0,2,1,1,0.82,0.7879,0.56,0.1343,37,72,109
7369,2011-11-08,4,0,11,15,0,2,1,1,0.58,0.5455,0.46,0.1045,33,155,188
14954,2012-09-20,3,1,9,6,0,4,1,1,0.44,0.4394,0.77,0,9,161,170
7157,2011-10-30,4,0,10,19,0,0,0,1,0.56,0.5303,0.49,0.2985,28,125,153
7852,2011-11-28,4,0,11,19,0,1,1,1,0.54,0.5152,0.73,0.2239,4,260,264
10179,2012-03-05,1,1,3,4,0,1,1,1,0.2,0.2273,0.55,0.0896,0,1,1
12133,2012-05-25,2,1,5,17,0,5,1,1,0.76,0.7121,0.62,0.2836,124,529,653
9492,2012-02-05,1,1,2,9,0,0,0,2,0.24,0.2273,0.7,0.2239,9,83,92
13616,2012-07-26,3,1,7,12,0,4,1,1,0.84,0.8182,0.56,0.2537,73,206,279
1349,2011-03-01,1,0,3,11,0,2,1,1,0.28,0.2727,0.45,0.2537,8,48,56
661,2011-01-30,1,0,1,20,0,0,0,2,0.26,0.2727,0.65,0.1045,3,30,33
1493,2011-03-07,1,0,3,13,0,1,1,1,0.32,0.2879,0.36,0.3881,16,54,70
15178,2012-09-29,4,1,9,14,0,6,0,1,0.6,0.6212,0.4,0.2537,302,448,750
15433,2012-10-10,4,1,10,5,0,3,1,2,0.46,0.4545,0.88,0.0896,2,38,40
15903,2012-10-31,4,1,10,7,0,3,1,2,0.3,0.303,0.87,0.1343,3,334,337
5155,2011-08-07,3,0,8,16,0,0,0,3,0.72,0.697,0.74,0.2985,74,119,193
10508,2012-03-18,1,1,3,22,0,0,0,1,0.5,0.4848,0.77,0.1045,21,79,100
9886,2012-02-21,1,1,2,22,0,2,1,2,0.34,0.3333,0.71,0.194,3,97,100
17030,2012-12-17,4,1,12,8,0,1,1,2,0.38,0.3939,0.87,0.1045,10,582,592
9278,2012-01-27,1,1,1,11,0,5,1,2,0.48,0.4697,0.94,0.1343,10,95,105
2525,2011-04-20,2,0,4,2,0,3,1,1,0.42,0.4242,0.94,0.1642,0,2,2
17198,2012-12-24,1,1,12,9,0,1,1,2,0.24,0.2576,0.65,0.1045,17,68,85
17257,2012-12-26,1,1,12,21,0,3,1,2,0.3,0.2727,0.87,0.2985,0,20,20
5375,2011-08-16,3,0,8,20,0,2,1,1,0.74,0.6667,0.51,0,48,232,280
3199,2011-05-18,2,0,5,4,0,3,1,3,0.52,0.5,0.94,0.2985,1,2,3
13944,2012-08-09,3,1,8,4,0,4,1,2,0.68,0.6364,0.89,0.1343,0,10,10
15220,2012-10-01,4,1,10,8,0,1,1,2,0.46,0.4545,0.77,0.1045,40,744,784
5718,2011-08-31,3,0,8,16,0,3,1,1,0.74,0.6667,0.42,0.1343,46,263,309
14102,2012-08-15,3,1,8,18,0,3,1,1,0.74,0.6667,0.51,0.2239,80,768,848
16623,2012-11-30,4,1,11,9,0,5,1,1,0.24,0.2576,0.75,0.0896,17,313,330
15240,2012-10-02,4,1,10,4,0,2,1,2,0.56,0.5303,0.83,0.0896,2,8,10
8260,2011-12-15,4,0,12,19,0,4,1,2,0.52,0.5,0.59,0.2836,13,274,287
14901,2012-09-18,3,1,9,1,0,2,1,3,0.6,0.5152,0.94,0.194,0,5,5
41,2011-01-02,1,0,1,17,0,0,0,1,0.34,0.3333,0.57,0.194,7,58,65
10462,2012-03-17,1,1,3,0,0,6,0,2,0.44,0.4394,0.94,0.0896,13,87,100
15548,2012-10-15,4,1,10,0,0,1,1,2,0.56,0.5303,0.73,0.2537,17,31,48
14338,2012-08-25,3,1,8,14,0,6,0,3,0.66,0.6212,0.65,0.2537,150,332,482
16393,2012-11-20,4,1,11,18,0,2,1,2,0.4,0.4091,0.66,0.0896,16,534,550
13109,2012-07-05,3,1,7,9,0,4,1,1,0.84,0.7879,0.49,0.2985,47,246,293
13515,2012-07-22,3,1,7,7,0,0,0,2,0.62,0.5758,0.83,0,13,25,38
15461,2012-10-11,4,1,10,9,0,4,1,1,0.4,0.4091,0.43,0.3881,27,328,355
11640,2012-05-05,2,1,5,4,0,6,0,1,0.56,0.5303,0.88,0.1045,0,9,9
6817,2011-10-16,4,0,10,14,0,0,0,1,0.6,0.6212,0.4,0.2985,204,258,462
10560,2012-03-21,2,1,3,2,0,3,1,1,0.5,0.4848,0.88,0.1343,2,8,10
14228,2012-08-21,3,1,8,0,0,2,1,2,0.6,0.5606,0.83,0.0896,7,52,59
15123,2012-09-27,4,1,9,7,0,4,1,1,0.6,0.5758,0.78,0,12,546,558
10705,2012-03-27,2,1,3,3,0,2,1,1,0.26,0.2273,0.3,0.3284,0,4,4
2724,2011-04-28,2,0,4,9,0,4,1,3,0.62,0.5606,0.88,0.3284,18,165,183
1461,2011-03-06,1,0,3,3,0,0,0,2,0.42,0.4242,0.82,0.2985,2,9,11
16332,2012-11-18,4,1,11,5,0,0,0,1,0.28,0.2879,0.81,0.1343,5,7,12
9336,2012-01-29,1,1,1,21,0,0,0,1,0.3,0.2879,0.33,0.2836,0,69,69
4494,2011-07-11,3,0,7,3,0,1,1,1,0.68,0.6364,0.65,0.1642,2,8,10
7156,2011-10-30,4,0,10,18,0,0,0,1,0.36,0.3485,0.4,0.1343,51,162,213
14220,2012-08-20,3,1,8,16,0,1,1,1,0.72,0.6667,0.54,0.2537,103,357,460
13075,2012-07-03,3,1,7,23,0,2,1,1,0.66,0.6061,0.83,0,19,152,171
16740,2012-12-05,4,1,12,6,0,3,1,3,0.48,0.4697,0.55,0.3881,5,119,124
12921,2012-06-27,3,1,6,13,0,3,1,1,0.8,0.697,0.27,0.3284,77,244,321
13687,2012-07-29,3,1,7,11,0,0,0,1,0.76,0.697,0.55,0.2239,183,326,509
13948,2012-08-09,3,1,8,8,0,4,1,1,0.72,0.697,0.74,0.1045,28,670,698
16972,2012-12-14,4,1,12,22,0,5,1,1,0.28,0.2879,0.75,0.1045,4,134,138
7231,2011-11-02,4,0,11,21,0,3,1,1,0.38,0.3939,0.71,0.1343,13,155,168
11982,2012-05-19,2,1,5,10,0,6,0,1,0.56,0.5303,0.43,0,177,275,452
10413,2012-03-14,1,1,3,23,0,3,1,1,0.56,0.5303,0.43,0.1642,19,72,91
5076,2011-08-04,3,0,8,9,0,4,1,1,0.72,0.697,0.74,0.3284,25,162,187
10524,2012-03-19,1,1,3,14,0,1,1,2,0.64,0.6212,0.57,0.194,60,200,260
7881,2011-11-30,4,0,11,0,0,3,1,1,0.36,0.3333,0.62,0.4179,1,23,24
5395,2011-08-17,3,0,8,16,0,3,1,1,0.82,0.7424,0.43,0.2239,62,238,300
9642,2012-02-11,1,1,2,16,0,6,0,3,0.22,0.197,0.75,0.4179,12,134,146
15860,2012-10-28,4,1,10,0,0,0,0,3,0.52,0.5,0.68,0.2985,20,97,117
7790,2011-11-26,4,0,11,4,0,6,0,1,0.3,0.3333,0.81,0,0,4,4
4179,2011-06-28,3,0,6,0,0,2,1,2,0.66,0.6061,0.78,0.1343,5,25,30
4089,2011-06-24,3,0,6,6,0,5,1,1,0.66,0.6061,0.83,0.1343,4,87,91
1968,2011-03-27,2,0,3,19,0,0,0,1,0.3,0.2879,0.31,0.2239,23,80,103
16513,2012-11-25,4,1,11,18,0,0,0,1,0.26,0.2576,0.44,0.1642,9,132,141
16338,2012-11-18,4,1,11,11,0,0,0,1,0.38,0.3939,0.62,0.2836,92,267,359
4250,2011-06-30,3,0,6,23,0,4,1,1,0.66,0.6212,0.5,0,27,99,126
12558,2012-06-12,2,1,6,10,0,2,1,3,0.64,0.5758,0.89,0.2836,29,96,125
7000,2011-10-24,4,0,10,6,0,1,1,1,0.4,0.4091,0.87,0.1045,3,83,86
424,2011-01-19,1,0,1,16,0,3,1,1,0.38,0.3939,0.58,0.3881,10,94,104
16778,2012-12-06,4,1,12,20,0,4,1,2,0.24,0.2576,0.6,0.1045,5,222,227
10097,2012-03-01,1,1,3,18,0,4,1,1,0.54,0.5152,0.34,0.3582,27,498,525
16967,2012-12-14,4,1,12,17,0,5,1,1,0.34,0.3333,0.57,0.1642,40,582,622
16112,2012-11-09,4,1,11,1,0,5,1,1,0.32,0.303,0.53,0.2836,3,17,20
12110,2012-05-24,2,1,5,18,0,4,1,1,0.72,0.6667,0.54,0.3284,118,634,752
6143,2011-09-18,3,0,9,12,0,0,0,1,0.54,0.5152,0.64,0.1343,135,229,364
5662,2011-08-29,3,0,8,8,0,1,1,1,0.62,0.6212,0.57,0.2537,20,384,404
13971,2012-08-10,3,1,8,7,0,5,1,3,0.64,0.5758,0.89,0.1045,5,128,133
11811,2012-05-12,2,1,5,7,0,6,0,1,0.42,0.4242,0.71,0.1343,10,57,67
9032,2012-01-17,1,1,1,5,0,2,1,3,0.32,0.303,0.66,0.3284,0,13,13
4597,2011-07-15,3,0,7,10,0,5,1,2,0.66,0.6212,0.61,0.1642,59,107,166
2660,2011-04-25,2,0,4,17,0,1,1,1,0.7,0.6515,0.54,0.2985,80,441,521
142,2011-01-07,1,0,1,4,0,5,1,2,0.2,0.2121,0.69,0.1343,0,1,1
2598,2011-04-23,2,0,4,3,0,6,0,3,0.32,0.3333,1,0.0896,0,4,4
6702,2011-10-11,4,0,10,19,0,2,1,2,0.58,0.5455,0.83,0.2239,33,285,318
1378,2011-03-02,1,0,3,16,0,3,1,1,0.54,0.5152,0.19,0.3284,27,112,139
3675,2011-06-07,2,0,6,0,0,2,1,1,0.64,0.6061,0.65,0.0896,5,15,20
9659,2012-02-12,1,1,2,9,0,0,0,1,0.1,0.0909,0.49,0.2985,3,60,63
17292,2012-12-28,1,1,12,8,0,5,1,2,0.24,0.2424,0.6,0.1343,1,238,239
6363,2011-09-27,4,0,9,16,0,2,1,2,0.66,0.6061,0.83,0.194,33,225,258
7419,2011-11-10,4,0,11,17,0,4,1,3,0.36,0.3485,0.81,0.2239,9,168,177
4742,2011-07-21,3,0,7,11,0,4,1,2,0.86,0.8939,0.63,0.2985,27,79,106
12001,2012-05-20,2,1,5,5,0,0,0,1,0.5,0.4848,0.72,0.1045,1,7,8
1139,2011-02-20,1,0,2,4,0,0,0,1,0.22,0.1818,0.44,0.5522,0,1,1
10450,2012-03-16,1,1,3,12,0,5,1,2,0.44,0.4394,0.82,0.1343,72,222,294
7375,2011-11-08,4,0,11,21,0,2,1,1,0.4,0.4091,0.76,0,16,166,182
13133,2012-07-06,3,1,7,9,0,5,1,1,0.82,0.7273,0.36,0.1343,55,249,304
1788,2011-03-20,1,0,3,4,0,0,0,1,0.26,0.2576,0.56,0.2239,2,1,3
12131,2012-05-25,2,1,5,15,0,5,1,1,0.76,0.7121,0.62,0.194,106,360,466
14880,2012-09-17,3,1,9,4,0,1,1,1,0.5,0.4848,0.77,0,2,9,11
4647,2011-07-17,3,0,7,12,0,0,0,1,0.76,0.697,0.55,0.2836,177,243,420
7569,2011-11-16,4,0,11,23,0,3,1,3,0.42,0.4242,0.88,0.1343,3,28,31
460,2011-01-21,1,0,1,4,0,5,1,2,0.22,0.2576,0.87,0.0896,0,1,1
6116,2011-09-17,3,0,9,9,0,6,0,2,0.48,0.4697,0.67,0.2239,32,145,177
8180,2011-12-12,4,0,12,11,0,1,1,2,0.26,0.2879,0.6,0.0896,15,100,115
11566,2012-05-02,2,1,5,2,0,3,1,1,0.56,0.5303,0.83,0,7,9,16
949,2011-02-12,1,0,2,3,0,6,0,1,0.12,0.197,0.8,0,3,7,10
11893,2012-05-15,2,1,5,17,0,2,1,1,0.68,0.6364,0.65,0.1045,75,603,678
9529,2012-02-06,1,1,2,23,0,1,1,1,0.3,0.303,0.65,0.1343,3,43,46
6371,2011-09-28,4,0,9,0,0,3,1,1,0.6,0.5455,0.88,0,7,29,36
4629,2011-07-16,3,0,7,18,0,6,0,1,0.76,0.6818,0.45,0.2836,185,243,428
7359,2011-11-08,4,0,11,5,0,2,1,1,0.3,0.3182,0.87,0.0896,1,17,18
5926,2011-09-09,3,0,9,10,0,5,1,2,0.62,0.5152,1,0,2,27,29
14127,2012-08-16,3,1,8,19,0,4,1,1,0.76,0.6818,0.4,0.1045,119,558,677
6041,2011-09-14,3,0,9,6,0,3,1,1,0.58,0.5455,0.88,0.1045,7,138,145
442,2011-01-20,1,0,1,10,0,4,1,1,0.26,0.2273,0.48,0.2985,1,56,57
6660,2011-10-10,4,0,10,1,1,1,0,1,0.48,0.4697,0.88,0,4,30,34
9795,2012-02-18,1,1,2,1,0,6,0,1,0.32,0.3182,0.49,0.1642,7,38,45
10431,2012-03-15,1,1,3,17,0,4,1,1,0.7,0.6364,0.39,0.2537,79,634,713
8832,2012-01-08,1,1,1,19,0,0,0,1,0.32,0.3182,0.49,0.194,8,104,112
9047,2012-01-17,1,1,1,20,0,2,1,1,0.46,0.4545,0.63,0.3582,11,169,180
3831,2011-06-13,2,0,6,12,0,1,1,1,0.66,0.6212,0.41,0.2836,35,161,196
5064,2011-08-03,3,0,8,21,0,3,1,2,0.68,0.6364,0.89,0.1343,7,81,88
6145,2011-09-18,3,0,9,14,0,0,0,2,0.58,0.5455,0.56,0.1343,127,184,311
14962,2012-09-20,3,1,9,14,0,4,1,1,0.64,0.6212,0.47,0.194,76,222,298
16579,2012-11-28,4,1,11,12,0,3,1,1,0.34,0.303,0.42,0.3881,19,189,208
6345,2011-09-26,4,0,9,22,0,1,1,1,0.62,0.5455,0.94,0.1343,14,122,136
15382,2012-10-08,4,1,10,2,1,1,0,1,0.34,0.3333,0.81,0.194,3,12,15
1959,2011-03-27,2,0,3,10,0,0,0,2,0.22,0.2121,0.55,0.2239,27,59,86
9263,2012-01-26,1,1,1,20,0,4,1,2,0.4,0.4091,0.82,0.1343,8,216,224
156,2011-01-07,1,0,1,18,0,5,1,1,0.2,0.2273,0.4,0.0896,7,116,123
10488,2012-03-18,1,1,3,2,0,0,0,2,0.46,0.4545,0.82,0.1045,15,41,56
14761,2012-09-12,3,1,9,5,0,3,1,1,0.5,0.4848,0.72,0.0896,4,44,48
4579,2011-07-14,3,0,7,16,0,4,1,1,0.76,0.6667,0.33,0.1343,43,231,274
1090,2011-02-18,1,0,2,3,0,5,1,1,0.46,0.4545,0.67,0.2537,2,6,8
6050,2011-09-14,3,0,9,15,0,3,1,1,0.78,0.7121,0.49,0.2537,30,146,176
11133,2012-04-14,2,1,4,1,0,6,0,1,0.4,0.4091,0.58,0.1343,10,60,70
8916,2012-01-12,1,1,1,8,0,4,1,1,0.32,0.3182,0.81,0.194,11,497,508
12577,2012-06-13,2,1,6,5,0,3,1,1,0.6,0.5606,0.83,0.194,2,38,40
9123,2012-01-21,1,1,1,0,0,6,0,3,0.16,0.1515,0.64,0.2239,0,24,24
7951,2011-12-02,4,0,12,22,0,5,1,1,0.32,0.3182,0.53,0.194,7,95,102
11102,2012-04-12,2,1,4,18,0,4,1,1,0.5,0.4848,0.27,0.3881,63,547,610
1675,2011-03-15,1,0,3,9,0,2,1,2,0.3,0.3333,0.7,0,10,147,157
6764,2011-10-14,4,0,10,9,0,5,1,2,0.56,0.5303,0.94,0.2239,16,164,180
15534,2012-10-14,4,1,10,10,0,0,0,1,0.54,0.5152,0.56,0.194,150,278,428
6417,2011-09-29,4,0,9,22,0,4,1,1,0.56,0.5303,0.68,0,25,150,175
9088,2012-01-19,1,1,1,13,0,4,1,1,0.22,0.2121,0.47,0.2836,6,118,124
11440,2012-04-26,2,1,4,20,0,4,1,1,0.54,0.5152,0.77,0.194,23,314,337
2327,2011-04-11,2,0,4,20,0,1,1,1,0.68,0.6364,0.57,0.5224,44,122,166
7097,2011-10-28,4,0,10,7,0,5,1,1,0.28,0.2727,0.65,0.2537,6,199,205
15926,2012-11-01,4,1,11,6,0,4,1,1,0.34,0.3333,0.61,0.1642,2,146,148
14719,2012-09-10,3,1,9,11,0,1,1,1,0.62,0.6212,0.43,0.2985,69,167,236
16394,2012-11-20,4,1,11,19,0,2,1,2,0.4,0.4091,0.71,0,23,361,384
13231,2012-07-10,3,1,7,11,0,2,1,1,0.8,0.7273,0.46,0.194,92,157,249
6451,2011-10-01,4,0,10,8,0,6,0,2,0.4,0.4091,0.76,0.3284,9,58,67
12329,2012-06-02,2,1,6,21,0,6,0,1,0.6,0.6212,0.4,0.1045,96,220,316
10786,2012-03-30,2,1,3,12,0,5,1,2,0.38,0.3939,0.54,0,62,208,270
1716,2011-03-17,1,0,3,3,0,4,1,1,0.34,0.3333,0.66,0.1642,1,1,2
9891,2012-02-22,1,1,2,3,0,3,1,2,0.34,0.3182,0.71,0.2239,1,3,4
9173,2012-01-23,1,1,1,2,0,1,1,2,0.18,0.2121,0.86,0.1045,0,2,2
13729,2012-07-31,3,1,7,5,0,2,1,1,0.66,0.6061,0.83,0.1642,5,40,45
8382,2011-12-20,4,0,12,21,0,2,1,1,0.36,0.3636,0.66,0.0896,4,139,143
9434,2012-02-02,1,1,2,23,0,4,1,1,0.32,0.303,0.49,0.2537,0,61,61
3832,2011-06-13,2,0,6,13,0,1,1,1,0.7,0.6364,0.37,0,53,174,227
6300,2011-09-25,4,0,9,1,0,0,0,2,0.6,0.5455,0.88,0.1045,31,93,124
3349,2011-05-24,2,0,5,10,0,2,1,1,0.7,0.6515,0.61,0.3284,18,90,108
4080,2011-06-23,3,0,6,21,0,4,1,1,0.7,0.6667,0.74,0.194,46,188,234
9178,2012-01-23,1,1,1,7,0,1,1,3,0.2,0.2576,0.86,0,8,114,122
10014,2012-02-27,1,1,2,6,0,1,1,1,0.24,0.2273,0.7,0.2537,1,89,90
16844,2012-12-09,4,1,12,14,0,0,0,2,0.38,0.3939,0.87,0.194,42,190,232
588,2011-01-27,1,0,1,16,0,4,1,1,0.22,0.2273,0.55,0.194,1,23,24
9347,2012-01-30,1,1,1,8,0,1,1,1,0.2,0.197,0.47,0.2239,12,481,493
13270,2012-07-12,3,1,7,2,0,4,1,2,0.66,0.6212,0.65,0.0896,0,9,9
14766,2012-09-12,3,1,9,10,0,3,1,1,0.62,0.6061,0.61,0.1343,57,148,205
10965,2012-04-07,2,1,4,0,0,6,0,1,0.42,0.4242,0.26,0.2985,9,85,94
2505,2011-04-19,2,0,4,6,0,2,1,2,0.48,0.4697,0.67,0,2,63,65
10092,2012-03-01,1,1,3,13,0,4,1,1,0.58,0.5455,0.32,0.2537,24,187,211
13676,2012-07-29,3,1,7,0,0,0,0,1,0.66,0.5909,0.89,0.1343,59,129,188
2991,2011-05-09,2,0,5,12,0,1,1,1,0.6,0.6212,0.43,0.194,35,160,195
16792,2012-12-07,4,1,12,10,0,5,1,2,0.32,0.3182,0.76,0.1642,16,150,166
13707,2012-07-30,3,1,7,7,0,1,1,1,0.7,0.6667,0.79,0.0896,14,455,469
14635,2012-09-06,3,1,9,23,0,4,1,1,0.64,0.5758,0.89,0.1642,19,150,169
646,2011-01-30,1,0,1,4,0,0,0,1,0.14,0.2121,0.93,0,0,1,1
13746,2012-07-31,3,1,7,22,0,2,1,1,0.68,0.6364,0.74,0.2537,33,224,257
11750,2012-05-09,2,1,5,18,0,3,1,3,0.52,0.5,0.77,0.5821,23,349,372
9588,2012-02-09,1,1,2,10,0,4,1,1,0.22,0.2121,0.51,0.2239,7,90,97
265,2011-01-12,1,0,1,11,0,3,1,1,0.2,0.1818,0.51,0.3881,3,32,35
11740,2012-05-09,2,1,5,8,0,3,1,2,0.6,0.5606,0.83,0.1343,28,594,622
14618,2012-09-06,3,1,9,6,0,4,1,2,0.7,0.6667,0.84,0.0896,11,189,200
6789,2011-10-15,4,0,10,10,0,6,0,1,0.54,0.5152,0.45,0.4478,115,207,322
16995,2012-12-15,4,1,12,21,0,6,0,1,0.36,0.3485,0.62,0.1343,15,169,184
15784,2012-10-24,4,1,10,20,0,3,1,2,0.62,0.6061,0.61,0.0896,45,396,441
13218,2012-07-09,3,1,7,22,0,1,1,2,0.72,0.6667,0.58,0.1045,35,189,224
10132,2012-03-03,1,1,3,5,0,6,0,2,0.36,0.3636,0.93,0.0896,1,1,2
3865,2011-06-14,2,0,6,22,0,2,1,1,0.58,0.5455,0.6,0.2239,29,159,188
10436,2012-03-15,1,1,3,22,0,4,1,1,0.52,0.5,0.68,0.1343,32,137,169
10593,2012-03-22,2,1,3,11,0,4,1,2,0.52,0.5,0.94,0,53,166,219
6275,2011-09-24,4,0,9,0,0,6,0,1,0.58,0.5455,1,0.0896,7,86,93
16102,2012-11-08,4,1,11,15,0,4,1,1,0.44,0.4394,0.18,0.4179,32,201,233
17225,2012-12-25,1,1,12,13,1,2,0,1,0.4,0.4091,0.5,0.3284,75,46,121
3712,2011-06-08,2,0,6,13,0,3,1,1,0.9,0.8485,0.42,0,20,116,136
8439,2011-12-23,1,0,12,6,0,5,1,1,0.38,0.3939,0.82,0.2537,0,40,40
9787,2012-02-17,1,1,2,17,0,5,1,1,0.42,0.4242,0.32,0.3284,36,429,465
14047,2012-08-13,3,1,8,11,0,1,1,1,0.76,0.6818,0.4,0.0896,94,151,245
1530,2011-03-09,1,0,3,2,0,3,1,1,0.26,0.2727,0.52,0.1343,1,1,2
15211,2012-09-30,4,1,9,23,0,0,0,1,0.48,0.4697,0.72,0.0896,8,49,57
924,2011-02-11,1,0,2,0,0,5,1,1,0.1,0.1364,0.49,0.1045,2,12,14
14544,2012-09-03,3,1,9,4,1,1,0,1,0.66,0.5909,0.89,0.0896,6,5,11
7330,2011-11-07,4,0,11,0,0,1,1,1,0.34,0.3636,0.87,0,1,14,15
4365,2011-07-05,3,0,7,18,0,2,1,1,0.8,0.7576,0.55,0.1642,70,426,496
670,2011-01-31,1,0,1,5,0,1,1,1,0.18,0.1667,0.64,0.2836,0,8,8
3605,2011-06-04,2,0,6,2,0,6,0,1,0.54,0.5152,0.56,0.194,18,41,59
5109,2011-08-05,3,0,8,18,0,5,1,1,0.76,0.697,0.52,0.2537,105,361,466
10103,2012-03-02,1,1,3,0,0,5,1,1,0.34,0.3333,0.53,0.1642,1,45,46
8767,2012-01-06,1,1,1,2,0,5,1,1,0.22,0.2273,0.69,0.1642,2,3,5
5249,2011-08-11,3,0,8,14,0,4,1,1,0.8,0.697,0.29,0,39,103,142
7184,2011-10-31,4,0,10,22,0,1,1,2,0.36,0.3485,0.76,0.194,8,77,85
12151,2012-05-26,2,1,5,11,0,6,0,1,0.7,0.6667,0.74,0.194,208,312,520
14219,2012-08-20,3,1,8,15,0,1,1,1,0.72,0.6667,0.54,0.2537,102,207,309
13836,2012-08-04,3,1,8,16,0,6,0,1,0.9,0.8182,0.39,0.2985,197,253,450
10889,2012-04-03,2,1,4,20,0,2,1,1,0.56,0.5303,0.24,0.1343,54,325,379
2592,2011-04-22,2,0,4,21,0,5,1,3,0.3,0.303,0.93,0.1642,5,23,28
5907,2011-09-08,3,0,9,15,0,4,1,3,0.66,0.5909,0.89,0.2985,24,115,139
9974,2012-02-25,1,1,2,14,0,6,0,1,0.32,0.2727,0.29,0.5522,35,181,216
6510,2011-10-03,4,0,10,19,0,1,1,1,0.4,0.4091,0.76,0,15,300,315
11206,2012-04-17,2,1,4,2,0,2,1,1,0.56,0.5303,0.83,0.1045,1,3,4
7134,2011-10-29,4,0,10,20,0,6,0,1,0.24,0.2121,0.87,0.3582,7,40,47
2308,2011-04-11,2,0,4,0,0,1,1,1,0.48,0.4697,0.88,0.3284,7,16,23
8805,2012-01-07,1,1,1,16,0,6,0,2,0.56,0.5303,0.37,0.2836,133,268,401
3691,2011-06-07,2,0,6,16,0,2,1,1,0.8,0.7121,0.38,0.2239,55,253,308
688,2011-01-31,1,0,1,23,0,1,1,2,0.16,0.197,0.64,0.0896,2,15,17
14204,2012-08-20,3,1,8,0,0,1,1,2,0.6,0.5606,0.83,0.1045,1,25,26
613,2011-01-28,1,0,1,18,0,5,1,1,0.24,0.2273,0.75,0.194,2,107,109
7168,2011-10-31,4,0,10,6,0,1,1,1,0.24,0.2879,0.87,0,4,82,86
14630,2012-09-06,3,1,9,18,0,4,1,1,0.72,0.6818,0.7,0.2537,74,761,835
3201,2011-05-18,2,0,5,6,0,3,1,1,0.52,0.5,1,0.1343,2,99,101
10460,2012-03-16,1,1,3,22,0,5,1,2,0.44,0.4394,0.94,0,16,132,148
11169,2012-04-15,2,1,4,13,0,0,0,1,0.66,0.6212,0.44,0.2836,298,383,681
6630,2011-10-08,4,0,10,19,0,6,0,1,0.54,0.5152,0.68,0.1343,76,172,248
4136,2011-06-26,3,0,6,5,0,0,0,1,0.6,0.6061,0.64,0,3,9,12
1899,2011-03-24,2,0,3,21,0,4,1,1,0.26,0.2576,0.65,0.2239,11,67,78
13938,2012-08-08,3,1,8,22,0,3,1,1,0.72,0.697,0.74,0.1045,35,198,233
283,2011-01-13,1,0,1,5,0,4,1,1,0.14,0.1212,0.5,0.2985,0,3,3
259,2011-01-12,1,0,1,5,0,3,1,1,0.14,0.1515,0.86,0.1642,0,5,5
11117,2012-04-13,2,1,4,9,0,5,1,1,0.42,0.4242,0.41,0.1642,36,294,330
16913,2012-12-12,4,1,12,11,0,3,1,2,0.32,0.303,0.49,0.2239,24,148,172
4944,2011-07-29,3,0,7,21,0,5,1,1,0.82,0.7576,0.46,0.1642,29,134,163
2823,2011-05-02,2,0,5,12,0,1,1,1,0.62,0.6061,0.69,0.2239,40,147,187
11532,2012-04-30,2,1,4,16,0,1,1,1,0.56,0.5303,0.6,0.194,44,303,347
3526,2011-05-31,2,0,5,19,0,2,1,1,0.78,0.7424,0.62,0.1045,39,246,285
12756,2012-06-20,2,1,6,16,0,3,1,1,0.9,0.8182,0.35,0.1045,51,284,335
6972,2011-10-23,4,0,10,2,0,0,0,1,0.34,0.3485,0.87,0.0896,10,40,50
13522,2012-07-22,3,1,7,14,0,0,0,1,0.72,0.6818,0.66,0.1045,256,360,616
5224,2011-08-10,3,0,8,13,0,3,1,1,0.82,0.7273,0.38,0.2836,41,150,191
2286,2011-04-10,2,0,4,2,0,0,0,2,0.38,0.3939,0.87,0.0896,12,24,36
6064,2011-09-15,3,0,9,5,0,4,1,1,0.6,0.5758,0.78,0,1,30,31
8079,2011-12-08,4,0,12,6,0,4,1,1,0.22,0.2121,0.55,0.2836,0,71,71
4655,2011-07-17,3,0,7,20,0,0,0,1,0.76,0.7121,0.58,0.2537,85,177,262
5001,2011-08-01,3,0,8,6,0,1,1,1,0.66,0.6061,0.83,0.0896,3,97,100
6711,2011-10-12,4,0,10,4,0,3,1,3,0.54,0.5152,0.94,0.3881,1,6,7
16826,2012-12-08,4,1,12,20,0,6,0,2,0.36,0.3788,1,0,20,162,182
8677,2012-01-02,1,1,1,8,1,1,0,1,0.24,0.2273,0.35,0.2537,2,51,53
10404,2012-03-14,1,1,3,14,0,3,1,1,0.7,0.6364,0.23,0.3284,61,163,224
5417,2011-08-18,3,0,8,14,0,4,1,1,0.82,0.7576,0.46,0.3284,67,115,182
476,2011-01-21,1,0,1,20,0,5,1,1,0.1,0.0758,0.33,0.4179,1,52,53
2556,2011-04-21,2,0,4,9,0,4,1,2,0.42,0.4242,0.47,0.2836,18,178,196
8088,2011-12-08,4,0,12,15,0,4,1,1,0.32,0.3333,0.45,0.1343,19,98,117
8,2011-01-01,1,0,1,7,0,6,0,1,0.2,0.2576,0.86,0,1,2,3
11850,2012-05-13,2,1,5,22,0,0,0,2,0.62,0.6061,0.61,0.1642,42,89,131
6412,2011-09-29,4,0,9,17,0,4,1,1,0.66,0.6212,0.47,0.2985,62,527,589
2552,2011-04-21,2,0,4,5,0,4,1,2,0.42,0.4242,0.54,0.5522,0,14,14
13067,2012-07-03,3,1,7,15,0,2,1,2,0.9,0.7727,0.24,0,71,330,401
12595,2012-06-13,2,1,6,23,0,3,1,1,0.62,0.6212,0.5,0.2836,25,128,153
6853,2011-10-18,4,0,10,2,0,2,1,1,0.44,0.4394,0.94,0.0896,1,4,5
5547,2011-08-24,3,0,8,0,0,3,1,1,0.62,0.6212,0.57,0.1343,9,29,38
13490,2012-07-21,3,1,7,6,0,6,0,3,0.58,0.5455,0.88,0.2537,3,12,15
2427,2011-04-16,2,0,4,0,0,6,0,2,0.36,0.3485,0.81,0.2239,7,36,43
6745,2011-10-13,4,0,10,14,0,4,1,1,0.66,0.6061,0.78,0.194,22,111,133
10007,2012-02-26,1,1,2,23,0,0,0,1,0.26,0.2576,0.56,0.1642,5,59,64
4870,2011-07-26,3,0,7,19,0,2,1,1,0.82,0.7424,0.43,0.2985,69,329,398
2275,2011-04-09,2,0,4,15,0,6,0,2,0.36,0.3788,0.87,0,85,116,201
9204,2012-01-24,1,1,1,9,0,2,1,2,0.32,0.3333,0.87,0.0896,11,244,255
1578,2011-03-11,1,0,3,5,0,5,1,1,0.3,0.2879,0.81,0.2239,1,6,7
7265,2011-11-04,4,0,11,7,0,5,1,2,0.4,0.4091,0.86,0.2239,10,235,245
9260,2012-01-26,1,1,1,17,0,4,1,2,0.42,0.4242,0.71,0,16,397,413
10184,2012-03-05,1,1,3,9,0,1,1,2,0.22,0.2576,0.6,0.0896,11,186,197
3971,2011-06-19,2,0,6,8,0,0,0,3,0.68,0.6364,0.74,0.1045,25,59,84
13566,2012-07-24,3,1,7,10,0,2,1,1,0.82,0.7879,0.56,0.2985,62,156,218
5880,2011-09-07,3,0,9,11,0,3,1,3,0.6,0.5152,0.94,0,1,9,10
15604,2012-10-17,4,1,10,8,0,3,1,2,0.4,0.4091,0.76,0,38,779,817
12735,2012-06-19,2,1,6,19,0,2,1,1,0.8,0.7727,0.59,0.2239,82,432,514
16831,2012-12-09,4,1,12,1,0,0,0,2,0.4,0.4091,0.87,0.1045,17,85,102
7194,2011-11-01,4,0,11,8,0,2,1,1,0.36,0.3333,0.71,0.2537,17,402,419
3868,2011-06-15,2,0,6,1,0,3,1,1,0.54,0.5152,0.64,0.2836,0,14,14
16903,2012-12-12,4,1,12,1,0,3,1,1,0.28,0.2727,0.61,0.2239,3,18,21
6824,2011-10-16,4,0,10,21,0,0,0,1,0.54,0.5152,0.52,0.3881,14,88,102
11241,2012-04-18,2,1,4,13,0,3,1,3,0.46,0.4545,0.59,0,13,51,64
7549,2011-11-16,4,0,11,3,0,3,1,2,0.46,0.4545,0.94,0.1045,2,3,5
782,2011-02-05,1,0,2,0,0,6,0,2,0.24,0.2424,0.7,0.1642,3,36,39
10868,2012-04-02,2,1,4,23,0,1,1,1,0.44,0.4394,0.35,0.1642,6,60,66
1750,2011-03-18,1,0,3,14,0,5,1,1,0.66,0.6212,0.39,0.2537,71,103,174
10984,2012-04-07,2,1,4,19,0,6,0,1,0.54,0.5152,0.16,0.3284,170,243,413
6520,2011-10-04,4,0,10,5,0,2,1,1,0.4,0.4091,0.82,0.1343,2,25,27
5775,2011-09-03,3,0,9,1,0,6,0,2,0.64,0.6061,0.69,0.2537,17,57,74
13172,2012-07-08,3,1,7,0,0,0,0,1,0.82,0.7879,0.56,0.1343,22,125,147
14190,2012-08-19,3,1,8,10,0,0,0,2,0.68,0.6364,0.69,0,138,287,425
9284,2012-01-27,1,1,1,17,0,5,1,1,0.42,0.4242,0.5,0.5821,16,406,422
9370,2012-01-31,1,1,1,7,0,2,1,1,0.26,0.2576,0.6,0.194,6,273,279
16672,2012-12-02,4,1,12,10,0,0,0,2,0.3,0.3333,0.87,0,63,230,293
2325,2011-04-11,2,0,4,18,0,1,1,1,0.72,0.6667,0.51,0.3881,93,290,383
10272,2012-03-09,1,1,3,1,0,5,1,3,0.56,0.5303,0.52,0.4925,4,22,26
5056,2011-08-03,3,0,8,13,0,3,1,2,0.76,0.7121,0.58,0.2239,37,107,144
10801,2012-03-31,2,1,3,3,0,6,0,1,0.4,0.4091,0.82,0.2537,10,21,31
16542,2012-11-26,4,1,11,23,0,1,1,2,0.32,0.3333,0.66,0.1045,8,57,65
10483,2012-03-17,1,1,3,21,0,6,0,1,0.54,0.5152,0.68,0.1642,54,169,223
1728,2011-03-17,1,0,3,15,0,4,1,1,0.52,0.5,0.42,0.2537,30,95,125
611,2011-01-28,1,0,1,16,0,5,1,1,0.22,0.2727,0.8,0,10,70,80
4667,2011-07-18,3,0,7,8,0,1,1,1,0.7,0.6515,0.7,0.194,18,329,347
16304,2012-11-17,4,1,11,1,0,6,0,1,0.26,0.2576,0.6,0.194,13,74,87
5414,2011-08-18,3,0,8,11,0,4,1,1,0.76,0.7121,0.58,0.2537,44,97,141
8104,2011-12-09,4,0,12,7,0,5,1,1,0.22,0.2576,0.75,0.0896,4,195,199
8175,2011-12-12,4,0,12,6,0,1,1,1,0.16,0.1818,0.8,0.1045,1,63,64
8536,2011-12-27,1,0,12,9,0,2,1,3,0.32,0.3333,0.66,0.1045,19,85,104
15471,2012-10-11,4,1,10,19,0,4,1,1,0.44,0.4394,0.51,0.1343,81,662,743
11350,2012-04-23,2,1,4,2,0,1,1,2,0.32,0.303,0.87,0.3284,1,3,4
3751,2011-06-10,2,0,6,4,0,5,1,1,0.66,0.6061,0.78,0.1642,0,4,4
12925,2012-06-27,3,1,6,17,0,3,1,1,0.82,0.697,0.24,0.3881,113,730,843
12723,2012-06-19,2,1,6,7,0,2,1,2,0.6,0.5758,0.78,0.1343,18,462,480
16966,2012-12-14,4,1,12,16,0,5,1,1,0.38,0.3939,0.54,0.194,45,372,417
11408,2012-04-25,2,1,4,12,0,3,1,1,0.54,0.5152,0.28,0.2836,49,220,269
98,2011-01-05,1,0,1,6,0,3,1,1,0.2,0.197,0.47,0.2239,0,33,33
6986,2011-10-23,4,0,10,16,0,0,0,1,0.52,0.5,0.55,0.194,188,217,405
3138,2011-05-15,2,0,5,15,0,0,0,1,0.66,0.6212,0.69,0.2537,206,253,459
13369,2012-07-16,3,1,7,5,0,1,1,1,0.66,0.6061,0.78,0.1045,10,40,50
14358,2012-08-26,3,1,8,10,0,0,0,1,0.74,0.697,0.66,0.3881,127,258,385
1538,2011-03-09,1,0,3,10,0,3,1,2,0.3,0.2879,0.75,0.2537,8,49,57
11781,2012-05-11,2,1,5,1,0,5,1,1,0.46,0.4545,0.51,0.1343,14,32,46
14411,2012-08-28,3,1,8,15,0,2,1,1,0.82,0.7273,0.34,0.2985,59,258,317
3649,2011-06-05,2,0,6,22,0,0,0,1,0.64,0.5909,0.78,0.2239,36,94,130
10850,2012-04-02,2,1,4,5,0,1,1,1,0.4,0.4091,0.76,0.4925,2,22,24
14545,2012-09-03,3,1,9,5,1,1,0,1,0.66,0.5909,0.89,0,1,3,4
1518,2011-03-08,1,0,3,14,0,2,1,2,0.38,0.3939,0.2,0,16,56,72
13254,2012-07-11,3,1,7,10,0,3,1,2,0.72,0.6818,0.62,0.1343,47,148,195
1634,2011-03-13,1,0,3,14,0,0,0,1,0.46,0.4545,0.41,0.2985,144,106,250
4625,2011-07-16,3,0,7,14,0,6,0,1,0.74,0.6667,0.45,0.2985,201,232,433
12465,2012-06-08,2,1,6,13,0,5,1,1,0.74,0.6515,0.37,0.2537,129,287,416
11862,2012-05-14,2,1,5,10,0,1,1,3,0.54,0.5152,0.88,0.2537,6,53,59
6567,2011-10-06,4,0,10,4,0,4,1,1,0.44,0.4394,0.62,0.2836,0,5,5
17165,2012-12-22,1,1,12,23,0,6,0,1,0.22,0.2273,0.51,0.194,3,37,40
2091,2011-04-01,2,0,4,23,0,5,1,1,0.3,0.3182,0.61,0.0896,12,41,53
7098,2011-10-28,4,0,10,8,0,5,1,1,0.3,0.2879,0.61,0.2836,13,361,374
6172,2011-09-19,3,0,9,17,0,1,1,2,0.58,0.5455,0.64,0.1343,85,483,568
7522,2011-11-15,4,0,11,0,0,2,1,1,0.56,0.5303,0.64,0.3582,7,15,22
573,2011-01-26,1,0,1,1,0,3,1,2,0.24,0.2424,0.65,0.1343,0,5,5
9880,2012-02-21,1,1,2,16,0,2,1,1,0.36,0.3333,0.46,0.4179,14,240,254
16079,2012-11-07,4,1,11,15,0,3,1,2,0.32,0.303,0.53,0.2985,20,178,198
16600,2012-11-29,4,1,11,10,0,4,1,1,0.28,0.303,0.65,0.0896,25,153,178
3063,2011-05-12,2,0,5,12,0,4,1,1,0.58,0.5455,0.6,0.2239,43,164,207
598,2011-01-28,1,0,1,2,0,5,1,2,0.2,0.2121,0.75,0.1642,0,2,2
6634,2011-10-08,4,0,10,23,0,6,0,1,0.48,0.4697,0.88,0,52,90,142
9087,2012-01-19,1,1,1,12,0,4,1,1,0.2,0.197,0.51,0.194,5,106,111
7876,2011-11-29,4,0,11,19,0,2,1,2,0.4,0.4091,0.82,0.3284,6,244,250
14904,2012-09-18,3,1,9,4,0,2,1,2,0.62,0.5455,0.94,0.3582,2,5,7
7346,2011-11-07,4,0,11,16,0,1,1,1,0.52,0.5,0.45,0,40,255,295
6305,2011-09-25,4,0,9,6,0,0,0,2,0.6,0.5455,0.88,0.1045,4,13,17
14879,2012-09-17,3,1,9,3,0,1,1,1,0.5,0.4848,0.77,0.0896,0,7,7
16923,2012-12-12,4,1,12,21,0,3,1,2,0.3,0.2879,0.52,0.2537,16,186,202
15139,2012-09-27,4,1,9,23,0,4,1,3,0.62,0.5758,0.83,0.1642,1,44,45
12672,2012-06-17,2,1,6,4,0,0,0,1,0.54,0.5152,0.64,0.0896,2,16,18
13141,2012-07-06,3,1,7,17,0,5,1,1,0.92,0.8182,0.29,0,90,486,576
5977,2011-09-11,3,0,9,13,0,0,0,1,0.74,0.6818,0.58,0.1045,119,231,350
8563,2011-12-28,1,0,12,13,0,3,1,1,0.34,0.2879,0.39,0.4627,24,135,159
1939,2011-03-26,2,0,3,13,0,6,0,1,0.32,0.303,0.33,0.2239,94,145,239
15562,2012-10-15,4,1,10,14,0,1,1,2,0.6,0.5758,0.78,0.2836,57,128,185
8101,2011-12-09,4,0,12,4,0,5,1,1,0.22,0.2727,0.8,0,1,1,2
1754,2011-03-18,1,0,3,18,0,5,1,1,0.68,0.6364,0.39,0.1642,84,247,331
3671,2011-06-06,2,0,6,20,0,1,1,1,0.68,0.6364,0.61,0.1343,59,277,336
11845,2012-05-13,2,1,5,17,0,0,0,1,0.7,0.6364,0.45,0.4179,191,287,478
13394,2012-07-17,3,1,7,6,0,2,1,1,0.72,0.6818,0.66,0.1045,16,197,213
14887,2012-09-17,3,1,9,11,0,1,1,2,0.62,0.6061,0.69,0.2239,61,191,252
2362,2011-04-13,2,0,4,7,0,3,1,3,0.36,0.3485,1,0.2239,3,67,70
4261,2011-07-01,3,0,7,10,0,5,1,1,0.76,0.6667,0.33,0.1642,61,109,170
5433,2011-08-19,3,0,8,6,0,5,1,1,0.64,0.5758,0.83,0,2,91,93
6286,2011-09-24,4,0,9,11,0,6,0,2,0.62,0.5758,0.83,0.0896,118,268,386
13184,2012-07-08,3,1,7,12,0,0,0,1,0.92,0.8939,0.42,0.194,105,271,376
14591,2012-09-05,3,1,9,3,0,3,1,1,0.7,0.6667,0.79,0.2836,0,4,4
16938,2012-12-13,4,1,12,12,0,4,1,1,0.36,0.3333,0.4,0.2537,30,252,282
11930,2012-05-17,2,1,5,6,0,4,1,1,0.54,0.5152,0.73,0.3582,10,149,159
14510,2012-09-01,3,1,9,18,0,6,0,2,0.82,0.7727,0.52,0,184,258,442
15869,2012-10-28,4,1,10,9,0,0,0,2,0.5,0.4848,0.55,0.4179,124,206,330
15368,2012-10-07,4,1,10,12,0,0,0,2,0.42,0.4242,0.71,0,100,292,392
16328,2012-11-18,4,1,11,1,0,0,0,1,0.3,0.2879,0.7,0.194,14,81,95
5592,2011-08-25,3,0,8,21,0,4,1,1,0.64,0.5909,0.78,0.2836,29,158,187
1172,2011-02-21,1,0,2,14,1,1,0,2,0.32,0.303,0.76,0.2537,15,101,116
7928,2011-12-01,4,0,12,23,0,4,1,1,0.26,0.2879,0.7,0.0896,3,70,73
14916,2012-09-18,3,1,9,16,0,2,1,3,0.6,0.5455,0.88,0.2985,19,122,141
16458,2012-11-23,4,1,11,11,0,5,1,1,0.4,0.4091,0.5,0.194,121,130,251
9615,2012-02-10,1,1,2,13,0,5,1,2,0.3,0.3182,0.42,0.0896,22,170,192
11334,2012-04-22,2,1,4,10,0,0,0,3,0.38,0.3939,0.82,0.3284,11,57,68
15098,2012-09-26,4,1,9,6,0,3,1,1,0.54,0.5152,0.73,0.194,3,179,182
17011,2012-12-16,4,1,12,13,0,0,0,2,0.38,0.3939,0.76,0.194,67,289,356
14993,2012-09-21,3,1,9,21,0,5,1,1,0.6,0.5909,0.73,0.2537,46,266,312
16681,2012-12-02,4,1,12,19,0,0,0,2,0.4,0.4091,0.82,0.194,16,158,174
875,2011-02-08,1,0,2,21,0,2,1,1,0.14,0.1061,0.33,0.4627,8,46,54
2298,2011-04-10,2,0,4,14,0,0,0,1,0.5,0.4848,0.72,0.194,148,133,281
16805,2012-12-07,4,1,12,23,0,5,1,2,0.36,0.3636,0.93,0.0896,6,116,122
2644,2011-04-25,2,0,4,1,0,1,1,1,0.54,0.5152,1,0.0896,2,8,10
14522,2012-09-02,3,1,9,6,0,0,0,2,0.66,0.5909,0.89,0,2,13,15
16779,2012-12-06,4,1,12,21,0,4,1,2,0.24,0.2424,0.6,0.1343,7,184,191
5348,2011-08-15,3,0,8,17,0,1,1,1,0.74,0.6667,0.51,0.2836,59,471,530
16765,2012-12-06,4,1,12,7,0,4,1,1,0.22,0.2121,0.51,0.2985,8,381,389
9033,2012-01-17,1,1,1,6,0,2,1,3,0.3,0.2879,0.75,0.2537,0,57,57
17325,2012-12-29,1,1,12,17,0,6,0,1,0.26,0.2424,0.79,0.1045,18,100,118
582,2011-01-26,1,0,1,12,0,3,1,3,0.22,0.197,0.93,0.3284,7,41,48
205,2011-01-09,1,0,1,19,0,0,0,1,0.16,0.1364,0.43,0.3284,1,40,41
7897,2011-11-30,4,0,11,16,0,3,1,1,0.36,0.3333,0.46,0.2836,27,199,226
9834,2012-02-19,1,1,2,16,0,0,0,2,0.32,0.303,0.45,0.2836,62,150,212
2015,2011-03-29,2,0,3,19,0,2,1,1,0.34,0.3333,0.23,0.194,20,170,190
11446,2012-04-27,2,1,4,2,0,5,1,1,0.48,0.4697,0.59,0.4179,4,18,22
11664,2012-05-06,2,1,5,4,0,0,0,3,0.52,0.5,0.83,0.1642,9,7,16
906,2011-02-10,1,0,2,6,0,4,1,2,0.12,0.1212,0.54,0.2836,0,26,26
632,2011-01-29,1,0,1,14,0,6,0,2,0.22,0.2273,0.6,0.1343,10,89,99
8462,2011-12-24,1,0,12,5,0,6,0,2,0.32,0.3182,0.66,0.1642,1,3,4
15454,2012-10-11,4,1,10,2,0,4,1,1,0.42,0.4242,0.5,0.1343,4,7,11
1975,2011-03-28,2,0,3,2,0,1,1,1,0.22,0.2273,0.44,0.1642,0,5,5
163,2011-01-08,1,0,1,1,0,6,0,2,0.18,0.2121,0.55,0.0896,1,15,16
4999,2011-08-01,3,0,8,4,0,1,1,1,0.66,0.6061,0.83,0.1343,2,2,4
15284,2012-10-04,4,1,10,0,0,4,1,3,0.64,0.5758,0.89,0,11,65,76
9558,2012-02-08,1,1,2,4,0,3,1,1,0.24,0.2576,0.7,0.0896,0,1,1
16250,2012-11-14,4,1,11,19,0,3,1,1,0.3,0.303,0.52,0.1642,28,368,396
4714,2011-07-20,3,0,7,7,0,3,1,2,0.7,0.6667,0.84,0.1045,27,276,303
9068,2012-01-18,1,1,1,17,0,3,1,1,0.26,0.2121,0.33,0.4478,8,338,346
1432,2011-03-04,1,0,3,22,0,5,1,1,0.3,0.2879,0.7,0.194,4,40,44
6869,2011-10-18,4,0,10,18,0,2,1,1,0.56,0.5303,0.68,0.1045,58,512,570
12836,2012-06-24,3,1,6,0,0,0,0,1,0.7,0.6515,0.51,0,31,132,163
13273,2012-07-12,3,1,7,5,0,4,1,1,0.62,0.5909,0.73,0.1045,4,40,44
13976,2012-08-10,3,1,8,12,0,5,1,2,0.74,0.697,0.66,0.3582,75,240,315
16653,2012-12-01,4,1,12,15,0,6,0,2,0.4,0.4091,0.62,0,113,371,484
7711,2011-11-22,4,0,11,21,0,2,1,2,0.46,0.4545,1,0.2537,4,86,90
7737,2011-11-23,4,0,11,23,0,3,1,1,0.34,0.303,0.61,0.3582,4,47,51
4284,2011-07-02,3,0,7,9,0,6,0,1,0.74,0.6667,0.51,0.0896,55,124,179
7532,2011-11-15,4,0,11,10,0,2,1,2,0.56,0.5303,0.64,0.2836,23,115,138
15620,2012-10-18,4,1,10,0,0,4,1,1,0.46,0.4545,0.88,0.194,4,53,57
14743,2012-09-11,3,1,9,11,0,2,1,1,0.64,0.6212,0.33,0.0896,60,187,247
13494,2012-07-21,3,1,7,10,0,6,0,3,0.58,0.5455,0.88,0.2537,49,219,268
11049,2012-04-10,2,1,4,12,0,2,1,1,0.54,0.5152,0.22,0.2836,75,184,259
10054,2012-02-28,1,1,2,22,0,2,1,1,0.34,0.3485,0.46,0.1045,6,95,101
10852,2012-04-02,2,1,4,7,0,1,1,1,0.34,0.303,0.66,0.3881,12,294,306
3385,2011-05-25,2,0,5,22,0,3,1,1,0.66,0.6212,0.69,0.2537,34,140,174
2840,2011-05-03,2,0,5,5,0,2,1,1,0.52,0.5,0.88,0.1343,0,14,14
12929,2012-06-27,3,1,6,21,0,3,1,1,0.74,0.6515,0.35,0.1343,54,313,367
15055,2012-09-24,4,1,9,11,0,1,1,1,0.56,0.5303,0.37,0.194,71,167,238
15452,2012-10-11,4,1,10,0,0,4,1,1,0.44,0.4394,0.51,0.1343,1,41,42
7463,2011-11-12,4,0,11,13,0,6,0,1,0.48,0.4697,0.36,0.2836,128,225,353
12926,2012-06-27,3,1,6,18,0,3,1,1,0.8,0.697,0.27,0.3284,85,719,804
3332,2011-05-23,2,0,5,17,0,1,1,3,0.72,0.6818,0.7,0.3881,56,373,429
16996,2012-12-15,4,1,12,22,0,6,0,1,0.36,0.3485,0.62,0.194,22,134,156
10596,2012-03-22,2,1,3,14,0,4,1,1,0.6,0.5909,0.73,0.1045,96,161,257
6405,2011-09-29,4,0,9,10,0,4,1,1,0.64,0.6061,0.65,0.194,24,103,127
8896,2012-01-11,1,1,1,12,0,3,1,3,0.3,0.3333,0.81,0,4,51,55
2097,2011-04-02,2,0,4,5,0,6,0,2,0.24,0.2424,0.75,0.1642,1,4,5
10196,2012-03-05,1,1,3,21,0,1,1,1,0.26,0.2273,0.37,0.3881,4,116,120
15566,2012-10-15,4,1,10,18,0,1,1,3,0.54,0.5152,0.77,0.1343,52,540,592
8000,2011-12-04,4,0,12,23,0,0,0,1,0.34,0.3485,0.87,0.1045,3,42,45
13661,2012-07-28,3,1,7,9,0,6,0,1,0.78,0.7424,0.59,0.1045,110,227,337
15253,2012-10-02,4,1,10,17,0,2,1,3,0.62,0.5606,0.88,0.1045,38,677,715
5018,2011-08-01,3,0,8,23,0,1,1,1,0.68,0.6364,0.74,0.194,14,82,96
8739,2012-01-04,1,1,1,22,0,3,1,2,0.2,0.2273,0.47,0.0896,4,48,52
1450,2011-03-05,1,0,3,16,0,6,0,2,0.48,0.4697,0.59,0.2985,74,130,204
15408,2012-10-09,4,1,10,4,0,2,1,3,0.36,0.3485,0.87,0.1642,1,6,7
6901,2011-10-20,4,0,10,3,0,4,1,1,0.5,0.4848,0.82,0.4627,0,1,1
2611,2011-04-23,2,0,4,16,0,6,0,1,0.6,0.5909,0.73,0.2836,180,246,426
1901,2011-03-24,2,0,3,23,0,4,1,1,0.24,0.2273,0.65,0.194,9,24,33
8187,2011-12-12,4,0,12,18,0,1,1,1,0.3,0.3182,0.56,0.0896,8,349,357
3921,2011-06-17,2,0,6,6,0,5,1,1,0.56,0.5303,0.94,0,8,89,97
2758,2011-04-29,2,0,4,19,0,5,1,1,0.46,0.4545,0.55,0.3284,40,230,270
14317,2012-08-24,3,1,8,17,0,5,1,2,0.74,0.6667,0.51,0.2239,117,695,812
6398,2011-09-29,4,0,9,3,0,4,1,2,0.6,0.5152,0.94,0.194,0,8,8
10078,2012-02-29,1,1,2,23,0,3,1,3,0.42,0.4242,0.94,0.2537,3,30,33
11889,2012-05-15,2,1,5,13,0,2,1,3,0.64,0.6061,0.73,0.194,35,204,239
13931,2012-08-08,3,1,8,15,0,3,1,2,0.84,0.7576,0.44,0.194,110,168,278
16080,2012-11-07,4,1,11,16,0,3,1,2,0.32,0.2879,0.53,0.3582,23,250,273
14083,2012-08-14,3,1,8,23,0,2,1,1,0.72,0.6818,0.66,0.1642,53,114,167
2098,2011-04-02,2,0,4,6,0,6,0,1,0.26,0.2727,0.7,0.1045,5,7,12
8330,2011-12-18,4,0,12,17,0,0,0,1,0.28,0.2727,0.46,0.1642,10,126,136
13885,2012-08-06,3,1,8,17,0,1,1,1,0.82,0.7424,0.41,0,112,746,858
16929,2012-12-13,4,1,12,3,0,4,1,2,0.26,0.2424,0.56,0.2836,0,2,2
5625,2011-08-27,3,0,8,6,0,6,0,2,0.7,0.6667,0.84,0.2985,3,15,18
9029,2012-01-17,1,1,1,1,0,2,1,2,0.28,0.2576,0.65,0.3582,0,2,2
3472,2011-05-29,2,0,5,13,0,0,0,1,0.72,0.6818,0.7,0.2836,237,181,418
12890,2012-06-26,3,1,6,6,0,2,1,1,0.52,0.5,0.52,0.2985,12,176,188
14473,2012-08-31,3,1,8,5,0,5,1,1,0.64,0.5758,0.89,0.1642,2,27,29
8267,2011-12-16,4,0,12,2,0,5,1,1,0.48,0.4697,0.77,0.1045,0,23,23
2172,2011-04-05,2,0,4,8,0,2,1,3,0.38,0.3939,0.87,0.5821,9,148,157
16750,2012-12-05,4,1,12,16,0,3,1,1,0.46,0.4545,0.33,0.2836,23,354,377
13871,2012-08-06,3,1,8,3,0,1,1,3,0.72,0.697,0.79,0.0896,0,5,5
1734,2011-03-17,1,0,3,21,0,4,1,1,0.42,0.4242,0.62,0.2239,19,119,138
8591,2011-12-29,1,0,12,17,0,4,1,1,0.3,0.303,0.61,0.1642,14,226,240
2011,2011-03-29,2,0,3,15,0,2,1,1,0.38,0.3939,0.25,0.2239,22,65,87
13359,2012-07-15,3,1,7,19,0,0,0,1,0.72,0.7121,0.84,0.2239,109,203,312
14064,2012-08-14,3,1,8,4,0,2,1,2,0.68,0.6364,0.83,0.194,0,5,5
660,2011-01-30,1,0,1,19,0,0,0,1,0.26,0.2576,0.65,0.194,9,46,55
1284,2011-02-26,1,0,2,15,0,6,0,2,0.36,0.3333,0.4,0.2836,40,125,165
12486,2012-06-09,2,1,6,10,0,6,0,1,0.7,0.6515,0.51,0.1045,168,298,466
15808,2012-10-25,4,1,10,20,0,4,1,2,0.52,0.5,0.88,0.1343,28,319,347
12449,2012-06-07,2,1,6,21,0,4,1,1,0.62,0.6212,0.41,0.3284,30,283,313
10029,2012-02-27,1,1,2,21,0,1,1,1,0.46,0.4545,0.36,0.2836,14,181,195
17051,2012-12-18,4,1,12,5,0,2,1,1,0.38,0.3939,0.87,0.0896,0,36,36
1020,2011-02-15,1,0,2,4,0,2,1,1,0.22,0.1818,0.37,0.5224,0,1,1
15728,2012-10-22,4,1,10,12,0,1,1,1,0.58,0.5455,0.35,0,52,231,283
9519,2012-02-06,1,1,2,13,0,1,1,1,0.38,0.3939,0.4,0.2239,17,124,141
11003,2012-04-08,2,1,4,14,0,0,0,1,0.6,0.5909,0.18,0.4478,254,249,503
8668,2012-01-01,1,1,1,22,0,0,0,1,0.46,0.4545,0.55,0.4179,13,53,66
2811,2011-05-02,2,0,5,0,0,1,1,1,0.46,0.4545,0.72,0.1343,68,109,177
16012,2012-11-04,4,1,11,20,0,0,0,1,0.32,0.2879,0.53,0.3582,7,134,141
1652,2011-03-14,1,0,3,9,0,1,1,1,0.32,0.303,0.53,0.3284,13,127,140
831,2011-02-07,1,0,2,1,0,1,1,1,0.22,0.2727,0.75,0,1,4,5
1170,2011-02-21,1,0,2,12,1,1,0,2,0.32,0.3182,0.66,0.194,26,67,93
10721,2012-03-27,2,1,3,19,0,2,1,1,0.42,0.4242,0.17,0,40,377,417
9399,2012-02-01,1,1,2,12,0,3,1,1,0.44,0.4394,0.54,0.1045,26,153,179
6257,2011-09-23,4,0,9,6,0,5,1,2,0.62,0.5455,0.94,0.0896,5,99,104
14905,2012-09-18,3,1,9,5,0,2,1,2,0.64,0.5758,0.89,0.3284,3,45,48
5470,2011-08-20,3,0,8,19,0,6,0,1,0.74,0.6818,0.62,0.194,109,182,291
13028,2012-07-02,3,1,7,0,0,1,1,2,0.76,0.7121,0.58,0.2239,12,31,43
16205,2012-11-12,4,1,11,22,1,1,0,1,0.52,0.5,0.77,0.2537,12,100,112
10259,2012-03-08,1,1,3,12,0,4,1,2,0.56,0.5303,0.6,0.4478,27,224,251
868,2011-02-08,1,0,2,14,0,2,1,1,0.22,0.197,0.37,0.4179,3,61,64
11167,2012-04-15,2,1,4,11,0,0,0,1,0.62,0.6212,0.46,0.2985,227,301,528
16905,2012-12-12,4,1,12,3,0,3,1,1,0.26,0.2727,0.6,0.1343,3,7,10
5094,2011-08-05,3,0,8,3,0,5,1,1,0.64,0.5909,0.78,0.0896,0,6,6
5434,2011-08-19,3,0,8,7,0,5,1,2,0.66,0.6061,0.83,0.0896,12,251,263
542,2011-01-24,1,0,1,17,0,1,1,1,0.14,0.1212,0.5,0.2537,6,178,184
13388,2012-07-17,3,1,7,0,0,2,1,1,0.72,0.7121,0.84,0.1045,10,43,53
9325,2012-01-29,1,1,1,10,0,0,0,1,0.24,0.2424,0.35,0.1343,38,153,191
17278,2012-12-27,1,1,12,18,0,4,1,2,0.24,0.2273,0.6,0.2537,9,188,197
12694,2012-06-18,2,1,6,2,0,1,1,1,0.54,0.5152,0.77,0.2239,3,6,9
6355,2011-09-27,4,0,9,8,0,2,1,2,0.64,0.5758,0.89,0.1045,27,400,427
16835,2012-12-09,4,1,12,5,0,0,0,2,0.4,0.4091,0.87,0.1045,0,8,8
3391,2011-05-26,2,0,5,4,0,4,1,1,0.6,0.5455,0.88,0,0,2,2
15685,2012-10-20,4,1,10,17,0,6,0,1,0.54,0.5152,0.37,0.2239,347,384,731
11155,2012-04-14,2,1,4,23,0,6,0,2,0.54,0.5152,0.56,0.194,45,151,196
12348,2012-06-03,2,1,6,16,0,0,0,1,0.7,0.6364,0.34,0.2985,226,436,662
11452,2012-04-27,2,1,4,8,0,5,1,1,0.4,0.4091,0.5,0,17,575,592
15310,2012-10-05,4,1,10,2,0,5,1,1,0.54,0.5152,0.73,0.0896,1,10,11
14227,2012-08-20,3,1,8,23,0,1,1,2,0.6,0.5606,0.83,0,10,92,102
14896,2012-09-17,3,1,9,20,0,1,1,2,0.62,0.5909,0.73,0.1343,32,308,340
17324,2012-12-29,1,1,12,16,0,6,0,1,0.3,0.2424,0.75,0.1045,22,125,147
10776,2012-03-30,2,1,3,2,0,5,1,1,0.36,0.3333,0.53,0.2985,1,6,7
11006,2012-04-08,2,1,4,17,0,0,0,1,0.62,0.6061,0.22,0.2985,185,226,411
3960,2011-06-18,2,0,6,21,0,6,0,2,0.72,0.6818,0.66,0.1045,58,125,183
11140,2012-04-14,2,1,4,8,0,6,0,1,0.36,0.3485,0.71,0.1343,24,136,160
6644,2011-10-09,4,0,10,9,0,0,0,1,0.5,0.4848,0.77,0,66,119,185
13367,2012-07-16,3,1,7,3,0,1,1,1,0.68,0.6364,0.79,0.0896,2,4,6
6842,2011-10-17,4,0,10,15,0,1,1,1,0.56,0.5303,0.6,0.2537,66,142,208
15356,2012-10-07,4,1,10,0,0,0,0,1,0.44,0.4394,0.62,0.1642,28,99,127
3587,2011-06-03,2,0,6,8,0,5,1,2,0.56,0.5303,0.43,0.3284,31,471,502
12814,2012-06-23,3,1,6,2,0,6,0,2,0.64,0.5758,0.83,0.194,18,75,93
15380,2012-10-08,4,1,10,0,1,1,0,1,0.38,0.3939,0.76,0.2836,7,44,51
2564,2011-04-21,2,0,4,17,0,4,1,1,0.5,0.4848,0.29,0.1642,79,402,481
10823,2012-04-01,2,1,4,1,0,0,0,2,0.36,0.3485,0.76,0.1642,13,49,62
16444,2012-11-22,4,1,11,21,1,4,0,1,0.34,0.3485,0.61,0.0896,7,39,46
14762,2012-09-12,3,1,9,6,0,3,1,1,0.5,0.4848,0.72,0.0896,6,199,205
5037,2011-08-02,3,0,8,18,0,2,1,2,0.86,0.7576,0.34,0.194,65,491,556
1081,2011-02-17,1,0,2,18,0,4,1,2,0.54,0.5152,0.42,0.2836,11,211,222
12476,2012-06-09,2,1,6,0,0,6,0,1,0.64,0.6212,0.53,0.1045,54,152,206
5892,2011-09-07,3,0,9,23,0,3,1,3,0.62,0.5455,0.94,0.194,3,21,24
10278,2012-03-09,1,1,3,7,0,5,1,2,0.38,0.3939,0.4,0.2985,6,262,268
14538,2012-09-02,3,1,9,22,0,0,0,3,0.68,0.6364,0.83,0.1343,66,100,166
10645,2012-03-24,2,1,3,15,0,6,0,3,0.5,0.4848,0.94,0.4179,118,172,290
4967,2011-07-30,3,0,7,20,0,6,0,1,0.82,0.7424,0.43,0.1343,74,132,206
2024,2011-03-30,2,0,3,4,0,3,1,2,0.32,0.3485,0.57,0,1,0,1
13110,2012-07-05,3,1,7,10,0,4,1,1,0.86,0.7879,0.44,0.3582,69,117,186
16727,2012-12-04,4,1,12,17,0,2,1,1,0.52,0.5,0.59,0.2239,43,700,743
7910,2011-12-01,4,0,12,5,0,4,1,1,0.26,0.2424,0.56,0.2537,1,23,24
16191,2012-11-12,4,1,11,8,1,1,0,1,0.42,0.4242,0.82,0.1642,50,490,540
7322,2011-11-06,4,0,11,16,0,0,0,1,0.46,0.4545,0.55,0.2239,84,263,347
227,2011-01-10,1,0,1,17,0,1,1,1,0.2,0.2273,0.4,0.1045,4,174,178
1014,2011-02-14,1,0,2,21,0,1,1,1,0.36,0.3182,0.5,0.5224,8,35,43
1930,2011-03-26,2,0,3,4,0,6,0,1,0.22,0.2121,0.44,0.2239,2,4,6
15544,2012-10-14,4,1,10,20,0,0,0,1,0.54,0.5152,0.73,0.2239,48,198,246
5252,2011-08-11,3,0,8,17,0,4,1,1,0.8,0.697,0.29,0.2537,96,486,582
9597,2012-02-09,1,1,2,19,0,4,1,1,0.32,0.3333,0.33,0.1045,8,287,295
2180,2011-04-05,2,0,4,16,0,2,1,1,0.38,0.3939,0.46,0.4179,17,113,130
698,2011-02-01,1,0,2,10,0,2,1,2,0.16,0.2273,0.93,0,0,47,47
1125,2011-02-19,1,0,2,14,0,6,0,1,0.46,0.4545,0.15,0.6567,102,94,196
7379,2011-11-09,4,0,11,1,0,3,1,1,0.34,0.3636,0.87,0,0,10,10
12088,2012-05-23,2,1,5,20,0,3,1,2,0.62,0.5758,0.83,0.0896,28,267,295
15195,2012-09-30,4,1,9,7,0,0,0,1,0.44,0.4394,0.77,0,14,43,57
5111,2011-08-05,3,0,8,20,0,5,1,1,0.72,0.6667,0.58,0.2239,70,221,291
7903,2011-11-30,4,0,11,22,0,3,1,1,0.3,0.2727,0.56,0.2985,5,82,87
1779,2011-03-19,1,0,3,19,0,6,0,1,0.44,0.4394,0.33,0.2836,38,116,154
14769,2012-09-12,3,1,9,13,0,3,1,1,0.7,0.6364,0.34,0.1343,85,238,323
2635,2011-04-24,2,0,4,16,0,0,0,1,0.74,0.6667,0.48,0.3881,162,197,359
7545,2011-11-15,4,0,11,23,0,2,1,2,0.46,0.4545,0.94,0.1045,14,66,80
7605,2011-11-18,4,0,11,11,0,5,1,1,0.3,0.303,0.36,0.1343,18,122,140
3490,2011-05-30,2,0,5,7,1,1,0,2,0.64,0.5606,0.94,0,12,19,31
13945,2012-08-09,3,1,8,5,0,4,1,2,0.66,0.5909,0.94,0,4,37,41
1038,2011-02-15,1,0,2,22,0,2,1,1,0.24,0.2879,0.44,0,0,41,41
14286,2012-08-23,3,1,8,10,0,4,1,1,0.74,0.6818,0.58,0.0896,76,157,233
10449,2012-03-16,1,1,3,11,0,5,1,2,0.44,0.4394,0.77,0,40,167,207
15142,2012-09-28,4,1,9,2,0,5,1,3,0.6,0.5455,0.88,0.2985,1,9,10
17331,2012-12-29,1,1,12,23,0,6,0,2,0.26,0.2424,0.6,0,0,32,32
8506,2011-12-26,1,0,12,2,1,1,0,1,0.34,0.3182,0.46,0.2239,2,5,7
2650,2011-04-25,2,0,4,7,0,1,1,2,0.52,0.5,1,0.0896,13,183,196
10474,2012-03-17,1,1,3,12,0,6,0,1,0.56,0.5303,0.68,0.1642,286,365,651
2980,2011-05-09,2,0,5,1,0,1,1,1,0.44,0.4394,0.88,0,25,8,33
2548,2011-04-21,2,0,4,1,0,4,1,1,0.52,0.5,0.45,0.2239,6,20,26
13705,2012-07-30,3,1,7,5,0,1,1,1,0.66,0.6061,0.83,0.1045,4,43,47
5133,2011-08-06,3,0,8,18,0,6,0,2,0.72,0.697,0.79,0.4478,81,130,211
2160,2011-04-04,2,0,4,20,0,1,1,2,0.7,0.6364,0.24,0.5522,40,133,173
11330,2012-04-22,2,1,4,6,0,0,0,2,0.44,0.4394,0.72,0.3284,6,6,12
9115,2012-01-20,1,1,1,16,0,5,1,2,0.2,0.2121,0.37,0.1642,11,163,174
14043,2012-08-13,3,1,8,7,0,1,1,1,0.66,0.6212,0.65,0.1343,11,425,436
14567,2012-09-04,3,1,9,3,0,2,1,2,0.66,0.5909,0.89,0.0896,1,9,10
6446,2011-10-01,4,0,10,3,0,6,0,1,0.46,0.4545,0.59,0.4179,8,17,25
3968,2011-06-19,2,0,6,5,0,0,0,2,0.66,0.6061,0.78,0,7,12,19
1429,2011-03-04,1,0,3,19,0,5,1,1,0.32,0.303,0.61,0.2537,5,102,107
15590,2012-10-16,4,1,10,18,0,2,1,1,0.5,0.4848,0.42,0.1642,71,767,838
2521,2011-04-19,2,0,4,22,0,2,1,1,0.48,0.4697,0.77,0.0896,3,109,112
14818,2012-09-14,3,1,9,14,0,5,1,2,0.72,0.6515,0.45,0.1642,113,258,371
8034,2011-12-06,4,0,12,9,0,2,1,2,0.46,0.4545,0.94,0.2239,4,200,204
15756,2012-10-23,4,1,10,16,0,2,1,1,0.68,0.6364,0.44,0.0896,108,433,541
15892,2012-10-30,4,1,10,20,0,2,1,2,0.3,0.2879,0.81,0.194,5,76,81
16016,2012-11-05,4,1,11,0,0,1,1,2,0.3,0.2879,0.56,0.194,3,20,23
13795,2012-08-02,3,1,8,23,0,4,1,1,0.72,0.6818,0.7,0.2537,25,152,177
6020,2011-09-13,3,0,9,9,0,2,1,1,0.64,0.6061,0.69,0.0896,35,179,214
449,2011-01-20,1,0,1,17,0,4,1,2,0.3,0.3182,0.49,0.1045,8,207,215
15734,2012-10-22,4,1,10,18,0,1,1,1,0.54,0.5152,0.64,0.1045,60,726,786
9477,2012-02-04,1,1,2,18,0,6,0,3,0.28,0.2727,0.75,0.1642,6,58,64
5996,2011-09-12,3,0,9,9,0,1,1,1,0.64,0.6061,0.69,0,21,155,176
14878,2012-09-17,3,1,9,2,0,1,1,1,0.52,0.5,0.72,0,5,8,13
3728,2011-06-09,2,0,6,5,0,4,1,2,0.7,0.6667,0.84,0,1,19,20
7354,2011-11-08,4,0,11,0,0,2,1,1,0.34,0.3485,0.87,0.0896,0,18,18
8554,2011-12-28,1,0,12,3,0,3,1,1,0.32,0.303,0.61,0.2537,0,4,4
6280,2011-09-24,4,0,9,5,0,6,0,2,0.56,0.5303,0.94,0.1045,2,3,5
13423,2012-07-18,3,1,7,11,0,3,1,1,0.9,0.8485,0.42,0,47,136,183
16471,2012-11-24,4,1,11,0,0,6,0,1,0.4,0.4091,0.37,0.4179,9,33,42
7296,2011-11-05,4,0,11,14,0,6,0,1,0.42,0.4242,0.35,0.1343,159,227,386
9497,2012-02-05,1,1,2,14,0,0,0,1,0.3,0.303,0.61,0.1642,40,203,243
6252,2011-09-23,4,0,9,1,0,5,1,2,0.6,0.5,1,0,2,29,31
5927,2011-09-09,3,0,9,11,0,5,1,2,0.62,0.5455,0.94,0,6,66,72
13342,2012-07-15,3,1,7,2,0,0,0,2,0.68,0.6364,0.89,0.1642,29,86,115
2461,2011-04-17,2,0,4,10,0,0,0,1,0.42,0.4242,0.44,0.4478,91,120,211
23,2011-01-01,1,0,1,22,0,6,0,2,0.4,0.4091,0.94,0.2239,11,17,28
2067,2011-03-31,2,0,3,23,0,4,1,3,0.26,0.2576,1,0.1642,4,23,27
1654,2011-03-14,1,0,3,11,0,1,1,1,0.36,0.3333,0.4,0.2537,26,45,71
8895,2012-01-11,1,1,1,11,0,3,1,2,0.26,0.2879,0.87,0.0896,9,90,99
8707,2012-01-03,1,1,1,14,0,2,1,1,0.16,0.1212,0.43,0.5224,7,72,79
10936,2012-04-05,2,1,4,19,0,4,1,1,0.48,0.4697,0.31,0.2537,64,423,487
1377,2011-03-02,1,0,3,15,0,3,1,1,0.54,0.5152,0.19,0.4179,19,91,110
1725,2011-03-17,1,0,3,12,0,4,1,1,0.5,0.4848,0.45,0.2239,24,81,105
10661,2012-03-25,2,1,3,7,0,0,0,2,0.4,0.4091,0.94,0.3284,14,25,39
3755,2011-06-10,2,0,6,8,0,5,1,1,0.74,0.6818,0.58,0.1343,29,423,452
10518,2012-03-19,1,1,3,8,0,1,1,1,0.46,0.4545,0.88,0.1045,16,563,579
8653,2012-01-01,1,1,1,7,0,0,0,1,0.26,0.2576,0.93,0.1642,1,6,7
13356,2012-07-15,3,1,7,16,0,0,0,1,0.86,0.7879,0.41,0.2239,152,343,495
4184,2011-06-28,3,0,6,5,0,2,1,1,0.66,0.6061,0.78,0,1,20,21
16550,2012-11-27,4,1,11,7,0,2,1,3,0.3,0.303,0.81,0.1343,4,289,293
4083,2011-06-24,3,0,6,0,0,5,1,1,0.68,0.6364,0.79,0.194,10,53,63
9679,2012-02-13,1,1,2,5,0,1,1,1,0.1,0.1212,0.58,0.1343,0,17,17
11871,2012-05-14,2,1,5,19,0,1,1,3,0.58,0.5455,0.88,0.1343,10,294,304
8475,2011-12-24,1,0,12,18,0,6,0,1,0.3,0.3182,0.42,0.0896,2,33,35
6580,2011-10-06,4,0,10,17,0,4,1,1,0.56,0.5303,0.52,0.1343,63,505,568
4559,2011-07-13,3,0,7,20,0,3,1,1,0.7,0.6667,0.84,0.1642,61,281,342
12501,2012-06-10,2,1,6,1,0,0,0,1,0.64,0.6061,0.73,0.1343,32,84,116
13058,2012-07-03,3,1,7,6,0,2,1,1,0.7,0.6515,0.65,0.1343,5,149,154
3538,2011-06-01,2,0,6,7,0,3,1,2,0.7,0.6667,0.79,0.1642,19,265,284
16435,2012-11-22,4,1,11,12,1,4,0,1,0.44,0.4394,0.35,0,117,145,262
7004,2011-10-24,4,0,10,10,0,1,1,2,0.46,0.4545,0.82,0.2537,47,82,129
10774,2012-03-30,2,1,3,0,0,5,1,1,0.4,0.4091,0.47,0.2985,10,49,59
9561,2012-02-08,1,1,2,7,0,3,1,2,0.24,0.2576,0.7,0.1045,5,276,281
16943,2012-12-13,4,1,12,17,0,4,1,1,0.32,0.3333,0.42,0.1045,43,507,550
15244,2012-10-02,4,1,10,8,0,2,1,3,0.6,0.5455,0.88,0,6,128,134
8790,2012-01-07,1,1,1,1,0,6,0,1,0.38,0.3939,0.46,0.1642,6,56,62
12544,2012-06-11,2,1,6,20,0,1,1,2,0.74,0.6667,0.48,0.2239,61,333,394
14539,2012-09-02,3,1,9,23,0,0,0,3,0.66,0.5909,0.89,0.0896,53,70,123
9952,2012-02-24,1,1,2,16,0,5,1,3,0.4,0.4091,0.87,0.194,12,166,178
14572,2012-09-04,3,1,9,8,0,2,1,1,0.7,0.6667,0.84,0.1642,15,617,632
12951,2012-06-28,3,1,6,19,0,4,1,1,0.84,0.7273,0.3,0.2985,79,492,571
647,2011-01-30,1,0,1,5,0,0,0,1,0.14,0.2121,0.86,0,0,3,3
6382,2011-09-28,4,0,9,11,0,3,1,2,0.66,0.6061,0.83,0.1045,24,127,151
7528,2011-11-15,4,0,11,6,0,2,1,2,0.56,0.5303,0.64,0.0896,4,104,108
17129,2012-12-21,1,1,12,11,0,5,1,2,0.32,0.2879,0.42,0.4179,12,150,162
14216,2012-08-20,3,1,8,12,0,1,1,2,0.66,0.6212,0.61,0.1045,66,216,282
14933,2012-09-19,3,1,9,9,0,3,1,1,0.54,0.5152,0.6,0.2537,26,336,362
7166,2011-10-31,4,0,10,4,0,1,1,1,0.24,0.2879,0.87,0,1,5,6
11661,2012-05-06,2,1,5,1,0,0,0,2,0.54,0.5152,0.83,0.2239,37,84,121
14780,2012-09-13,3,1,9,0,0,4,1,1,0.56,0.5303,0.73,0.0896,11,46,57
7698,2011-11-22,4,0,11,8,0,2,1,3,0.38,0.3939,0.94,0.2239,5,185,190
11183,2012-04-16,2,1,4,3,1,1,0,1,0.58,0.5455,0.68,0.194,3,5,8
1257,2011-02-25,1,0,2,12,0,5,1,3,0.54,0.5152,0.6,0.4627,20,95,115
4876,2011-07-27,3,0,7,1,0,3,1,1,0.78,0.7121,0.49,0.194,1,9,10
10737,2012-03-28,2,1,3,11,0,3,1,1,0.5,0.4848,0.42,0.3881,54,168,222
16053,2012-11-06,4,1,11,13,0,2,1,1,0.34,0.3333,0.46,0.1343,46,232,278
5342,2011-08-15,3,0,8,11,0,1,1,2,0.72,0.6818,0.62,0.2537,41,112,153
15822,2012-10-26,4,1,10,10,0,5,1,2,0.54,0.5152,0.88,0.1045,41,156,197
14458,2012-08-30,3,1,8,14,0,4,1,1,0.76,0.6818,0.48,0.1343,74,199,273
12259,2012-05-30,2,1,5,23,0,3,1,1,0.66,0.6212,0.65,0.1045,39,121,160
12181,2012-05-27,2,1,5,17,0,0,0,1,0.78,0.7121,0.49,0.2985,275,247,522
7032,2011-10-25,4,0,10,14,0,2,1,1,0.56,0.5303,0.4,0.2537,66,134,200
2161,2011-04-04,2,0,4,21,0,1,1,2,0.7,0.6364,0.3,0.4478,19,76,95
686,2011-01-31,1,0,1,21,0,1,1,3,0.16,0.197,0.59,0.0896,3,53,56
14767,2012-09-12,3,1,9,11,0,3,1,1,0.66,0.6212,0.5,0.194,51,181,232
11436,2012-04-26,2,1,4,16,0,4,1,2,0.52,0.5,0.83,0.2239,37,281,318
15683,2012-10-20,4,1,10,15,0,6,0,1,0.56,0.5303,0.43,0,308,403,711
14292,2012-08-23,3,1,8,16,0,4,1,1,0.76,0.6818,0.48,0.1642,121,344,465
2462,2011-04-17,2,0,4,11,0,0,0,1,0.46,0.4545,0.41,0.4179,119,185,304
12276,2012-05-31,2,1,5,16,0,4,1,1,0.76,0.6667,0.33,0.2836,103,384,487
11030,2012-04-09,2,1,4,17,0,1,1,1,0.54,0.5152,0.32,0.4179,67,565,632
11890,2012-05-15,2,1,5,14,0,2,1,2,0.64,0.6061,0.73,0.194,39,145,184
7129,2011-10-29,4,0,10,15,0,6,0,3,0.22,0.2121,0.93,0.2537,3,38,41
6268,2011-09-23,4,0,9,17,0,5,1,2,0.6,0.5,1,0,13,86,99
4942,2011-07-29,3,0,7,19,0,5,1,1,0.9,0.8485,0.42,0.2239,22,219,241
5947,2011-09-10,3,0,9,7,0,6,0,1,0.6,0.5455,0.88,0.1343,9,43,52
4584,2011-07-14,3,0,7,21,0,4,1,1,0.66,0.6212,0.5,0.1343,58,203,261
5785,2011-09-03,3,0,9,11,0,6,0,3,0.66,0.6212,0.69,0.2836,66,128,194
12233,2012-05-29,2,1,5,21,0,2,1,3,0.6,0.5455,0.88,0.4478,3,68,71
10423,2012-03-15,1,1,3,9,0,4,1,1,0.48,0.4697,0.77,0.0896,30,285,315
7570,2011-11-17,4,0,11,0,0,4,1,2,0.42,0.4242,0.88,0.2537,2,22,24
15797,2012-10-25,4,1,10,9,0,4,1,2,0.52,0.5,0.83,0.194,23,320,343
10513,2012-03-19,1,1,3,3,0,1,1,1,0.46,0.4545,0.88,0.0896,0,2,2
13071,2012-07-03,3,1,7,19,0,2,1,2,0.84,0.7424,0.36,0.1343,66,431,497
522,2011-01-23,1,0,1,20,0,0,0,1,0.1,0.1061,0.36,0.2537,4,31,35
8715,2012-01-03,1,1,1,22,0,2,1,1,0.1,0.1061,0.46,0.2537,0,33,33
13538,2012-07-23,3,1,7,6,0,1,1,2,0.68,0.6364,0.89,0.0896,9,148,157
16321,2012-11-17,4,1,11,18,0,6,0,1,0.36,0.3636,0.5,0.1045,34,237,271
16464,2012-11-23,4,1,11,17,0,5,1,2,0.48,0.4697,0.39,0.0896,117,183,300
3984,2011-06-19,2,0,6,21,0,0,0,1,0.68,0.6364,0.79,0.1343,57,110,167
14687,2012-09-09,3,1,9,3,0,0,0,1,0.54,0.5152,0.73,0.2239,14,32,46
6304,2011-09-25,4,0,9,5,0,0,0,1,0.6,0.5455,0.88,0.0896,1,2,3
16046,2012-11-06,4,1,11,6,0,2,1,1,0.22,0.2273,0.69,0.1343,6,143,149
781,2011-02-04,1,0,2,23,0,5,1,2,0.24,0.2424,0.7,0.1343,1,30,31
10614,2012-03-23,2,1,3,8,0,5,1,2,0.5,0.4848,0.94,0.1343,47,615,662
15228,2012-10-01,4,1,10,16,0,1,1,2,0.62,0.6212,0.46,0.2537,51,408,459
5608,2011-08-26,3,0,8,13,0,5,1,2,0.78,0.7424,0.59,0.1045,72,165,237
5979,2011-09-11,3,0,9,15,0,0,0,1,0.74,0.6667,0.51,0.2985,134,270,404
8844,2012-01-09,1,1,1,7,0,1,1,2,0.22,0.2424,0.6,0.1045,1,239,240
3748,2011-06-10,2,0,6,1,0,5,1,3,0.7,0.6515,0.65,0.2239,5,18,23
2197,2011-04-06,2,0,4,9,0,3,1,1,0.36,0.3333,0.46,0.2537,8,157,165
14090,2012-08-15,3,1,8,6,0,3,1,1,0.64,0.5909,0.78,0.1045,12,160,172
8562,2011-12-28,1,0,12,12,0,3,1,1,0.34,0.2879,0.46,0.5522,32,108,140
17282,2012-12-27,1,1,12,22,0,4,1,2,0.24,0.2121,0.6,0.2836,11,33,44
4286,2011-07-02,3,0,7,11,0,6,0,1,0.8,0.7121,0.36,0.0896,144,213,357
12407,2012-06-06,2,1,6,3,0,3,1,1,0.46,0.4545,0.82,0,0,8,8
8570,2011-12-28,1,0,12,20,0,3,1,1,0.24,0.2273,0.41,0.2239,9,70,79
15520,2012-10-13,4,1,10,20,0,6,0,1,0.4,0.4091,0.54,0.0896,57,198,255
10409,2012-03-14,1,1,3,19,0,3,1,1,0.64,0.6212,0.33,0.1642,70,402,472
9833,2012-02-19,1,1,2,15,0,0,0,2,0.3,0.2879,0.49,0.194,85,168,253
9806,2012-02-18,1,1,2,12,0,6,0,1,0.36,0.3485,0.43,0.194,128,241,369
6980,2011-10-23,4,0,10,10,0,0,0,1,0.42,0.4242,0.71,0.0896,104,185,289
1828,2011-03-21,2,0,3,21,0,1,1,1,0.46,0.4545,0.94,0.194,12,79,91
11825,2012-05-12,2,1,5,21,0,6,0,2,0.6,0.6061,0.6,0.1343,74,156,230
9155,2012-01-22,1,1,1,8,0,0,0,2,0.16,0.1515,0.74,0.2239,3,29,32
11186,2012-04-16,2,1,4,6,1,1,0,1,0.52,0.5,0.83,0.1642,10,123,133
17112,2012-12-20,4,1,12,18,0,4,1,2,0.34,0.3333,0.71,0.194,22,359,381
2377,2011-04-13,2,0,4,22,0,3,1,1,0.42,0.4242,0.67,0.194,10,89,99
13209,2012-07-09,3,1,7,13,0,1,1,2,0.76,0.697,0.55,0.2537,67,188,255
8552,2011-12-28,1,0,12,1,0,3,1,1,0.32,0.3182,0.76,0.1642,0,12,12
3840,2011-06-13,2,0,6,21,0,1,1,1,0.64,0.6212,0.41,0.2537,40,178,218
11912,2012-05-16,2,1,5,12,0,3,1,1,0.7,0.6515,0.54,0.194,59,271,330
1247,2011-02-25,1,0,2,1,0,5,1,2,0.32,0.3485,1,0,1,9,10
7505,2011-11-14,4,0,11,7,0,1,1,1,0.44,0.4394,0.72,0.2537,11,311,322
11484,2012-04-28,2,1,4,16,0,6,0,2,0.44,0.4394,0.38,0.194,132,244,376
6512,2011-10-03,4,0,10,21,0,1,1,2,0.4,0.4091,0.82,0,10,128,138
13280,2012-07-12,3,1,7,12,0,4,1,1,0.78,0.6818,0.35,0.1343,71,221,292
11887,2012-05-15,2,1,5,11,0,2,1,1,0.64,0.5909,0.78,0.194,38,186,224
16665,2012-12-02,4,1,12,3,0,0,0,2,0.26,0.303,0.93,0,4,21,25
14474,2012-08-31,3,1,8,6,0,5,1,2,0.64,0.5758,0.89,0.1642,7,101,108
5440,2011-08-19,3,0,8,13,0,5,1,2,0.76,0.7121,0.62,0.194,63,169,232
10760,2012-03-29,2,1,3,10,0,4,1,1,0.46,0.4545,0.47,0.4478,42,124,166
11616,2012-05-04,2,1,5,4,0,5,1,1,0.56,0.5303,0.88,0.194,0,4,4
10230,2012-03-07,1,1,3,7,0,3,1,1,0.26,0.2273,0.65,0.3881,12,332,344
6494,2011-10-03,4,0,10,3,0,1,1,1,0.36,0.3788,0.81,0,1,6,7
8965,2012-01-14,1,1,1,9,0,6,0,1,0.14,0.1667,0.5,0.1045,3,78,81
13573,2012-07-24,3,1,7,17,0,2,1,1,0.8,0.7424,0.52,0.3284,94,775,869
10682,2012-03-26,2,1,3,4,0,1,1,1,0.44,0.4394,0.82,0.1642,0,4,4
11755,2012-05-09,2,1,5,23,0,3,1,3,0.48,0.4697,0.82,0.194,8,47,55
17150,2012-12-22,1,1,12,8,0,6,0,1,0.26,0.2121,0.44,0.6119,0,29,29
10739,2012-03-28,2,1,3,13,0,3,1,1,0.56,0.5303,0.43,0.3284,60,213,273
5511,2011-08-22,3,0,8,12,0,1,1,1,0.74,0.6515,0.35,0.3881,54,153,207
5331,2011-08-15,3,0,8,0,0,1,1,3,0.6,0.5455,0.88,0.0896,7,18,25
15061,2012-09-24,4,1,9,17,0,1,1,1,0.58,0.5455,0.3,0,89,809,898
4532,2011-07-12,3,0,7,17,0,2,1,1,0.88,0.8182,0.44,0.2836,48,380,428
9867,2012-02-21,1,1,2,2,0,2,1,1,0.24,0.2879,0.6,0,0,3,3
366,2011-01-16,1,0,1,17,0,0,0,1,0.22,0.2121,0.37,0.2537,23,82,105
14991,2012-09-21,3,1,9,19,0,5,1,1,0.64,0.6061,0.65,0.2537,95,493,588
12090,2012-05-23,2,1,5,22,0,3,1,2,0.62,0.5758,0.83,0.1642,23,136,159
12520,2012-06-10,2,1,6,20,0,0,0,1,0.76,0.6818,0.48,0.1642,113,250,363
17362,2012-12-31,1,1,12,6,0,1,1,1,0.16,0.1667,0.64,0.1642,0,40,40
148,2011-01-07,1,0,1,10,0,5,1,1,0.22,0.197,0.37,0.3284,16,47,63
1669,2011-03-15,1,0,3,2,0,2,1,1,0.3,0.303,0.62,0.0896,1,2,3
11281,2012-04-20,2,1,4,5,0,5,1,1,0.42,0.4242,0.94,0,1,24,25
16399,2012-11-21,4,1,11,0,0,3,1,1,0.34,0.3636,0.81,0,1,25,26
7651,2011-11-20,4,0,11,9,0,0,0,1,0.44,0.4394,0.72,0.1642,29,109,138
8600,2011-12-30,1,0,12,2,0,5,1,1,0.24,0.2576,0.7,0.1045,2,10,12
11699,2012-05-07,2,1,5,15,0,1,1,2,0.62,0.6212,0.53,0.2985,76,186,262
7789,2011-11-26,4,0,11,3,0,6,0,1,0.3,0.3333,0.81,0,8,9,17
3457,2011-05-28,2,0,5,22,0,6,0,1,0.66,0.6061,0.78,0.2239,46,115,161
14379,2012-08-27,3,1,8,7,0,1,1,1,0.66,0.6061,0.83,0,15,418,433
12375,2012-06-04,2,1,6,19,0,1,1,1,0.62,0.6212,0.38,0.4179,91,554,645
11769,2012-05-10,2,1,5,13,0,4,1,1,0.54,0.5152,0.39,0.4478,90,228,318
3272,2011-05-21,2,0,5,5,0,6,0,1,0.46,0.4545,0.88,0.1045,1,4,5
4941,2011-07-29,3,0,7,18,0,5,1,1,0.92,0.8636,0.37,0.3284,49,313,362
9224,2012-01-25,1,1,1,5,0,3,1,1,0.26,0.2424,0.7,0.2836,0,33,33
14969,2012-09-20,3,1,9,21,0,4,1,1,0.56,0.5303,0.64,0.194,28,246,274
6231,2011-09-22,3,0,9,4,0,4,1,2,0.6,0.5152,0.94,0.0896,0,2,2
14785,2012-09-13,3,1,9,5,0,4,1,1,0.52,0.5,0.83,0,3,54,57
16438,2012-11-22,4,1,11,15,1,4,0,1,0.48,0.4697,0.29,0,132,96,228
13728,2012-07-31,3,1,7,4,0,2,1,1,0.66,0.6061,0.83,0.0896,0,6,6
14803,2012-09-13,3,1,9,23,0,4,1,1,0.58,0.5455,0.73,0.1045,33,137,170
15025,2012-09-23,4,1,9,5,0,0,0,1,0.46,0.4545,0.59,0.2537,1,5,6
9048,2012-01-17,1,1,1,21,0,2,1,1,0.46,0.4545,0.67,0.4627,6,174,180
3927,2011-06-17,2,0,6,12,0,5,1,1,0.7,0.6515,0.65,0.2537,49,194,243
15844,2012-10-27,4,1,10,8,0,6,0,1,0.5,0.4848,0.77,0.2537,26,187,213
8081,2011-12-08,4,0,12,8,0,4,1,1,0.22,0.2121,0.55,0.2836,11,418,429
79,2011-01-04,1,0,1,10,0,2,1,2,0.16,0.1364,0.69,0.3284,5,37,42
7089,2011-10-27,4,0,10,23,0,4,1,1,0.34,0.303,0.61,0.4179,8,60,68
2248,2011-04-08,2,0,4,12,0,5,1,3,0.38,0.3939,0.66,0.2239,29,51,80
16203,2012-11-12,4,1,11,20,1,1,0,2,0.52,0.5,0.77,0.2836,31,273,304
15907,2012-10-31,4,1,10,11,0,3,1,2,0.36,0.3485,0.66,0.2239,37,152,189
776,2011-02-04,1,0,2,18,0,5,1,2,0.24,0.2576,0.6,0.1045,3,152,155
11042,2012-04-10,2,1,4,5,0,2,1,1,0.34,0.3333,0.71,0.1343,0,24,24
16248,2012-11-14,4,1,11,17,0,3,1,1,0.32,0.3182,0.49,0.194,19,564,583
15349,2012-10-06,4,1,10,17,0,6,0,1,0.54,0.5152,0.49,0.3881,268,342,610
7452,2011-11-12,4,0,11,2,0,6,0,1,0.24,0.2576,0.65,0.0896,7,39,46
8981,2012-01-15,1,1,1,1,0,0,0,2,0.16,0.1364,0.47,0.2985,2,40,42
2280,2011-04-09,2,0,4,20,0,6,0,2,0.38,0.3939,0.87,0.1642,19,74,93
8124,2011-12-10,4,0,12,3,0,6,0,2,0.28,0.303,0.61,0.0896,5,20,25
12288,2012-06-01,2,1,6,4,0,5,1,2,0.62,0.5909,0.73,0.0896,1,5,6
3898,2011-06-16,2,0,6,7,0,4,1,3,0.56,0.5303,0.78,0.1642,16,172,188
14922,2012-09-18,3,1,9,22,0,2,1,3,0.58,0.5455,0.83,0.4627,14,137,151
7178,2011-10-31,4,0,10,16,0,1,1,1,0.42,0.4242,0.54,0.1642,30,242,272
9313,2012-01-28,1,1,1,22,0,6,0,1,0.34,0.3333,0.34,0.194,6,97,103
6173,2011-09-19,3,0,9,18,0,1,1,2,0.56,0.5303,0.68,0.1343,56,484,540
3632,2011-06-05,2,0,6,5,0,0,0,2,0.62,0.6061,0.61,0.1343,1,5,6
15990,2012-11-03,4,1,11,22,0,6,0,1,0.32,0.3333,0.57,0.1045,13,133,146
6273,2011-09-23,4,0,9,22,0,5,1,1,0.6,0.5152,0.94,0.1642,31,126,157
8617,2011-12-30,1,0,12,19,0,5,1,2,0.34,0.303,0.49,0.4179,16,96,112
393,2011-01-17,1,0,1,20,1,1,0,3,0.16,0.1515,0.8,0.194,4,29,33
3192,2011-05-17,2,0,5,21,0,2,1,1,0.54,0.5152,0.88,0.2537,23,151,174
17,2011-01-01,1,0,1,16,0,6,0,2,0.42,0.4242,0.82,0.2985,41,52,93
15977,2012-11-03,4,1,11,9,0,6,0,2,0.34,0.303,0.49,0.2985,31,188,219
4201,2011-06-28,3,0,6,22,0,2,1,1,0.7,0.6515,0.7,0.2985,30,104,134
2673,2011-04-26,2,0,4,6,0,2,1,1,0.56,0.5303,0.88,0.2239,0,80,80
17003,2012-12-16,4,1,12,5,0,0,0,2,0.34,0.3636,0.87,0,0,9,9
6165,2011-09-19,3,0,9,10,0,1,1,2,0.56,0.5303,0.64,0.1343,21,84,105
15210,2012-09-30,4,1,9,22,0,0,0,1,0.48,0.4697,0.72,0,15,76,91
3494,2011-05-30,2,0,5,11,1,1,0,1,0.82,0.7727,0.52,0,153,168,321
14237,2012-08-21,3,1,8,9,0,2,1,1,0.64,0.6061,0.69,0,47,281,328
9652,2012-02-12,1,1,2,2,0,0,0,2,0.1,0.0606,0.58,0.5821,1,26,27
15711,2012-10-21,4,1,10,19,0,0,0,1,0.5,0.4848,0.42,0.1642,50,216,266
15789,2012-10-25,4,1,10,1,0,4,1,1,0.58,0.5455,0.68,0,6,22,28
7395,2011-11-09,4,0,11,17,0,3,1,1,0.46,0.4545,0.63,0.1045,27,458,485
4840,2011-07-25,3,0,7,13,0,1,1,2,0.74,0.7121,0.74,0.1343,14,64,78
594,2011-01-27,1,0,1,22,0,4,1,1,0.18,0.2121,0.74,0.0896,0,27,27
12028,2012-05-21,2,1,5,8,0,1,1,3,0.56,0.5303,0.88,0.2537,12,258,270
4720,2011-07-20,3,0,7,13,0,3,1,1,0.84,0.8182,0.56,0.194,23,97,120
13876,2012-08-06,3,1,8,8,0,1,1,2,0.7,0.6667,0.79,0,27,578,605
8738,2012-01-04,1,1,1,21,0,3,1,2,0.2,0.2576,0.44,0,2,88,90
5828,2011-09-05,3,0,9,6,1,1,0,2,0.66,0.6212,0.74,0.1343,6,5,11
10750,2012-03-29,2,1,3,0,0,4,1,1,0.54,0.5152,0.68,0.194,10,38,48
7962,2011-12-03,4,0,12,9,0,6,0,1,0.26,0.2727,0.7,0.1045,25,99,124
12917,2012-06-27,3,1,6,9,0,3,1,1,0.66,0.6212,0.41,0.3582,29,253,282
12471,2012-06-08,2,1,6,19,0,5,1,1,0.74,0.6515,0.3,0.2239,95,460,555
5888,2011-09-07,3,0,9,19,0,3,1,2,0.64,0.5758,0.89,0,14,212,226
2356,2011-04-13,2,0,4,1,0,3,1,2,0.4,0.4091,1,0.2985,0,1,1
6037,2011-09-14,3,0,9,2,0,3,1,1,0.6,0.5606,0.83,0,1,4,5
4799,2011-07-23,3,0,7,20,0,6,0,1,0.82,0.803,0.59,0.2239,47,98,145
10635,2012-03-24,2,1,3,5,0,6,0,2,0.52,0.5,0.83,0.1642,0,4,4
16040,2012-11-06,4,1,11,0,0,2,1,1,0.24,0.2576,0.6,0.1045,1,18,19
4593,2011-07-15,3,0,7,6,0,5,1,2,0.6,0.5909,0.73,0.1045,12,108,120
11235,2012-04-18,2,1,4,7,0,3,1,2,0.5,0.4848,0.39,0.194,10,408,418
8657,2012-01-01,1,1,1,11,0,0,0,1,0.34,0.3333,0.76,0.1343,40,98,138
164,2011-01-08,1,0,1,2,0,6,0,2,0.18,0.2424,0.55,0,3,13,16
672,2011-01-31,1,0,1,7,0,1,1,2,0.16,0.1364,0.64,0.2836,1,71,72
4269,2011-07-01,3,0,7,18,0,5,1,1,0.8,0.6818,0.24,0.2537,98,324,422
14309,2012-08-24,3,1,8,9,0,5,1,2,0.72,0.6667,0.58,0,58,331,389
17205,2012-12-24,1,1,12,16,0,1,1,3,0.24,0.2273,0.87,0.2239,6,27,33
7381,2011-11-09,4,0,11,3,0,3,1,1,0.32,0.3485,0.93,0,0,4,4
14829,2012-09-15,3,1,9,1,0,6,0,1,0.6,0.5909,0.73,0,8,101,109
17345,2012-12-30,1,1,12,13,0,0,0,1,0.3,0.2576,0.36,0.6567,49,120,169
10202,2012-03-06,1,1,3,3,0,2,1,1,0.18,0.1667,0.51,0.2836,0,1,1
6357,2011-09-27,4,0,9,10,0,2,1,3,0.64,0.5606,0.94,0.1642,21,101,122
11277,2012-04-20,2,1,4,1,0,5,1,1,0.46,0.4545,0.82,0.194,3,22,25
14401,2012-08-28,3,1,8,5,0,2,1,2,0.66,0.6061,0.83,0.0896,3,39,42
9093,2012-01-19,1,1,1,18,0,4,1,2,0.26,0.2273,0.44,0.3284,16,345,361
5543,2011-08-23,3,0,8,20,0,2,1,1,0.64,0.6212,0.53,0.2537,54,206,260
6008,2011-09-12,3,0,9,21,0,1,1,1,0.64,0.6061,0.73,0.0896,29,166,195
7994,2011-12-04,4,0,12,17,0,0,0,1,0.38,0.3939,0.76,0.1343,38,207,245
7639,2011-11-19,4,0,11,21,0,6,0,2,0.36,0.3485,0.62,0.194,29,79,108
6794,2011-10-15,4,0,10,15,0,6,0,1,0.62,0.6212,0.31,0.4925,166,211,377
10901,2012-04-04,2,1,4,8,0,3,1,2,0.44,0.4394,0.72,0.1045,31,653,684
7759,2011-11-24,4,0,11,21,1,4,0,1,0.36,0.3485,0.71,0.1642,7,19,26
4838,2011-07-25,3,0,7,11,0,1,1,2,0.84,0.8333,0.59,0.194,24,83,107
2294,2011-04-10,2,0,4,10,0,0,0,2,0.4,0.4091,0.87,0,69,81,150
6549,2011-10-05,4,0,10,10,0,3,1,1,0.56,0.5303,0.56,0.3881,30,103,133
7899,2011-11-30,4,0,11,18,0,3,1,1,0.34,0.303,0.49,0.3284,7,369,376
13886,2012-08-06,3,1,8,18,0,1,1,1,0.82,0.7424,0.41,0.1343,100,743,843
4482,2011-07-10,3,0,7,15,0,0,0,1,0.84,0.7424,0.39,0.2836,142,219,361
13495,2012-07-21,3,1,7,11,0,6,0,2,0.6,0.5606,0.83,0.2537,80,225,305
12798,2012-06-22,3,1,6,10,0,5,1,1,0.8,0.7424,0.52,0.3582,52,133,185
3717,2011-06-08,2,0,6,18,0,3,1,1,0.9,0.8182,0.37,0.2239,61,398,459
10838,2012-04-01,2,1,4,16,0,0,0,1,0.52,0.5,0.52,0.2537,236,275,511
6141,2011-09-18,3,0,9,10,0,0,0,1,0.5,0.4848,0.72,0.1642,82,178,260
9957,2012-02-24,1,1,2,21,0,5,1,1,0.42,0.4242,0.35,0.806,1,151,152
15853,2012-10-27,4,1,10,17,0,6,0,2,0.56,0.5303,0.64,0.2836,248,370,618
1550,2011-03-09,1,0,3,22,0,3,1,3,0.32,0.3182,0.93,0.1642,4,17,21
11222,2012-04-17,2,1,4,18,0,2,1,1,0.64,0.6061,0.25,0.2836,105,670,775
10332,2012-03-11,1,1,3,14,0,0,0,1,0.46,0.4545,0.31,0.2836,212,289,501
14491,2012-08-31,3,1,8,23,0,5,1,1,0.74,0.6818,0.62,0.1045,32,142,174
14855,2012-09-16,3,1,9,3,0,0,0,1,0.5,0.4848,0.68,0,10,38,48
14819,2012-09-14,3,1,9,15,0,5,1,2,0.72,0.6667,0.48,0.1343,94,273,367
2045,2011-03-31,2,0,3,1,0,4,1,3,0.24,0.2273,0.93,0.194,1,4,5
768,2011-02-04,1,0,2,10,0,5,1,2,0.2,0.2121,0.51,0.1343,5,46,51
5694,2011-08-30,3,0,8,16,0,2,1,1,0.74,0.6515,0.37,0.1642,42,295,337
7871,2011-11-29,4,0,11,14,0,2,1,3,0.4,0.4091,0.94,0.194,1,35,36
9701,2012-02-14,1,1,2,3,0,2,1,2,0.26,0.303,0.52,0,0,3,3
7858,2011-11-29,4,0,11,1,0,2,1,1,0.52,0.5,0.83,0.0896,1,16,17
3303,2011-05-22,2,0,5,12,0,0,0,2,0.72,0.6667,0.51,0.194,146,255,401
4518,2011-07-12,3,0,7,3,0,2,1,2,0.7,0.6667,0.79,0,2,6,8
12412,2012-06-06,2,1,6,8,0,3,1,1,0.54,0.5152,0.68,0,31,637,668
16604,2012-11-29,4,1,11,14,0,4,1,1,0.36,0.3485,0.43,0.2239,13,174,187
14966,2012-09-20,3,1,9,18,0,4,1,1,0.6,0.6212,0.56,0.2537,119,781,900
3293,2011-05-22,2,0,5,2,0,0,0,1,0.52,0.5,0.94,0.1045,18,50,68
9012,2012-01-16,1,1,1,8,1,1,0,1,0.1,0.1212,0.58,0.1642,3,75,78
1404,2011-03-03,1,0,3,18,0,4,1,1,0.24,0.2121,0.35,0.3284,6,161,167
1383,2011-03-02,1,0,3,21,0,3,1,1,0.34,0.2879,0.29,0.4627,3,68,71
10341,2012-03-11,1,1,3,23,0,0,0,1,0.4,0.4091,0.5,0.1642,12,40,52
6929,2011-10-21,4,0,10,7,0,5,1,1,0.36,0.3485,0.71,0.1642,5,228,233
5672,2011-08-29,3,0,8,18,0,1,1,1,0.66,0.6212,0.47,0.2537,60,487,547
1639,2011-03-13,1,0,3,19,0,0,0,1,0.36,0.3333,0.5,0.3582,28,73,101
14084,2012-08-15,3,1,8,0,0,3,1,1,0.7,0.6515,0.61,0.194,8,52,60
8801,2012-01-07,1,1,1,12,0,6,0,1,0.4,0.4091,0.43,0.2239,100,276,376
6908,2011-10-20,4,0,10,10,0,4,1,1,0.46,0.4545,0.59,0.4478,25,105,130
8592,2011-12-29,1,0,12,18,0,4,1,1,0.3,0.303,0.56,0.1343,15,192,207
6407,2011-09-29,4,0,9,12,0,4,1,1,0.66,0.6212,0.61,0.1642,38,157,195
9075,2012-01-19,1,1,1,0,0,4,1,1,0.14,0.1364,0.5,0.194,0,16,16
11758,2012-05-10,2,1,5,2,0,4,1,2,0.48,0.4697,0.88,0.1045,0,3,3
12478,2012-06-09,2,1,6,2,0,6,0,1,0.64,0.6212,0.5,0.2239,21,68,89
1180,2011-02-21,1,0,2,22,1,1,0,3,0.2,0.1667,0.75,0.4179,0,11,11
5449,2011-08-19,3,0,8,22,0,5,1,1,0.6,0.5455,0.88,0.1343,25,97,122
12437,2012-06-07,2,1,6,9,0,4,1,1,0.58,0.5455,0.68,0,37,300,337
13411,2012-07-17,3,1,7,23,0,2,1,1,0.78,0.7424,0.59,0.194,22,139,161
15668,2012-10-20,4,1,10,0,0,6,0,1,0.46,0.4545,0.82,0.1343,13,110,123
10323,2012-03-11,1,1,3,5,0,0,0,1,0.24,0.2424,0.6,0.1642,2,5,7
5079,2011-08-04,3,0,8,12,0,4,1,2,0.76,0.7121,0.62,0.2239,53,152,205
8649,2012-01-01,1,1,1,3,0,0,0,1,0.3,0.3333,0.81,0,11,41,52
16104,2012-11-08,4,1,11,17,0,4,1,1,0.4,0.4091,0.2,0.2985,36,556,592
5176,2011-08-08,3,0,8,13,0,1,1,1,0.84,0.7576,0.44,0.2985,43,108,151
10143,2012-03-03,1,1,3,16,0,6,0,1,0.5,0.4848,0.27,0.2985,167,300,467
13565,2012-07-24,3,1,7,9,0,2,1,1,0.84,0.803,0.53,0,40,299,339
690,2011-02-01,1,0,2,1,0,2,1,2,0.16,0.1818,0.69,0.1045,0,3,3
3851,2011-06-14,2,0,6,8,0,2,1,1,0.58,0.5455,0.49,0.3881,45,441,486
6526,2011-10-04,4,0,10,11,0,2,1,1,0.54,0.5152,0.64,0.2836,22,102,124
17239,2012-12-26,1,1,12,3,0,3,1,2,0.24,0.2121,0.7,0.3582,0,2,2
6489,2011-10-02,4,0,10,22,0,0,0,3,0.36,0.3636,0.81,0.0896,9,55,64
10146,2012-03-03,1,1,3,19,0,6,0,1,0.46,0.4545,0.33,0.1642,34,191,225
13829,2012-08-04,3,1,8,9,0,6,0,1,0.78,0.7576,0.65,0.2239,61,217,278
7155,2011-10-30,4,0,10,17,0,0,0,1,0.4,0.4091,0.35,0.1045,54,191,245
15592,2012-10-16,4,1,10,20,0,2,1,1,0.46,0.4545,0.55,0,35,397,432
6611,2011-10-08,4,0,10,0,0,6,0,1,0.48,0.4697,0.72,0,17,72,89
10903,2012-04-04,2,1,4,10,0,3,1,2,0.54,0.5152,0.45,0.1343,68,99,167
15881,2012-10-28,4,1,10,21,0,0,0,3,0.44,0.4394,0.88,0.4179,2,44,46
15923,2012-11-01,4,1,11,3,0,4,1,1,0.34,0.3333,0.61,0.1343,5,10,15
4350,2011-07-05,3,0,7,3,0,2,1,1,0.66,0.6212,0.74,0.2239,1,7,8
12331,2012-06-02,2,1,6,23,0,6,0,1,0.56,0.5303,0.52,0.1045,53,185,238
1885,2011-03-24,2,0,3,7,0,4,1,3,0.26,0.2576,1,0.2239,2,106,108
16212,2012-11-13,4,1,11,5,0,2,1,2,0.34,0.3182,0.87,0.2836,0,18,18
16867,2012-12-10,4,1,12,13,0,1,1,3,0.44,0.4394,1,0.2239,30,190,220
2495,2011-04-18,2,0,4,20,0,1,1,1,0.6,0.6212,0.33,0.2985,29,136,165
5948,2011-09-10,3,0,9,8,0,6,0,1,0.62,0.5758,0.83,0.1642,16,103,119
3037,2011-05-11,2,0,5,10,0,3,1,1,0.54,0.5152,0.68,0.0896,30,124,154
5778,2011-09-03,3,0,9,4,0,6,0,1,0.62,0.5909,0.73,0.1642,3,4,7
11796,2012-05-11,2,1,5,16,0,5,1,1,0.62,0.6061,0.25,0.3284,128,397,525
846,2011-02-07,1,0,2,16,0,1,1,2,0.36,0.3485,0.57,0.1343,16,98,114
8735,2012-01-04,1,1,1,18,0,3,1,2,0.2,0.2121,0.37,0.1343,9,280,289
11917,2012-05-16,2,1,5,17,0,3,1,1,0.72,0.6667,0.51,0.194,104,769,873
12380,2012-06-05,2,1,6,0,0,2,1,1,0.54,0.5152,0.68,0.4179,6,28,34
11872,2012-05-14,2,1,5,20,0,1,1,2,0.58,0.5455,0.88,0.194,11,178,189
12416,2012-06-06,2,1,6,12,0,3,1,1,0.62,0.6212,0.38,0,80,235,315
7968,2011-12-03,4,0,12,15,0,6,0,1,0.38,0.3939,0.46,0,100,237,337
15725,2012-10-22,4,1,10,9,0,1,1,1,0.46,0.4545,0.63,0.0896,25,335,360
14268,2012-08-22,3,1,8,16,0,3,1,3,0.74,0.6818,0.55,0.2239,102,358,460
7341,2011-11-07,4,0,11,11,0,1,1,1,0.42,0.4242,0.77,0.1045,28,100,128
13892,2012-08-07,3,1,8,0,0,2,1,1,0.7,0.6667,0.84,0.194,15,32,47
537,2011-01-24,1,0,1,12,0,1,1,2,0.12,0.1364,0.42,0.194,11,52,63
15338,2012-10-06,4,1,10,6,0,6,0,1,0.54,0.5152,0.88,0.2537,2,28,30
7138,2011-10-30,4,0,10,0,0,0,0,1,0.22,0.2121,0.87,0.2239,7,47,54
2965,2011-05-08,2,0,5,10,0,0,0,1,0.58,0.5455,0.49,0.1343,91,153,244
2530,2011-04-20,2,0,4,7,0,3,1,1,0.44,0.4394,0.94,0,26,211,237
5773,2011-09-02,3,0,9,23,0,5,1,2,0.64,0.6061,0.73,0.1642,30,68,98
1049,2011-02-16,1,0,2,10,0,3,1,1,0.26,0.2273,0.41,0.3881,14,55,69
7046,2011-10-26,4,0,10,4,0,3,1,1,0.42,0.4242,0.71,0.2537,0,5,5
1961,2011-03-27,2,0,3,12,0,0,0,2,0.26,0.2576,0.44,0.2239,43,120,163
2531,2011-04-20,2,0,4,8,0,3,1,1,0.62,0.6061,0.69,0.4627,22,374,396
11139,2012-04-14,2,1,4,7,0,6,0,1,0.36,0.3636,0.71,0.1045,8,56,64
14717,2012-09-10,3,1,9,9,0,1,1,1,0.6,0.6212,0.53,0.2985,40,321,361
8430,2011-12-22,1,0,12,21,0,4,1,3,0.42,0.4242,0.71,0,2,15,17
4918,2011-07-28,3,0,7,19,0,4,1,1,0.82,0.803,0.59,0.194,37,285,322
14672,2012-09-08,3,1,9,12,0,6,0,1,0.8,0.7576,0.55,0.4925,220,474,694
9326,2012-01-29,1,1,1,11,0,0,0,1,0.28,0.2727,0.28,0.2239,57,198,255
5902,2011-09-08,3,0,9,10,0,4,1,2,0.64,0.5606,0.94,0.1045,8,57,65
8287,2011-12-16,4,0,12,22,0,5,1,2,0.3,0.303,0.49,0.1642,6,100,106
4260,2011-07-01,3,0,7,9,0,5,1,1,0.74,0.6515,0.35,0.1642,58,202,260
13601,2012-07-25,3,1,7,21,0,3,1,1,0.72,0.6515,0.45,0.1343,71,326,397
14589,2012-09-05,3,1,9,1,0,3,1,1,0.7,0.6667,0.84,0.194,2,11,13
15890,2012-10-30,4,1,10,18,0,2,1,3,0.3,0.303,0.87,0.1343,4,139,143
16017,2012-11-05,4,1,11,1,0,1,1,2,0.3,0.303,0.56,0.1642,0,8,8
5657,2011-08-29,3,0,8,3,0,1,1,1,0.6,0.5909,0.69,0.1045,1,5,6
12554,2012-06-12,2,1,6,6,0,2,1,2,0.6,0.5455,0.88,0.1343,6,130,136
6098,2011-09-16,3,0,9,15,0,5,1,2,0.54,0.5152,0.45,0.2239,38,165,203
5908,2011-09-08,3,0,9,16,0,4,1,3,0.64,0.5606,0.94,0.2836,5,151,156
7374,2011-11-08,4,0,11,20,0,2,1,1,0.4,0.4091,0.76,0,12,169,181
2979,2011-05-09,2,0,5,0,0,1,1,1,0.46,0.4545,0.82,0.0896,31,22,53
4226,2011-06-29,3,0,6,23,0,3,1,1,0.68,0.6364,0.47,0.194,32,97,129
7003,2011-10-24,4,0,10,9,0,1,1,2,0.44,0.4394,0.82,0.1642,29,166,195
6722,2011-10-12,4,0,10,15,0,3,1,3,0.54,0.5152,0.94,0.2537,3,42,45
7843,2011-11-28,4,0,11,10,0,1,1,2,0.48,0.4697,0.77,0.1343,21,86,107
16769,2012-12-06,4,1,12,11,0,4,1,1,0.26,0.2576,0.48,0.1642,16,162,178
12687,2012-06-17,2,1,6,19,0,0,0,1,0.64,0.6212,0.53,0.1642,146,244,390
8265,2011-12-16,4,0,12,0,0,5,1,1,0.5,0.4848,0.72,0.3284,12,60,72
16287,2012-11-16,4,1,11,8,0,5,1,2,0.32,0.3333,0.57,0.1343,17,694,711
13236,2012-07-10,3,1,7,16,0,2,1,1,0.8,0.7273,0.43,0.2239,89,346,435
12112,2012-05-24,2,1,5,20,0,4,1,2,0.66,0.6212,0.69,0.2836,55,343,398
3139,2011-05-15,2,0,5,16,0,0,0,1,0.64,0.6061,0.69,0.2537,158,282,440
8326,2011-12-18,4,0,12,13,0,0,0,1,0.3,0.2727,0.49,0.2985,18,210,228
17320,2012-12-29,1,1,12,12,0,6,0,3,0.2,0.2424,1,0,5,43,48
13982,2012-08-10,3,1,8,18,0,5,1,1,0.76,0.7121,0.62,0.2985,88,552,640
12266,2012-05-31,2,1,5,6,0,4,1,1,0.6,0.5909,0.73,0.2239,7,171,178
16749,2012-12-05,4,1,12,15,0,3,1,1,0.48,0.4697,0.33,0.2836,20,265,285
11422,2012-04-26,2,1,4,2,0,4,1,2,0.48,0.4697,0.55,0.1045,3,10,13
1827,2011-03-21,2,0,3,20,0,1,1,1,0.56,0.5303,0.64,0.194,16,106,122
5549,2011-08-24,3,0,8,2,0,3,1,1,0.58,0.5455,0.68,0.1343,2,4,6
8786,2012-01-06,1,1,1,21,0,5,1,1,0.4,0.4091,0.43,0.2239,17,137,154
10918,2012-04-05,2,1,4,1,0,4,1,1,0.48,0.4697,0.27,0.3284,4,9,13
12330,2012-06-02,2,1,6,22,0,6,0,1,0.58,0.5455,0.46,0.1343,52,176,228
561,2011-01-25,1,0,1,13,0,2,1,2,0.26,0.2727,0.56,0.1343,21,72,93
16347,2012-11-18,4,1,11,20,0,0,0,1,0.36,0.3485,0.66,0.1642,9,120,129
12778,2012-06-21,3,1,6,14,0,4,1,1,0.88,0.7879,0.37,0.1642,27,149,176
8436,2011-12-23,1,0,12,3,0,5,1,3,0.38,0.3939,0.94,0.1343,0,4,4
5436,2011-08-19,3,0,8,9,0,5,1,1,0.7,0.6515,0.65,0.1343,31,187,218
4438,2011-07-08,3,0,7,19,0,5,1,1,0.66,0.6061,0.83,0.0896,45,225,270
10383,2012-03-13,1,1,3,17,0,2,1,1,0.7,0.6364,0.37,0.1045,62,614,676
8598,2011-12-30,1,0,12,0,0,5,1,1,0.28,0.2879,0.7,0.1343,4,26,30
1443,2011-03-05,1,0,3,9,0,6,0,2,0.32,0.303,0.93,0.2239,15,48,63
8454,2011-12-23,1,0,12,21,0,5,1,1,0.32,0.303,0.61,0.2239,0,32,32
4407,2011-07-07,3,0,7,12,0,4,1,1,0.84,0.7727,0.41,0,32,139,171
16992,2012-12-15,4,1,12,18,0,6,0,1,0.38,0.3939,0.58,0.1642,40,232,272
1690,2011-03-16,1,0,3,0,0,3,1,3,0.3,0.2879,0.93,0.2537,0,8,8
17274,2012-12-27,1,1,12,14,0,4,1,2,0.26,0.2121,0.56,0.5224,25,94,119
9918,2012-02-23,1,1,2,6,0,4,1,1,0.36,0.3485,0.87,0.194,3,88,91
16517,2012-11-25,4,1,11,22,0,0,0,1,0.24,0.2879,0.6,0,3,59,62
13123,2012-07-05,3,1,7,23,0,4,1,1,0.8,0.7576,0.55,0.1642,32,99,131
5963,2011-09-10,3,0,9,23,0,6,0,2,0.62,0.5606,0.88,0,32,107,139
2497,2011-04-18,2,0,4,22,0,1,1,1,0.52,0.5,0.55,0.2836,9,81,90
15097,2012-09-26,4,1,9,5,0,3,1,1,0.56,0.5303,0.73,0.2239,1,35,36
14299,2012-08-23,3,1,8,23,0,4,1,2,0.66,0.6212,0.69,0,24,133,157
15167,2012-09-29,4,1,9,3,0,6,0,2,0.52,0.5,0.59,0.194,4,25,29
341,2011-01-15,1,0,1,16,0,6,0,2,0.34,0.3333,0.34,0.194,33,95,128
2409,2011-04-15,2,0,4,6,1,5,0,1,0.36,0.3636,0.81,0.0896,5,42,47
9794,2012-02-18,1,1,2,0,0,6,0,1,0.34,0.3333,0.42,0.1642,5,81,86
15085,2012-09-25,4,1,9,17,0,2,1,1,0.66,0.6212,0.39,0.2836,107,860,967
15478,2012-10-12,4,1,10,2,0,5,1,1,0.4,0.4091,0.66,0.0896,0,16,16
5783,2011-09-03,3,0,9,9,0,6,0,2,0.66,0.6212,0.69,0.2537,83,118,201
4577,2011-07-14,3,0,7,14,0,4,1,1,0.74,0.6515,0.35,0.2836,49,129,178
3726,2011-06-09,2,0,6,3,0,4,1,2,0.72,0.7121,0.84,0.1045,0,2,2
10749,2012-03-28,2,1,3,23,0,3,1,1,0.54,0.5152,0.68,0.1343,12,81,93
2786,2011-04-30,2,0,4,23,0,6,0,1,0.44,0.4394,0.67,0.1045,34,91,125
9716,2012-02-14,1,1,2,18,0,2,1,2,0.38,0.3939,0.46,0.2985,8,398,406
15954,2012-11-02,4,1,11,10,0,5,1,1,0.38,0.3939,0.46,0.2985,21,183,204
16883,2012-12-11,4,1,12,5,0,2,1,3,0.34,0.303,0.71,0.3284,1,40,41
1013,2011-02-14,1,0,2,20,0,1,1,1,0.36,0.3182,0.46,0.4627,5,65,70
5281,2011-08-12,3,0,8,22,0,5,1,1,0.68,0.6364,0.51,0,74,157,231
4896,2011-07-27,3,0,7,21,0,3,1,1,0.74,0.6667,0.48,0.1045,49,196,245
9959,2012-02-24,1,1,2,23,0,5,1,1,0.38,0.3939,0.37,0.6866,10,76,86
12744,2012-06-20,2,1,6,4,0,3,1,1,0.66,0.6061,0.83,0.0896,1,6,7
7122,2011-10-29,4,0,10,8,0,6,0,3,0.28,0.2576,0.87,0.3582,4,16,20
6550,2011-10-05,4,0,10,11,0,3,1,1,0.6,0.6212,0.46,0.2836,32,138,170
4038,2011-06-22,3,0,6,3,0,3,1,1,0.66,0.6061,0.78,0.1343,0,7,7
15742,2012-10-23,4,1,10,2,0,2,1,1,0.44,0.4394,0.88,0.1343,1,6,7
149,2011-01-07,1,0,1,11,0,5,1,2,0.2,0.197,0.4,0.2239,19,48,67
286,2011-01-13,1,0,1,8,0,4,1,1,0.14,0.1364,0.5,0.194,5,197,202
17094,2012-12-20,4,1,12,0,0,4,1,1,0.32,0.3333,0.61,0.1343,2,40,42
8556,2011-12-28,1,0,12,6,0,3,1,1,0.32,0.303,0.57,0.2537,1,42,43
13560,2012-07-24,3,1,7,4,0,2,1,1,0.66,0.6061,0.83,0.0896,0,6,6
12136,2012-05-25,2,1,5,20,0,5,1,1,0.7,0.6515,0.65,0.1642,80,270,350
15570,2012-10-15,4,1,10,22,0,1,1,1,0.5,0.4848,0.59,0.2836,8,118,126
9733,2012-02-15,1,1,2,11,0,3,1,1,0.36,0.3333,0.53,0.2836,13,125,138
12918,2012-06-27,3,1,6,10,0,3,1,1,0.7,0.6364,0.37,0.2537,34,138,172
6771,2011-10-14,4,0,10,16,0,5,1,1,0.6,0.6212,0.43,0.2239,80,264,344
4444,2011-07-09,3,0,7,1,0,6,0,2,0.64,0.5758,0.89,0.1045,5,48,53
7447,2011-11-11,4,0,11,21,1,5,0,1,0.3,0.303,0.45,0.1642,4,79,83
237,2011-01-11,1,0,1,5,0,2,1,2,0.16,0.1818,0.55,0.1343,0,6,6
17040,2012-12-17,4,1,12,18,0,1,1,2,0.4,0.4091,0.94,0.0896,14,493,507
10755,2012-03-29,2,1,3,5,0,4,1,1,0.5,0.4848,0.45,0.2239,2,30,32
7124,2011-10-29,4,0,10,10,0,6,0,3,0.26,0.2273,0.93,0.3284,0,12,12
15475,2012-10-11,4,1,10,23,0,4,1,1,0.42,0.4242,0.58,0.0896,10,176,186
10124,2012-03-02,1,1,3,21,0,5,1,3,0.36,0.3636,0.87,0.0896,2,99,101
13712,2012-07-30,3,1,7,12,0,1,1,2,0.76,0.7121,0.58,0.1045,77,201,278
12945,2012-06-28,3,1,6,13,0,4,1,1,0.86,0.7424,0.26,0.2239,31,205,236
3084,2011-05-13,2,0,5,9,0,5,1,2,0.5,0.4848,0.88,0.194,18,215,233
17032,2012-12-17,4,1,12,10,0,1,1,2,0.38,0.3939,0.87,0.0896,15,120,135
10295,2012-03-10,1,1,3,0,0,6,0,1,0.3,0.2727,0.36,0.3582,9,68,77
633,2011-01-29,1,0,1,15,0,6,0,1,0.22,0.2121,0.69,0.2537,22,98,120
6814,2011-10-16,4,0,10,11,0,0,0,1,0.56,0.5303,0.35,0.2836,159,218,377
2494,2011-04-18,2,0,4,19,0,1,1,1,0.56,0.5303,0.46,0.2537,42,244,286
2666,2011-04-25,2,0,4,23,0,1,1,1,0.58,0.5455,0.78,0.2836,9,53,62
15741,2012-10-23,4,1,10,1,0,2,1,1,0.46,0.4545,0.77,0.1642,1,16,17
12599,2012-06-14,2,1,6,3,0,4,1,2,0.62,0.6212,0.53,0.2836,1,4,5
15845,2012-10-27,4,1,10,9,0,6,0,1,0.5,0.4848,0.77,0.2537,88,240,328
15593,2012-10-16,4,1,10,21,0,2,1,1,0.46,0.4545,0.63,0,19,176,195
10527,2012-03-19,1,1,3,17,0,1,1,1,0.64,0.6212,0.53,0.2239,106,615,721
10061,2012-02-29,1,1,2,6,0,3,1,2,0.28,0.303,0.75,0.0896,4,100,104
14789,2012-09-13,3,1,9,9,0,4,1,1,0.6,0.6061,0.64,0.0896,46,292,338
11812,2012-05-12,2,1,5,8,0,6,0,1,0.52,0.5,0.48,0,22,156,178
13754,2012-08-01,3,1,8,6,0,3,1,1,0.64,0.5909,0.78,0.1343,6,179,185
12076,2012-05-23,2,1,5,8,0,3,1,1,0.58,0.5455,0.83,0,38,681,719
15701,2012-10-21,4,1,10,9,0,0,0,1,0.46,0.4545,0.55,0.1642,77,192,269
4212,2011-06-29,3,0,6,9,0,3,1,1,0.72,0.6515,0.45,0.3881,32,189,221
14110,2012-08-16,3,1,8,2,0,4,1,1,0.64,0.6061,0.69,0.194,0,15,15
9687,2012-02-13,1,1,2,13,0,1,1,1,0.32,0.303,0.22,0.2239,11,129,140
10594,2012-03-22,2,1,3,12,0,4,1,2,0.54,0.5152,0.88,0.194,48,224,272
3875,2011-06-15,2,0,6,8,0,3,1,1,0.58,0.5455,0.53,0.1343,53,445,498
9425,2012-02-02,1,1,2,14,0,4,1,1,0.4,0.4091,0.76,0.1045,12,129,141
10854,2012-04-02,2,1,4,9,0,1,1,1,0.38,0.3939,0.54,0.3582,52,265,317
2818,2011-05-02,2,0,5,7,0,1,1,2,0.46,0.4545,0.82,0.3284,16,193,209
15295,2012-10-04,4,1,10,11,0,4,1,2,0.7,0.6515,0.7,0.1045,38,176,214
17086,2012-12-19,4,1,12,16,0,3,1,1,0.42,0.4242,0.5,0.3582,37,297,334
5250,2011-08-11,3,0,8,15,0,4,1,1,0.8,0.697,0.29,0.2985,52,126,178
8534,2011-12-27,1,0,12,7,0,2,1,2,0.3,0.2879,0.65,0.2836,1,79,80
7427,2011-11-11,4,0,11,1,1,5,0,1,0.32,0.303,0.57,0.3284,3,16,19
12346,2012-06-03,2,1,6,14,0,0,0,1,0.68,0.6364,0.36,0.3284,267,411,678
15955,2012-11-02,4,1,11,11,0,5,1,1,0.42,0.4242,0.41,0.4179,42,179,221
16047,2012-11-06,4,1,11,7,0,2,1,1,0.2,0.2121,0.69,0.1642,9,378,387
11254,2012-04-19,2,1,4,2,0,4,1,2,0.42,0.4242,0.77,0,2,4,6
16718,2012-12-04,4,1,12,8,0,2,1,2,0.44,0.4394,0.88,0.1642,21,700,721
9778,2012-02-17,1,1,2,8,0,5,1,2,0.26,0.303,1,0,4,516,520
1736,2011-03-17,1,0,3,23,0,4,1,1,0.42,0.4242,0.62,0.2836,7,43,50
7398,2011-11-09,4,0,11,20,0,3,1,1,0.44,0.4394,0.77,0,18,201,219
11016,2012-04-09,2,1,4,3,0,1,1,1,0.44,0.4394,0.3,0.1642,0,3,3
14485,2012-08-31,3,1,8,17,0,5,1,1,0.88,0.7727,0.32,0.1642,129,488,617
4256,2011-07-01,3,0,7,5,0,5,1,1,0.6,0.6061,0.64,0.1343,3,27,30
15333,2012-10-06,4,1,10,1,0,6,0,1,0.56,0.5303,0.83,0.2537,25,116,141
2476,2011-04-18,2,0,4,1,0,1,1,1,0.46,0.4545,0.47,0.1343,11,8,19
10757,2012-03-29,2,1,3,7,0,4,1,1,0.46,0.4545,0.51,0.3582,14,353,367
17363,2012-12-31,1,1,12,7,0,1,1,1,0.16,0.1818,0.64,0.1343,2,83,85
3714,2011-06-08,2,0,6,15,0,3,1,1,0.92,0.8788,0.4,0.1642,28,100,128
15164,2012-09-29,4,1,9,0,0,6,0,1,0.54,0.5152,0.6,0.2239,15,134,149
6705,2011-10-11,4,0,10,22,0,2,1,2,0.56,0.5303,0.83,0.194,27,120,147
1805,2011-03-20,1,0,3,21,0,0,0,2,0.34,0.3182,0.53,0.2836,10,39,49
708,2011-02-01,1,0,2,20,0,2,1,2,0.22,0.2273,0.87,0.1343,5,69,74
11239,2012-04-18,2,1,4,11,0,3,1,3,0.46,0.4545,0.47,0.2537,14,105,119
16708,2012-12-03,4,1,12,22,0,1,1,1,0.42,0.4242,0.82,0.1045,5,139,144
5190,2011-08-09,3,0,8,3,0,2,1,1,0.72,0.6818,0.62,0,0,3,3
16140,2012-11-10,4,1,11,5,0,6,0,1,0.28,0.3182,0.87,0,1,9,10
5473,2011-08-20,3,0,8,22,0,6,0,2,0.7,0.6667,0.74,0.194,77,146,223
14984,2012-09-21,3,1,9,12,0,5,1,1,0.68,0.6364,0.57,0.1642,84,305,389
73,2011-01-04,1,0,1,4,0,2,1,1,0.14,0.1818,0.63,0.0896,0,2,2
14211,2012-08-20,3,1,8,7,0,1,1,2,0.62,0.5909,0.78,0.1343,15,427,442
7844,2011-11-28,4,0,11,11,0,1,1,2,0.52,0.5,0.68,0.1045,11,107,118
12641,2012-06-15,2,1,6,21,0,5,1,1,0.66,0.6212,0.5,0.1045,83,250,333
14053,2012-08-13,3,1,8,17,0,1,1,1,0.8,0.7121,0.36,0.1642,102,716,818
13032,2012-07-02,3,1,7,4,0,1,1,2,0.72,0.6667,0.54,0.2985,2,10,12
17096,2012-12-20,4,1,12,2,0,4,1,1,0.32,0.3485,0.66,0,2,6,8
5102,2011-08-05,3,0,8,11,0,5,1,2,0.76,0.697,0.52,0.2537,44,103,147
6765,2011-10-14,4,0,10,10,0,5,1,3,0.54,0.5152,0.88,0.3582,17,108,125
9383,2012-01-31,1,1,1,20,0,2,1,1,0.4,0.4091,0.58,0.1045,15,223,238
14624,2012-09-06,3,1,9,12,0,4,1,2,0.72,0.697,0.79,0.2239,11,126,137
10794,2012-03-30,2,1,3,20,0,5,1,1,0.4,0.4091,0.62,0.1642,17,192,209
1126,2011-02-19,1,0,2,15,0,6,0,1,0.44,0.4394,0.16,0.7463,84,87,171
1242,2011-02-24,1,0,2,20,0,4,1,2,0.34,0.303,0.93,0.3582,2,87,89
17293,2012-12-28,1,1,12,9,0,5,1,2,0.24,0.2121,0.6,0.2836,18,173,191
11795,2012-05-11,2,1,5,15,0,5,1,1,0.62,0.6061,0.25,0.194,140,299,439
2350,2011-04-12,2,0,4,19,0,2,1,2,0.42,0.4242,0.82,0.2836,3,127,130
16006,2012-11-04,4,1,11,14,0,0,0,1,0.4,0.4091,0.4,0.194,149,360,509
11544,2012-05-01,2,1,5,4,0,2,1,2,0.52,0.5,0.72,0.0896,1,7,8
13287,2012-07-12,3,1,7,19,0,4,1,1,0.74,0.6667,0.48,0.2239,97,532,629
6603,2011-10-07,4,0,10,16,0,5,1,1,0.64,0.6212,0.44,0,73,346,419
12201,2012-05-28,2,1,5,13,1,1,0,1,0.8,0.7879,0.63,0.2836,272,284,556
6781,2011-10-15,4,0,10,2,0,6,0,1,0.46,0.4545,0.59,0.194,17,39,56
9770,2012-02-17,1,1,2,0,0,5,1,2,0.3,0.3333,0.87,0,2,32,34
12099,2012-05-24,2,1,5,7,0,4,1,1,0.6,0.5606,0.83,0.1045,22,393,415
11922,2012-05-16,2,1,5,22,0,3,1,1,0.64,0.6061,0.73,0.1642,33,253,286
4359,2011-07-05,3,0,7,12,0,2,1,1,0.8,0.7273,0.43,0.1045,71,130,201
14115,2012-08-16,3,1,8,7,0,4,1,1,0.64,0.6061,0.69,0.2239,16,448,464
1344,2011-03-01,1,0,3,6,0,2,1,1,0.2,0.1818,0.59,0.2985,0,46,46
17366,2012-12-31,1,1,12,10,0,1,1,2,0.2,0.2121,0.69,0.1343,33,87,120
16109,2012-11-08,4,1,11,22,0,4,1,1,0.34,0.303,0.42,0.2985,14,147,161
7422,2011-11-10,4,0,11,20,0,4,1,2,0.36,0.3333,0.62,0.2836,8,160,168
8633,2011-12-31,1,0,12,11,0,6,0,1,0.42,0.4242,0.71,0.1642,65,152,217
6653,2011-10-09,4,0,10,18,0,0,0,1,0.64,0.6212,0.5,0.1045,186,228,414
1101,2011-02-18,1,0,2,14,0,5,1,1,0.66,0.6212,0.36,0.2985,73,118,191
10830,2012-04-01,2,1,4,8,0,0,0,2,0.36,0.3636,0.76,0.0896,37,88,125
9161,2012-01-22,1,1,1,14,0,0,0,2,0.16,0.1667,0.8,0.1642,19,163,182
8842,2012-01-09,1,1,1,5,0,1,1,2,0.2,0.2273,0.64,0.0896,0,21,21
9739,2012-02-15,1,1,2,17,0,3,1,1,0.42,0.4242,0.38,0.194,17,470,487
7328,2011-11-06,4,0,11,22,0,0,0,1,0.36,0.3788,0.87,0,5,40,45
7623,2011-11-19,4,0,11,5,0,6,0,1,0.24,0.2273,0.56,0.2537,0,2,2
988,2011-02-13,1,0,2,19,0,0,0,1,0.4,0.4091,0.35,0.2836,11,50,61
10659,2012-03-25,2,1,3,5,0,0,0,2,0.4,0.4091,1,0.2537,0,6,6
2853,2011-05-03,2,0,5,18,0,2,1,1,0.7,0.6515,0.48,0.4179,59,485,544
11696,2012-05-07,2,1,5,12,0,1,1,2,0.56,0.5303,0.68,0.2239,74,189,263
8854,2012-01-09,1,1,1,17,0,1,1,3,0.22,0.2727,0.87,0,5,147,152
14997,2012-09-22,3,1,9,1,0,6,0,1,0.58,0.5455,0.83,0.2985,18,106,124
631,2011-01-29,1,0,1,13,0,6,0,2,0.22,0.2273,0.55,0.1642,9,56,65
12961,2012-06-29,3,1,6,5,0,5,1,1,0.7,0.6515,0.61,0.1045,6,39,45
1250,2011-02-25,1,0,2,5,0,5,1,2,0.32,0.3333,0.93,0.1045,1,5,6
3180,2011-05-17,2,0,5,9,0,2,1,2,0.54,0.5152,0.88,0.2537,17,190,207
483,2011-01-22,1,0,1,3,0,6,0,2,0.04,0.0303,0.41,0.2836,1,6,7
9777,2012-02-17,1,1,2,7,0,5,1,2,0.28,0.2879,0.93,0.1045,4,222,226
15023,2012-09-23,4,1,9,3,0,0,0,1,0.48,0.4697,0.55,0.2985,13,41,54
12869,2012-06-25,3,1,6,9,0,1,1,1,0.7,0.6515,0.65,0.194,37,231,268
14578,2012-09-04,3,1,9,14,0,2,1,1,0.8,0.7576,0.55,0.4179,72,202,274
9655,2012-02-12,1,1,2,5,0,0,0,1,0.1,0.0758,0.49,0.3881,0,3,3
3041,2011-05-11,2,0,5,14,0,3,1,1,0.62,0.6212,0.53,0.0896,36,141,177
5011,2011-08-01,3,0,8,16,0,1,1,1,0.9,0.7879,0.27,0,34,197,231
16209,2012-11-13,4,1,11,2,0,2,1,3,0.36,0.3182,0.87,0.4478,7,4,11
7001,2011-10-24,4,0,10,7,0,1,1,2,0.38,0.3939,0.94,0.1045,11,274,285
3274,2011-05-21,2,0,5,7,0,6,0,1,0.54,0.5152,0.73,0.1343,10,33,43
7228,2011-11-02,4,0,11,18,0,3,1,1,0.42,0.4242,0.71,0.1642,31,448,479
3684,2011-06-07,2,0,6,9,0,2,1,2,0.72,0.6667,0.58,0.2239,27,190,217
6675,2011-10-10,4,0,10,16,1,1,0,2,0.7,0.6364,0.45,0.0896,154,248,402
6808,2011-10-16,4,0,10,5,0,0,0,1,0.42,0.4242,0.54,0.1642,1,6,7
12338,2012-06-03,2,1,6,6,0,0,0,1,0.46,0.4545,0.82,0.1045,6,16,22
17164,2012-12-22,1,1,12,22,0,6,0,1,0.22,0.2121,0.51,0.2836,1,38,39
1317,2011-02-28,1,0,2,1,0,1,1,3,0.34,0.303,0.87,0.3582,1,7,8
13147,2012-07-06,3,1,7,23,0,5,1,1,0.8,0.7879,0.63,0.1045,27,137,164
3226,2011-05-19,2,0,5,7,0,4,1,2,0.5,0.4848,1,0,18,239,257
1073,2011-02-17,1,0,2,10,0,4,1,1,0.38,0.3939,0.54,0.194,18,70,88
4816,2011-07-24,3,0,7,13,0,0,0,1,0.86,0.803,0.47,0.2239,90,162,252
15670,2012-10-20,4,1,10,2,0,6,0,1,0.44,0.4394,0.77,0.1045,9,69,78
10824,2012-04-01,2,1,4,2,0,0,0,2,0.36,0.3485,0.76,0.1642,20,61,81
15018,2012-09-22,3,1,9,22,0,6,0,1,0.62,0.6212,0.57,0.194,59,180,239
9853,2012-02-20,1,1,2,12,1,1,0,1,0.28,0.2727,0.45,0.2239,65,216,281
5753,2011-09-02,3,0,9,3,0,5,1,2,0.6,0.5606,0.83,0.1642,4,4,8
10618,2012-03-23,2,1,3,12,0,5,1,2,0.66,0.6212,0.61,0.2239,199,272,471
13272,2012-07-12,3,1,7,4,0,4,1,1,0.64,0.6061,0.73,0.1045,0,5,5
16659,2012-12-01,4,1,12,21,0,6,0,2,0.3,0.3333,0.87,0,23,135,158
14095,2012-08-15,3,1,8,11,0,3,1,2,0.74,0.6818,0.58,0.194,80,155,235
4617,2011-07-16,3,0,7,6,0,6,0,1,0.6,0.5758,0.78,0.1642,16,21,37
3098,2011-05-13,2,0,5,23,0,5,1,3,0.5,0.4848,0.88,0.1642,31,88,119
12169,2012-05-27,2,1,5,5,0,0,0,1,0.62,0.5758,0.83,0.194,2,5,7
16918,2012-12-12,4,1,12,16,0,3,1,2,0.34,0.3333,0.46,0.1343,19,310,329
6870,2011-10-18,4,0,10,19,0,2,1,1,0.56,0.5303,0.6,0.1045,31,286,317
1301,2011-02-27,1,0,2,9,0,0,0,1,0.28,0.303,0.87,0.0896,17,42,59
7286,2011-11-05,4,0,11,4,0,6,0,1,0.28,0.2576,0.56,0.3284,3,5,8
15223,2012-10-01,4,1,10,11,0,1,1,1,0.58,0.5455,0.46,0,76,196,272
6285,2011-09-24,4,0,9,10,0,6,0,2,0.6,0.5455,0.88,0.0896,90,203,293
15608,2012-10-17,4,1,10,12,0,3,1,2,0.52,0.5,0.48,0.1642,71,261,332
14895,2012-09-17,3,1,9,19,0,1,1,2,0.62,0.5909,0.73,0.1045,51,435,486
13674,2012-07-28,3,1,7,22,0,6,0,1,0.66,0.6061,0.78,0.0896,88,188,276
9901,2012-02-22,1,1,2,13,0,3,1,1,0.42,0.4242,0.54,0.2985,15,175,190
5496,2011-08-21,3,0,8,21,0,0,0,1,0.7,0.6667,0.79,0.2537,45,93,138
5292,2011-08-13,3,0,8,9,0,6,0,2,0.7,0.6667,0.74,0.1642,70,138,208
9601,2012-02-09,1,1,2,23,0,4,1,2,0.3,0.3333,0.52,0,9,75,84
10038,2012-02-28,1,1,2,6,0,2,1,1,0.3,0.2727,0.45,0.3284,1,100,101
1799,2011-03-20,1,0,3,15,0,0,0,1,0.4,0.4091,0.32,0.0896,172,136,308
12150,2012-05-26,2,1,5,10,0,6,0,1,0.68,0.6364,0.79,0.2239,181,256,437
9668,2012-02-12,1,1,2,18,0,0,0,1,0.16,0.1212,0.4,0.4627,4,92,96
5204,2011-08-09,3,0,8,17,0,2,1,1,0.8,0.7576,0.55,0.1642,79,453,532
8228,2011-12-14,4,0,12,11,0,3,1,2,0.34,0.3636,0.55,0,12,103,115
5048,2011-08-03,3,0,8,5,0,3,1,2,0.76,0.697,0.55,0.0896,2,22,24
6442,2011-09-30,4,0,9,23,0,5,1,1,0.52,0.5,0.55,0.3284,23,109,132
8637,2011-12-31,1,0,12,15,0,6,0,1,0.46,0.4545,0.47,0.4925,89,164,253
8106,2011-12-09,4,0,12,9,0,5,1,1,0.26,0.2879,0.81,0.0896,8,256,264
2360,2011-04-13,2,0,4,5,0,3,1,3,0.38,0.3939,0.94,0.2537,1,4,5
7103,2011-10-28,4,0,10,13,0,5,1,2,0.38,0.3939,0.42,0.2239,43,185,228
3655,2011-06-06,2,0,6,4,0,1,1,1,0.56,0.5303,0.94,0.1045,4,4,8
14495,2012-09-01,3,1,9,3,0,6,0,1,0.7,0.6515,0.7,0.1045,6,29,35
7053,2011-10-26,4,0,10,11,0,3,1,1,0.52,0.5,0.59,0.3284,23,132,155
17193,2012-12-24,1,1,12,3,0,1,1,1,0.2,0.2576,0.75,0,1,2,3
11372,2012-04-24,2,1,4,0,0,2,1,2,0.32,0.3333,0.76,0.1343,0,13,13
1287,2011-02-26,1,0,2,18,0,6,0,1,0.34,0.3333,0.46,0.194,26,111,137
16865,2012-12-10,4,1,12,11,0,1,1,3,0.46,0.4545,0.94,0.2239,8,126,134
4446,2011-07-09,3,0,7,3,0,6,0,1,0.64,0.5758,0.89,0.1343,7,23,30
11609,2012-05-03,2,1,5,21,0,4,1,1,0.62,0.5909,0.78,0.1343,42,257,299
2138,2011-04-03,2,0,4,22,0,0,0,1,0.4,0.4091,0.43,0.1045,7,29,36
6788,2011-10-15,4,0,10,9,0,6,0,1,0.52,0.5,0.48,0.2985,50,157,207
10829,2012-04-01,2,1,4,7,0,0,0,2,0.36,0.3485,0.71,0.1343,29,55,84
12209,2012-05-28,2,1,5,21,1,1,0,1,0.76,0.7273,0.66,0.2836,66,181,247
12290,2012-06-01,2,1,6,6,0,5,1,3,0.62,0.5606,0.88,0.1343,5,136,141
9874,2012-02-21,1,1,2,10,0,2,1,1,0.24,0.2273,0.7,0.194,8,77,85
15006,2012-09-22,3,1,9,10,0,6,0,1,0.66,0.6212,0.65,0.3284,124,350,474
17177,2012-12-23,1,1,12,11,0,0,0,1,0.24,0.2273,0.52,0.194,48,104,152
15773,2012-10-24,4,1,10,9,0,3,1,2,0.52,0.5,0.77,0.0896,24,349,373
16497,2012-11-25,4,1,11,2,0,0,0,1,0.22,0.197,0.44,0.3582,1,27,28
13960,2012-08-09,3,1,8,20,0,4,1,1,0.7,0.6515,0.54,0.2836,91,387,478
15400,2012-10-08,4,1,10,20,1,1,0,3,0.4,0.4091,0.71,0.2239,20,207,227
13468,2012-07-20,3,1,7,8,0,5,1,2,0.68,0.6364,0.83,0.1642,39,652,691
6895,2011-10-19,4,0,10,21,0,3,1,2,0.58,0.5455,0.94,0.1343,6,79,85
9885,2012-02-21,1,1,2,21,0,2,1,1,0.34,0.3333,0.61,0.1642,7,147,154
15883,2012-10-28,4,1,10,23,0,0,0,3,0.42,0.4242,0.94,0.3582,2,12,14
10734,2012-03-28,2,1,3,8,0,3,1,1,0.38,0.3939,0.46,0.3582,19,639,658
11828,2012-05-13,2,1,5,0,0,0,0,1,0.56,0.5303,0.64,0.1642,19,79,98
8565,2011-12-28,1,0,12,15,0,3,1,1,0.32,0.2879,0.36,0.4179,16,101,117
7152,2011-10-30,4,0,10,14,0,0,0,1,0.42,0.4242,0.38,0.194,91,209,300
964,2011-02-12,1,0,2,18,0,6,0,1,0.28,0.2576,0.38,0.3284,4,60,64
6013,2011-09-13,3,0,9,2,0,2,1,1,0.6,0.5758,0.78,0,2,0,2
13646,2012-07-27,3,1,7,18,0,5,1,1,0.82,0.7576,0.46,0.1642,100,522,622
14114,2012-08-16,3,1,8,6,0,4,1,1,0.6,0.5758,0.78,0.1642,3,162,165
4883,2011-07-27,3,0,7,8,0,3,1,1,0.74,0.6667,0.42,0.2537,28,405,433
17155,2012-12-22,1,1,12,13,0,6,0,1,0.32,0.2879,0.36,0.4478,23,135,158
141,2011-01-07,1,0,1,2,0,5,1,2,0.2,0.197,0.69,0.2239,0,1,1
13077,2012-07-04,3,1,7,1,1,3,0,1,0.68,0.6364,0.74,0,27,96,123
12612,2012-06-14,2,1,6,16,0,4,1,1,0.72,0.6667,0.51,0.2836,70,368,438
12047,2012-05-22,2,1,5,3,0,2,1,2,0.58,0.5455,0.83,0.1045,0,5,5
4147,2011-06-26,3,0,6,16,0,0,0,1,0.74,0.6667,0.42,0.194,177,278,455
8907,2012-01-11,1,1,1,23,0,3,1,3,0.34,0.3182,0.87,0.2239,0,9,9
14116,2012-08-16,3,1,8,8,0,4,1,1,0.68,0.6364,0.61,0.194,33,649,682
6937,2011-10-21,4,0,10,15,0,5,1,1,0.5,0.4848,0.45,0.2836,57,178,235
6543,2011-10-05,4,0,10,4,0,3,1,1,0.44,0.4394,0.88,0,1,4,5
5244,2011-08-11,3,0,8,9,0,4,1,1,0.72,0.6515,0.39,0.2239,31,166,197
11381,2012-04-24,2,1,4,9,0,2,1,1,0.4,0.4091,0.47,0.3582,6,302,308
10031,2012-02-27,1,1,2,23,0,1,1,1,0.42,0.4242,0.5,0.1642,6,50,56
4432,2011-07-08,3,0,7,13,0,5,1,2,0.78,0.7576,0.66,0.2836,54,175,229
15493,2012-10-12,4,1,10,17,0,5,1,1,0.46,0.4545,0.38,0.3881,131,706,837
14955,2012-09-20,3,1,9,7,0,4,1,1,0.46,0.4545,0.82,0.1045,20,514,534
407,2011-01-18,1,0,1,22,0,2,1,2,0.22,0.2576,0.93,0.0896,0,33,33
8213,2011-12-13,4,0,12,20,0,2,1,1,0.32,0.3182,0.49,0.1642,7,154,161
9197,2012-01-24,1,1,1,2,0,2,1,2,0.32,0.303,0.93,0.2239,2,6,8
15512,2012-10-13,4,1,10,12,0,6,0,1,0.44,0.4394,0.35,0,202,371,573
13179,2012-07-08,3,1,7,7,0,0,0,1,0.8,0.803,0.66,0,19,33,52
10604,2012-03-22,2,1,3,22,0,4,1,1,0.56,0.5303,0.83,0.194,56,164,220
10738,2012-03-28,2,1,3,12,0,3,1,2,0.54,0.5152,0.39,0.3582,50,218,268
16000,2012-11-04,4,1,11,8,0,0,0,1,0.3,0.303,0.56,0.1343,34,115,149
10583,2012-03-22,2,1,3,1,0,4,1,1,0.52,0.5,0.83,0.0896,14,16,30
9136,2012-01-21,1,1,1,13,0,6,0,2,0.2,0.197,0.8,0.2537,10,66,76
8235,2011-12-14,4,0,12,18,0,3,1,2,0.36,0.3485,0.62,0.1642,11,379,390
11023,2012-04-09,2,1,4,10,0,1,1,1,0.5,0.4848,0.27,0.4925,65,113,178
14052,2012-08-13,3,1,8,16,0,1,1,1,0.8,0.7121,0.36,0.0896,116,348,464
11564,2012-05-02,2,1,5,0,0,3,1,1,0.6,0.5758,0.78,0.1045,4,43,47
11215,2012-04-17,2,1,4,11,0,2,1,1,0.6,0.6212,0.33,0.4179,65,174,239
11557,2012-05-01,2,1,5,17,0,2,1,1,0.74,0.6667,0.48,0.0896,65,616,681
4400,2011-07-07,3,0,7,5,0,4,1,1,0.64,0.5758,0.89,0.1045,2,30,32
5253,2011-08-11,3,0,8,18,0,4,1,1,0.78,0.6818,0.29,0.0896,74,497,571
12,2011-01-01,1,0,1,11,0,6,0,1,0.36,0.3333,0.81,0.2836,26,30,56
4761,2011-07-22,3,0,7,6,0,5,1,1,0.76,0.7424,0.75,0.0896,13,83,96
1178,2011-02-21,1,0,2,20,1,1,0,3,0.24,0.2121,0.81,0.3881,0,29,29
14965,2012-09-20,3,1,9,17,0,4,1,1,0.64,0.6212,0.5,0.2239,91,885,976
10140,2012-03-03,1,1,3,13,0,6,0,1,0.44,0.4394,0.51,0.2836,87,252,339
10694,2012-03-26,2,1,3,16,0,1,1,1,0.48,0.4697,0.25,0.6418,60,245,305
13762,2012-08-01,3,1,8,14,0,3,1,1,0.82,0.7576,0.46,0.1642,88,175,263
2864,2011-05-04,2,0,5,5,0,3,1,3,0.36,0.3333,0.87,0.3284,1,8,9
6472,2011-10-02,4,0,10,5,0,0,0,1,0.32,0.303,0.87,0.2836,0,7,7
12058,2012-05-22,2,1,5,14,0,2,1,2,0.64,0.6061,0.73,0.1045,73,149,222
6229,2011-09-22,3,0,9,2,0,4,1,2,0.6,0.5152,0.94,0.1045,2,8,10
9219,2012-01-25,1,1,1,0,0,3,1,1,0.26,0.303,0.93,0,6,25,31
12041,2012-05-21,2,1,5,21,0,1,1,1,0.62,0.6061,0.69,0.0896,31,210,241
2990,2011-05-09,2,0,5,11,0,1,1,1,0.6,0.6212,0.46,0.2239,26,99,125
9154,2012-01-22,1,1,1,7,0,0,0,2,0.16,0.1515,0.74,0.2239,2,11,13
11082,2012-04-11,2,1,4,22,0,3,1,1,0.34,0.303,0.57,0.3284,4,130,134
7118,2011-10-29,4,0,10,4,0,6,0,3,0.3,0.2727,0.81,0.4179,0,1,1
11208,2012-04-17,2,1,4,4,0,2,1,1,0.66,0.6212,0.44,0.2239,3,6,9
7011,2011-10-24,4,0,10,17,0,1,1,1,0.52,0.5,0.68,0.1343,87,527,614
11531,2012-04-30,2,1,4,15,0,1,1,2,0.52,0.5,0.55,0.1045,55,176,231
14298,2012-08-23,3,1,8,22,0,4,1,2,0.68,0.6364,0.61,0.1045,21,177,198
14438,2012-08-29,3,1,8,18,0,3,1,1,0.74,0.6667,0.42,0.1642,119,693,812
15865,2012-10-28,4,1,10,5,0,0,0,2,0.5,0.4848,0.63,0.2985,6,22,28
14627,2012-09-06,3,1,9,15,0,4,1,1,0.74,0.697,0.66,0.194,42,228,270
11761,2012-05-10,2,1,5,5,0,4,1,1,0.46,0.4545,0.72,0.2985,1,23,24
8928,2012-01-12,1,1,1,20,0,4,1,2,0.42,0.4242,0.71,0.194,11,229,240
12593,2012-06-13,2,1,6,21,0,3,1,1,0.64,0.6212,0.44,0.3582,79,317,396
1441,2011-03-05,1,0,3,7,0,6,0,2,0.3,0.2727,1,0.2985,5,10,15
17173,2012-12-23,1,1,12,7,0,0,0,1,0.16,0.197,0.64,0.0896,3,16,19
14941,2012-09-19,3,1,9,17,0,3,1,1,0.6,0.6212,0.38,0.2239,74,812,886
2876,2011-05-04,2,0,5,17,0,3,1,1,0.4,0.4091,0.71,0.2537,22,388,410
12179,2012-05-27,2,1,5,15,0,0,0,1,0.78,0.7121,0.52,0.2836,290,245,535
9109,2012-01-20,1,1,1,10,0,5,1,2,0.22,0.2121,0.44,0.2836,1,96,97
2191,2011-04-06,2,0,4,3,0,3,1,1,0.26,0.2727,0.6,0.1343,0,4,4
16318,2012-11-17,4,1,11,15,0,6,0,1,0.42,0.4242,0.35,0.2985,175,374,549
12282,2012-05-31,2,1,5,22,0,4,1,1,0.66,0.6212,0.5,0.1642,43,221,264
11340,2012-04-22,2,1,4,16,0,0,0,3,0.38,0.3939,0.87,0.4478,4,32,36
7233,2011-11-02,4,0,11,23,0,3,1,1,0.36,0.3636,0.76,0.0896,3,54,57
3727,2011-06-09,2,0,6,4,0,4,1,2,0.72,0.697,0.79,0.0896,2,4,6
2773,2011-04-30,2,0,4,10,0,6,0,1,0.48,0.4697,0.44,0.3881,94,185,279
9817,2012-02-18,1,1,2,23,0,6,0,2,0.36,0.3333,0.4,0.3881,12,62,74
455,2011-01-20,1,0,1,23,0,4,1,2,0.24,0.2121,0.65,0.3284,3,28,31
9014,2012-01-16,1,1,1,10,1,1,0,2,0.14,0.1364,0.59,0.194,19,107,126
8190,2011-12-12,4,0,12,21,0,1,1,1,0.26,0.303,0.81,0,2,119,121
1368,2011-03-02,1,0,3,6,0,3,1,1,0.22,0.2121,0.55,0.2537,1,39,40
3713,2011-06-08,2,0,6,14,0,3,1,1,0.92,0.8788,0.4,0.2537,44,111,155
5451,2011-08-20,3,0,8,0,0,6,0,1,0.6,0.5455,0.88,0,21,107,128
1389,2011-03-03,1,0,3,3,0,4,1,1,0.2,0.1667,0.27,0.4627,0,1,1
9043,2012-01-17,1,1,1,16,0,2,1,1,0.46,0.4545,0.63,0.5522,14,205,219
1001,2011-02-14,1,0,2,8,0,1,1,1,0.38,0.3939,0.4,0.4627,7,249,256
14733,2012-09-11,3,1,9,1,0,2,1,1,0.5,0.4848,0.63,0,0,10,10
7762,2011-11-25,4,0,11,0,0,5,1,1,0.34,0.3333,0.76,0.1642,7,22,29
3554,2011-06-01,2,0,6,23,0,3,1,1,0.74,0.6667,0.51,0.1642,10,59,69
4115,2011-06-25,3,0,6,8,0,6,0,1,0.7,0.6515,0.48,0.2537,27,85,112
9830,2012-02-19,1,1,2,12,0,0,0,2,0.28,0.2727,0.52,0.2537,71,184,255
1668,2011-03-15,1,0,3,1,0,2,1,1,0.3,0.303,0.62,0.0896,4,6,10
12782,2012-06-21,3,1,6,18,0,4,1,1,0.86,0.7879,0.41,0.194,78,562,640
3174,2011-05-17,2,0,5,3,0,2,1,3,0.54,0.5152,0.94,0.2537,1,3,4
16119,2012-11-09,4,1,11,8,0,5,1,1,0.32,0.3182,0.57,0.1642,25,668,693
9540,2012-02-07,1,1,2,10,0,2,1,1,0.34,0.3333,0.46,0.1642,12,104,116
16887,2012-12-11,4,1,12,9,0,2,1,1,0.34,0.303,0.61,0.3881,12,322,334
489,2011-01-22,1,0,1,10,0,6,0,2,0.04,0.0606,0.41,0.1642,3,50,53
3231,2011-05-19,2,0,5,12,0,4,1,2,0.58,0.5455,0.78,0.1045,38,130,168
14925,2012-09-19,3,1,9,1,0,3,1,2,0.54,0.5152,0.68,0.2537,0,12,12
3829,2011-06-13,2,0,6,10,0,1,1,1,0.64,0.6212,0.41,0.3284,38,80,118
10825,2012-04-01,2,1,4,3,0,0,0,2,0.34,0.3333,0.81,0.1343,4,21,25
16050,2012-11-06,4,1,11,10,0,2,1,1,0.3,0.2879,0.49,0.194,41,189,230
12976,2012-06-29,3,1,6,20,0,5,1,1,0.92,0.8939,0.42,0.2537,53,255,308
5209,2011-08-09,3,0,8,22,0,2,1,1,0.78,0.697,0.46,0.2985,28,127,155
7849,2011-11-28,4,0,11,16,0,1,1,1,0.56,0.5303,0.6,0.194,24,240,264
11425,2012-04-26,2,1,4,5,0,4,1,2,0.48,0.4697,0.63,0.1343,0,17,17
5705,2011-08-31,3,0,8,3,0,3,1,1,0.56,0.5303,0.78,0,2,4,6
575,2011-01-26,1,0,1,5,0,3,1,3,0.2,0.1818,0.86,0.2836,0,1,1
8134,2011-12-10,4,0,12,13,0,6,0,1,0.34,0.303,0.34,0.4179,47,239,286
704,2011-02-01,1,0,2,16,0,2,1,2,0.24,0.2424,0.75,0.1343,3,61,64
5106,2011-08-05,3,0,8,15,0,5,1,1,0.76,0.697,0.55,0.2537,50,160,210
16427,2012-11-22,4,1,11,4,1,4,0,1,0.22,0.2273,0.8,0.1343,1,2,3
3292,2011-05-22,2,0,5,1,0,0,0,1,0.52,0.5,0.94,0.1343,17,81,98
8126,2011-12-10,4,0,12,5,0,6,0,1,0.26,0.2576,0.6,0.1642,0,6,6
11866,2012-05-14,2,1,5,14,0,1,1,2,0.62,0.5909,0.73,0.2537,43,128,171
10601,2012-03-22,2,1,3,19,0,4,1,1,0.66,0.6212,0.61,0,117,469,586
13381,2012-07-16,3,1,7,17,0,1,1,3,0.76,0.7273,0.66,0.5821,86,669,755
9520,2012-02-06,1,1,2,14,0,1,1,1,0.4,0.4091,0.35,0.1642,14,126,140
3125,2011-05-15,2,0,5,2,0,0,0,2,0.52,0.5,1,0.1343,13,37,50
13966,2012-08-10,3,1,8,2,0,5,1,1,0.7,0.6667,0.74,0.1642,6,14,20
14288,2012-08-23,3,1,8,12,0,4,1,1,0.78,0.6818,0.38,0,97,235,332
13599,2012-07-25,3,1,7,19,0,3,1,1,0.76,0.6667,0.33,0.1343,116,582,698
16543,2012-11-27,4,1,11,0,0,2,1,2,0.32,0.3333,0.66,0.0896,2,24,26
15818,2012-10-26,4,1,10,6,0,5,1,2,0.52,0.5,0.88,0.0896,2,142,144
14276,2012-08-23,3,1,8,0,0,4,1,1,0.64,0.5909,0.78,0,9,51,60
4910,2011-07-28,3,0,7,11,0,4,1,1,0.84,0.8182,0.56,0.2836,41,113,154
4441,2011-07-08,3,0,7,22,0,5,1,2,0.66,0.6061,0.78,0.194,33,136,169
10056,2012-02-29,1,1,2,0,0,3,1,1,0.32,0.3333,0.53,0.1045,2,30,32
987,2011-02-13,1,0,2,18,0,0,0,1,0.4,0.4091,0.32,0.2985,17,78,95
16419,2012-11-21,4,1,11,20,0,3,1,1,0.34,0.3485,0.61,0.1045,11,125,136
16969,2012-12-14,4,1,12,19,0,5,1,1,0.34,0.3485,0.53,0.0896,17,302,319
15080,2012-09-25,4,1,9,12,0,2,1,1,0.62,0.6212,0.43,0.2836,69,233,302
16755,2012-12-05,4,1,12,21,0,3,1,1,0.34,0.303,0.46,0.4179,14,184,198
16879,2012-12-11,4,1,12,1,0,2,1,1,0.42,0.4242,0.71,0.4478,1,7,8
7706,2011-11-22,4,0,11,16,0,2,1,3,0.44,0.4394,0.94,0,3,59,62
12242,2012-05-30,2,1,5,6,0,3,1,2,0.6,0.5758,0.78,0.1045,5,139,144
6258,2011-09-23,4,0,9,7,0,5,1,3,0.62,0.5455,0.94,0.1343,14,240,254
11678,2012-05-06,2,1,5,18,0,0,0,2,0.62,0.6061,0.61,0.194,131,332,463
6090,2011-09-16,3,0,9,7,0,5,1,1,0.4,0.4091,0.71,0.2836,16,283,299
10667,2012-03-25,2,1,3,13,0,0,0,2,0.42,0.4242,0.88,0.1642,110,257,367
5239,2011-08-11,3,0,8,4,0,4,1,1,0.64,0.6212,0.57,0.1642,1,4,5
14647,2012-09-07,3,1,9,11,0,5,1,1,0.76,0.7121,0.62,0.1343,81,215,296
12066,2012-05-22,2,1,5,22,0,2,1,1,0.62,0.5909,0.73,0.0896,17,157,174
1199,2011-02-22,1,0,2,23,0,2,1,1,0.16,0.1515,0.43,0.2537,3,18,21
12374,2012-06-04,2,1,6,18,0,1,1,1,0.64,0.6212,0.38,0.3881,103,719,822
9711,2012-02-14,1,1,2,13,0,2,1,2,0.36,0.3333,0.4,0.2537,6,167,173
16597,2012-11-29,4,1,11,7,0,4,1,1,0.2,0.2576,0.64,0,8,354,362
13670,2012-07-28,3,1,7,18,0,6,0,1,0.82,0.7424,0.43,0.2836,151,330,481
7520,2011-11-14,4,0,11,22,0,1,1,1,0.58,0.5455,0.56,0.3582,17,96,113
6813,2011-10-16,4,0,10,10,0,0,0,1,0.54,0.5152,0.45,0.2537,121,226,347
9992,2012-02-26,1,1,2,8,0,0,0,1,0.2,0.197,0.51,0.2537,2,57,59
9207,2012-01-24,1,1,1,12,0,2,1,1,0.34,0.3333,0.87,0.1642,25,150,175
8321,2011-12-18,4,0,12,8,0,0,0,1,0.2,0.2576,0.69,0,1,31,32
9557,2012-02-08,1,1,2,3,0,3,1,1,0.26,0.303,0.65,0,0,1,1
10226,2012-03-07,1,1,3,3,0,3,1,1,0.3,0.2727,0.56,0.3582,1,2,3
7176,2011-10-31,4,0,10,14,0,1,1,2,0.44,0.4394,0.47,0.2239,22,119,141
4471,2011-07-10,3,0,7,4,0,0,0,1,0.66,0.6212,0.69,0.0896,0,5,5
892,2011-02-09,1,0,2,15,0,3,1,2,0.2,0.1818,0.34,0.2836,3,61,64
10986,2012-04-07,2,1,4,21,0,6,0,1,0.5,0.4848,0.2,0.194,75,159,234
1970,2011-03-27,2,0,3,21,0,0,0,1,0.26,0.2576,0.41,0.1642,7,29,36
13648,2012-07-27,3,1,7,20,0,5,1,1,0.78,0.7424,0.59,0.1045,85,269,354
12596,2012-06-14,2,1,6,0,0,4,1,1,0.6,0.6212,0.53,0.2985,3,45,48
5758,2011-09-02,3,0,9,8,0,5,1,1,0.62,0.5909,0.78,0.194,22,434,456
6528,2011-10-04,4,0,10,13,0,2,1,1,0.56,0.5303,0.56,0.2985,20,153,173
6295,2011-09-24,4,0,9,20,0,6,0,1,0.62,0.5758,0.83,0,77,166,243
12116,2012-05-25,2,1,5,0,0,5,1,1,0.62,0.5758,0.83,0.1343,10,63,73
13606,2012-07-26,3,1,7,2,0,4,1,1,0.66,0.6212,0.69,0.2537,5,16,21
7596,2011-11-18,4,0,11,2,0,5,1,1,0.24,0.2273,0.44,0.2239,2,8,10
9111,2012-01-20,1,1,1,12,0,5,1,2,0.2,0.1818,0.34,0.3284,5,119,124
3250,2011-05-20,2,0,5,7,0,5,1,1,0.5,0.4848,0.77,0.1642,30,289,319
6571,2011-10-06,4,0,10,8,0,4,1,1,0.44,0.4394,0.62,0.1642,20,437,457
6639,2011-10-09,4,0,10,4,0,0,0,1,0.44,0.4394,0.88,0,7,7,14
7352,2011-11-07,4,0,11,22,0,1,1,1,0.36,0.3636,0.81,0.0896,6,102,108
16690,2012-12-03,4,1,12,4,0,1,1,1,0.36,0.3788,0.93,0,1,4,5
15399,2012-10-08,4,1,10,19,1,1,0,2,0.4,0.4091,0.71,0.2537,38,333,371
9401,2012-02-01,1,1,2,14,0,3,1,1,0.62,0.6212,0.33,0.2239,33,159,192
12061,2012-05-22,2,1,5,17,0,2,1,1,0.72,0.6667,0.54,0,69,716,785
7474,2011-11-13,4,0,11,0,0,0,0,2,0.4,0.4091,0.58,0.194,12,61,73
12505,2012-06-10,2,1,6,5,0,0,0,1,0.62,0.6061,0.69,0.0896,3,10,13
12258,2012-05-30,2,1,5,22,0,3,1,1,0.66,0.6212,0.69,0.1045,26,191,217
126,2011-01-06,1,0,1,11,0,4,1,1,0.22,0.2576,0.44,0.0896,2,57,59
16092,2012-11-08,4,1,11,5,0,4,1,2,0.3,0.2879,0.42,0.2239,0,35,35
1240,2011-02-24,1,0,2,18,0,4,1,2,0.34,0.303,0.87,0.3284,5,132,137
2290,2011-04-10,2,0,4,6,0,0,0,2,0.36,0.3636,0.93,0.0896,0,4,4
2741,2011-04-29,2,0,4,2,0,5,1,1,0.46,0.4545,0.63,0.1045,2,8,10
8468,2011-12-24,1,0,12,11,0,6,0,1,0.32,0.2879,0.39,0.3582,9,62,71
4586,2011-07-14,3,0,7,23,0,4,1,1,0.64,0.6061,0.65,0.2537,27,97,124
9228,2012-01-25,1,1,1,9,0,3,1,1,0.24,0.2273,0.7,0.2537,18,218,236
1230,2011-02-24,1,0,2,8,0,4,1,1,0.24,0.2273,0.7,0.2239,8,244,252
15027,2012-09-23,4,1,9,7,0,0,0,1,0.46,0.4545,0.59,0.2239,9,48,57
9201,2012-01-24,1,1,1,6,0,2,1,2,0.32,0.3182,0.93,0.194,1,88,89
16515,2012-11-25,4,1,11,20,0,0,0,1,0.24,0.2879,0.6,0,9,110,119
6981,2011-10-23,4,0,10,11,0,0,0,1,0.46,0.4545,0.72,0.1642,131,202,333
5179,2011-08-08,3,0,8,16,0,1,1,1,0.86,0.7727,0.39,0.2836,64,218,282
12021,2012-05-21,2,1,5,1,0,1,1,3,0.58,0.5455,0.88,0.3582,4,11,15
10725,2012-03-27,2,1,3,23,0,2,1,1,0.36,0.3485,0.37,0.194,5,59,64
4294,2011-07-02,3,0,7,19,0,6,0,1,0.8,0.697,0.33,0.2239,156,149,305
1059,2011-02-16,1,0,2,20,0,3,1,1,0.38,0.3939,0.43,0.194,10,108,118
6263,2011-09-23,4,0,9,12,0,5,1,3,0.62,0.5455,0.94,0.1045,1,28,29
15361,2012-10-07,4,1,10,5,0,0,0,2,0.44,0.4394,0.54,0.1343,2,8,10
11037,2012-04-10,2,1,4,0,0,2,1,2,0.44,0.4394,0.47,0.2836,3,23,26
282,2011-01-13,1,0,1,4,0,4,1,1,0.14,0.1212,0.5,0.2537,0,4,4
9236,2012-01-25,1,1,1,17,0,3,1,1,0.36,0.3485,0.53,0.1642,27,443,470
9509,2012-02-06,1,1,2,2,0,1,1,1,0.22,0.2727,0.75,0,0,3,3
14847,2012-09-15,3,1,9,19,0,6,0,1,0.62,0.6212,0.41,0.1642,169,309,478
969,2011-02-12,1,0,2,23,0,6,0,1,0.22,0.2273,0.51,0.1343,1,31,32
10574,2012-03-21,2,1,3,16,0,3,1,1,0.58,0.5455,0.73,0,91,287,378
3954,2011-06-18,2,0,6,15,0,6,0,2,0.82,0.7576,0.46,0.1343,153,214,367
1940,2011-03-26,2,0,3,14,0,6,0,1,0.34,0.3182,0.29,0.2239,93,123,216
16707,2012-12-03,4,1,12,21,0,1,1,1,0.44,0.4394,0.82,0.194,14,207,221
1275,2011-02-26,1,0,2,6,0,6,0,1,0.22,0.2727,0.6,0,1,6,7
620,2011-01-29,1,0,1,1,0,6,0,1,0.22,0.2273,0.64,0.194,0,20,20
15764,2012-10-24,4,1,10,0,0,3,1,1,0.54,0.5152,0.73,0.0896,7,39,46
1743,2011-03-18,1,0,3,7,0,5,1,1,0.4,0.4091,0.66,0.194,11,112,123
1391,2011-03-03,1,0,3,5,0,4,1,1,0.14,0.1212,0.33,0.2985,1,7,8
2204,2011-04-06,2,0,4,16,0,3,1,1,0.54,0.5152,0.28,0.4179,27,142,169
14136,2012-08-17,3,1,8,4,0,5,1,1,0.64,0.2424,0.73,0.1642,0,9,9
9772,2012-02-17,1,1,2,2,0,5,1,2,0.3,0.3182,0.93,0.1045,1,11,12
9848,2012-02-20,1,1,2,7,1,1,0,2,0.22,0.197,0.55,0.3284,2,42,44
3569,2011-06-02,2,0,6,14,0,4,1,1,0.78,0.6667,0.24,0.3284,43,142,185
10545,2012-03-20,1,1,3,11,0,2,1,1,0.58,0.5455,0.83,0.1343,74,156,230
10405,2012-03-14,1,1,3,15,0,3,1,1,0.7,0.6364,0.24,0,86,197,283
6117,2011-09-17,3,0,9,10,0,6,0,2,0.5,0.4848,0.68,0.2836,72,177,249
2735,2011-04-28,2,0,4,20,0,4,1,1,0.58,0.5455,0.43,0.2239,49,220,269
6053,2011-09-14,3,0,9,18,0,3,1,1,0.72,0.6818,0.62,0.1642,83,503,586
3179,2011-05-17,2,0,5,8,0,2,1,2,0.52,0.5,0.94,0.2985,22,325,347
3193,2011-05-17,2,0,5,22,0,2,1,2,0.54,0.5152,0.88,0.2836,12,86,98
9500,2012-02-05,1,1,2,17,0,0,0,1,0.32,0.3182,0.53,0.1642,31,275,306
6100,2011-09-16,3,0,9,17,0,5,1,2,0.52,0.5,0.48,0.1343,86,480,566
7030,2011-10-25,4,0,10,12,0,2,1,1,0.54,0.5152,0.39,0.3582,35,165,200
576,2011-01-26,1,0,1,6,0,3,1,3,0.2,0.1818,0.86,0.2836,0,8,8
10553,2012-03-20,1,1,3,19,0,2,1,1,0.58,0.5455,0.73,0.1343,75,480,555
6657,2011-10-09,4,0,10,22,0,0,0,2,0.52,0.5,0.94,0,48,104,152
7116,2011-10-29,4,0,10,2,0,6,0,3,0.3,0.2727,0.87,0.2985,1,16,17
13995,2012-08-11,3,1,8,7,0,6,0,1,0.64,0.5758,0.83,0.0896,8,54,62
16342,2012-11-18,4,1,11,15,0,0,0,1,0.42,0.4242,0.54,0.2836,89,318,407
6277,2011-09-24,4,0,9,2,0,6,0,2,0.58,0.5455,0.94,0.0896,14,54,68
9473,2012-02-04,1,1,2,14,0,6,0,2,0.32,0.303,0.66,0.2239,47,229,276
3433,2011-05-27,2,0,5,22,0,5,1,1,0.6,0.5758,0.78,0.1343,25,116,141
13150,2012-07-07,3,1,7,2,0,6,0,1,0.76,0.7424,0.72,0.1642,11,47,58
11084,2012-04-12,2,1,4,0,0,4,1,1,0.32,0.303,0.66,0.2836,1,22,23
5898,2011-09-08,3,0,9,6,0,4,1,3,0.62,0.5455,0.94,0.1642,1,55,56
5725,2011-08-31,3,0,8,23,0,3,1,1,0.6,0.5758,0.78,0.1045,24,60,84
10186,2012-03-05,1,1,3,11,0,1,1,2,0.26,0.2727,0.56,0.1343,17,86,103
10832,2012-04-01,2,1,4,10,0,0,0,2,0.4,0.4091,0.71,0.1045,132,228,360
270,2011-01-12,1,0,1,16,0,3,1,1,0.22,0.197,0.44,0.3284,5,63,68
630,2011-01-29,1,0,1,12,0,6,0,2,0.2,0.197,0.59,0.194,12,66,78
11971,2012-05-18,2,1,5,23,0,5,1,1,0.52,0.5,0.55,0,41,133,174
3082,2011-05-13,2,0,5,7,0,5,1,3,0.5,0.4848,0.88,0.1642,16,141,157
3467,2011-05-29,2,0,5,8,0,0,0,2,0.62,0.5606,0.88,0.2239,34,62,96
6431,2011-09-30,4,0,9,12,0,5,1,2,0.64,0.6212,0.57,0.194,59,195,254
3375,2011-05-25,2,0,5,12,0,3,1,1,0.74,0.6818,0.55,0.1343,32,178,210
7063,2011-10-26,4,0,10,21,0,3,1,2,0.52,0.5,0.77,0,17,140,157
12589,2012-06-13,2,1,6,17,0,3,1,1,0.72,0.6515,0.32,0.4925,75,782,857
12216,2012-05-29,2,1,5,4,0,2,1,1,0.66,0.6061,0.78,0.2239,0,5,5
17158,2012-12-22,1,1,12,16,0,6,0,1,0.3,0.2727,0.39,0.4478,23,124,147
5544,2011-08-23,3,0,8,21,0,2,1,1,0.62,0.6212,0.57,0,38,173,211
13761,2012-08-01,3,1,8,13,0,3,1,1,0.8,0.7424,0.52,0.1642,59,221,280
10239,2012-03-07,1,1,3,16,0,3,1,1,0.56,0.5303,0.37,0.4179,34,254,288
4357,2011-07-05,3,0,7,10,0,2,1,1,0.76,0.697,0.52,0.1045,55,84,139
9445,2012-02-03,1,1,2,10,0,5,1,1,0.28,0.2576,0.56,0.2836,15,114,129
15893,2012-10-30,4,1,10,21,0,2,1,2,0.3,0.3182,0.87,0.1045,4,60,64
2114,2011-04-02,2,0,4,22,0,6,0,1,0.32,0.303,0.61,0.2985,14,41,55
8220,2011-12-14,4,0,12,3,0,3,1,1,0.28,0.3182,0.65,0,0,3,3
10233,2012-03-07,1,1,3,10,0,3,1,1,0.36,0.3333,0.5,0.2985,20,127,147
12121,2012-05-25,2,1,5,5,0,5,1,2,0.62,0.5606,0.88,0.0896,2,28,30
16952,2012-12-14,4,1,12,2,0,5,1,1,0.22,0.2727,0.69,0,3,6,9
3217,2011-05-18,2,0,5,22,0,3,1,1,0.52,0.5,0.83,0,14,103,117
13126,2012-07-06,3,1,7,2,0,5,1,1,0.76,0.7121,0.62,0.1343,4,13,17
3815,2011-06-12,2,0,6,20,0,0,0,1,0.66,0.6061,0.83,0.1642,62,144,206
8322,2011-12-18,4,0,12,9,0,0,0,1,0.22,0.2273,0.64,0.1642,6,75,81
15920,2012-11-01,4,1,11,0,0,4,1,1,0.36,0.3636,0.57,0.0896,8,52,60
14297,2012-08-23,3,1,8,21,0,4,1,1,0.7,0.6515,0.61,0.1343,53,276,329
2279,2011-04-09,2,0,4,19,0,6,0,2,0.38,0.3939,0.82,0.1343,47,83,130
4600,2011-07-15,3,0,7,13,0,5,1,1,0.7,0.6515,0.54,0.194,85,162,247
14,2011-01-01,1,0,1,13,0,6,0,2,0.46,0.4545,0.72,0.2985,47,47,94
1647,2011-03-14,1,0,3,3,0,1,1,1,0.26,0.2727,0.65,0.1343,0,3,3
12669,2012-06-17,2,1,6,1,0,0,0,1,0.56,0.5303,0.6,0.1642,21,67,88
14140,2012-08-17,3,1,8,8,0,5,1,1,0.68,0.2424,0.65,0.1343,43,625,668
1526,2011-03-08,1,0,3,22,0,2,1,1,0.3,0.2879,0.49,0.2239,11,44,55
2366,2011-04-13,2,0,4,11,0,3,1,2,0.42,0.4242,0.82,0.194,4,57,61
4649,2011-07-17,3,0,7,14,0,0,0,1,0.8,0.7424,0.49,0.3582,168,262,430
11245,2012-04-18,2,1,4,17,0,3,1,2,0.42,0.4242,0.77,0.194,46,442,488
12198,2012-05-28,2,1,5,10,1,1,0,1,0.7,0.6515,0.61,0,189,175,364
15173,2012-09-29,4,1,9,9,0,6,0,1,0.5,0.4848,0.63,0.194,69,263,332
10533,2012-03-19,1,1,3,23,0,1,1,2,0.56,0.5303,0.78,0.1343,9,45,54
375,2011-01-17,1,0,1,2,1,1,0,2,0.18,0.1667,0.43,0.2537,0,8,8
15792,2012-10-25,4,1,10,4,0,4,1,2,0.52,0.5,0.88,0.1045,1,4,5
6478,2011-10-02,4,0,10,11,0,0,0,2,0.38,0.3939,0.66,0.2537,74,218,292
526,2011-01-24,1,0,1,0,0,1,1,1,0.06,0.0606,0.41,0.194,0,7,7
9132,2012-01-21,1,1,1,9,0,6,0,2,0.16,0.1515,0.93,0.2537,2,40,42
11562,2012-05-01,2,1,5,22,0,2,1,1,0.64,0.6061,0.65,0,21,190,211
13911,2012-08-07,3,1,8,19,0,2,1,2,0.76,0.7273,0.66,0.1045,104,506,610
12766,2012-06-21,3,1,6,2,0,4,1,1,0.72,0.697,0.79,0.1045,11,7,18
6896,2011-10-19,4,0,10,22,0,3,1,2,0.58,0.5455,0.94,0.3582,13,94,107
10340,2012-03-11,1,1,3,22,0,0,0,1,0.4,0.4091,0.54,0.194,13,81,94
3592,2011-06-03,2,0,6,13,0,5,1,1,0.68,0.6212,0.26,0.2537,58,190,248
16402,2012-11-21,4,1,11,3,0,3,1,1,0.28,0.2879,0.87,0.1045,0,2,2
11107,2012-04-12,2,1,4,23,0,4,1,1,0.42,0.4242,0.35,0.194,8,86,94
7905,2011-12-01,4,0,12,0,0,4,1,1,0.28,0.2576,0.52,0.3284,1,19,20
2959,2011-05-08,2,0,5,4,0,0,0,1,0.42,0.4242,0.82,0,2,8,10
14357,2012-08-26,3,1,8,9,0,0,0,1,0.68,0.6364,0.79,0.2537,67,196,263
11816,2012-05-12,2,1,5,12,0,6,0,1,0.64,0.6212,0.36,0.1642,206,353,559
530,2011-01-24,1,0,1,5,0,1,1,1,0.02,0.0606,0.48,0.1343,0,5,5
15597,2012-10-17,4,1,10,1,0,3,1,1,0.38,0.3939,0.76,0,3,14,17
3715,2011-06-08,2,0,6,16,0,3,1,1,0.92,0.8788,0.4,0.2239,34,199,233
13580,2012-07-25,3,1,7,0,0,3,1,1,0.72,0.6667,0.58,0.2985,9,57,66
4733,2011-07-21,3,0,7,2,0,4,1,2,0.74,0.7273,0.84,0.2239,2,4,6
9462,2012-02-04,1,1,2,3,0,6,0,1,0.24,0.2879,0.75,0,1,17,18
12474,2012-06-08,2,1,6,22,0,5,1,1,0.68,0.6364,0.41,0.1045,61,230,291
1395,2011-03-03,1,0,3,9,0,4,1,1,0.16,0.1364,0.37,0.2836,10,135,145
13043,2012-07-02,3,1,7,15,0,1,1,1,0.84,0.7424,0.36,0.194,59,175,234
12202,2012-05-28,2,1,5,14,1,1,0,1,0.8,0.7879,0.63,0.2836,238,227,465
12583,2012-06-13,2,1,6,11,0,3,1,2,0.66,0.6212,0.54,0.4478,64,182,246
9990,2012-02-26,1,1,2,6,0,0,0,1,0.22,0.197,0.44,0.3284,0,2,2
11172,2012-04-15,2,1,4,16,0,0,0,1,0.72,0.6515,0.39,0.3582,286,330,616
9634,2012-02-11,1,1,2,8,0,6,0,3,0.22,0.2273,0.93,0.1343,1,77,78
10575,2012-03-21,2,1,3,17,0,3,1,1,0.6,0.5909,0.69,0.0896,113,616,729
17268,2012-12-27,1,1,12,8,0,4,1,1,0.26,0.2273,0.65,0.3582,2,206,208
12004,2012-05-20,2,1,5,8,0,0,0,1,0.56,0.5303,0.56,0.1642,51,120,171
5632,2011-08-27,3,0,8,13,0,6,0,3,0.66,0.6061,0.83,0.3881,10,33,43
15202,2012-09-30,4,1,9,14,0,0,0,1,0.62,0.6212,0.41,0.2537,208,404,612
15477,2012-10-12,4,1,10,1,0,5,1,1,0.4,0.4091,0.66,0.0896,8,29,37
9466,2012-02-04,1,1,2,7,0,6,0,2,0.24,0.2424,0.87,0.1343,1,27,28
6564,2011-10-06,4,0,10,1,0,4,1,1,0.48,0.4697,0.63,0.194,5,17,22
4704,2011-07-19,3,0,7,21,0,2,1,1,0.74,0.7121,0.74,0.1343,47,194,241
15283,2012-10-03,4,1,10,23,0,3,1,2,0.66,0.6061,0.78,0,21,199,220
1713,2011-03-17,1,0,3,0,0,4,1,1,0.38,0.3939,0.66,0.2537,4,19,23
17180,2012-12-23,1,1,12,14,0,0,0,1,0.34,0.303,0.31,0.2985,57,118,175
956,2011-02-12,1,0,2,10,0,6,0,1,0.22,0.2121,0.41,0.2537,13,71,84
6676,2011-10-10,4,0,10,17,1,1,0,2,0.66,0.6212,0.54,0.1045,125,334,459
3454,2011-05-28,2,0,5,19,0,6,0,1,0.7,0.6515,0.65,0.194,99,153,252
9580,2012-02-09,1,1,2,2,0,4,1,1,0.22,0.2273,0.8,0.1343,0,2,2
10972,2012-04-07,2,1,4,7,0,6,0,1,0.32,0.303,0.33,0.2836,14,40,54
12804,2012-06-22,3,1,6,16,0,5,1,1,0.9,0.803,0.31,0.2239,67,313,380
16278,2012-11-15,4,1,11,23,0,4,1,2,0.32,0.3182,0.61,0.1642,7,118,125
8596,2011-12-29,1,0,12,22,0,4,1,1,0.28,0.2879,0.65,0.1343,7,48,55
2072,2011-04-01,2,0,4,4,0,5,1,2,0.24,0.2273,0.93,0.2537,0,3,3
957,2011-02-12,1,0,2,11,0,6,0,1,0.3,0.2727,0.28,0.3284,30,84,114
10170,2012-03-04,1,1,3,19,0,0,0,1,0.3,0.2576,0.36,0.4925,12,120,132
159,2011-01-07,1,0,1,21,0,5,1,1,0.18,0.197,0.47,0.1343,0,39,39
14037,2012-08-13,3,1,8,1,0,1,1,1,0.66,0.6212,0.65,0.0896,3,11,14
7006,2011-10-24,4,0,10,12,0,1,1,2,0.52,0.5,0.68,0.1045,64,156,220
12081,2012-05-23,2,1,5,13,0,3,1,2,0.66,0.6212,0.74,0.1642,69,201,270
13644,2012-07-27,3,1,7,16,0,5,1,1,0.84,0.7727,0.47,0.2239,80,419,499
9095,2012-01-19,1,1,1,20,0,4,1,1,0.26,0.2121,0.52,0.4478,7,184,191
353,2011-01-16,1,0,1,4,0,0,0,1,0.26,0.2576,0.56,0.1642,0,1,1
13519,2012-07-22,3,1,7,11,0,0,0,2,0.66,0.6212,0.74,0,191,314,505
6079,2011-09-15,3,0,9,20,0,4,1,1,0.46,0.4545,0.63,0.3284,25,223,248
6237,2011-09-22,3,0,9,10,0,4,1,2,0.64,0.5758,0.89,0.2239,19,101,120
12733,2012-06-19,2,1,6,17,0,2,1,1,0.8,0.7576,0.55,0.194,86,725,811
12323,2012-06-02,2,1,6,15,0,6,0,1,0.64,0.6212,0.38,0.2537,297,405,702
8947,2012-01-13,1,1,1,15,0,5,1,1,0.26,0.2121,0.33,0.5821,15,123,138
14026,2012-08-12,3,1,8,14,0,0,0,1,0.76,0.6818,0.4,0.194,213,366,579
11164,2012-04-15,2,1,4,8,0,0,0,1,0.52,0.5,0.59,0,33,64,97
9275,2012-01-27,1,1,1,8,0,5,1,3,0.5,0.4848,0.88,0.2836,14,206,220
2921,2011-05-06,2,0,5,14,0,5,1,1,0.6,0.6212,0.4,0.4478,86,127,213
8504,2011-12-26,1,0,12,0,1,1,0,1,0.22,0.2273,0.75,0.1642,5,6,11
4645,2011-07-17,3,0,7,10,0,0,0,1,0.74,0.6818,0.6,0.2239,127,177,304
662,2011-01-30,1,0,1,21,0,0,0,2,0.24,0.2424,0.7,0.1642,3,25,28
7058,2011-10-26,4,0,10,16,0,3,1,2,0.52,0.5,0.77,0.0896,17,196,213
10182,2012-03-05,1,1,3,7,0,1,1,1,0.18,0.197,0.59,0.1343,7,253,260
3666,2011-06-06,2,0,6,15,0,1,1,1,0.8,0.697,0.29,0.194,38,127,165
7980,2011-12-04,4,0,12,3,0,0,0,1,0.28,0.3182,0.75,0,7,34,41
307,2011-01-14,1,0,1,6,0,5,1,1,0.1,0.1818,0.54,0,0,17,17
10528,2012-03-19,1,1,3,18,0,1,1,1,0.64,0.6212,0.57,0.2537,120,681,801
4791,2011-07-23,3,0,7,12,0,6,0,1,0.92,0.8636,0.37,0.1045,71,164,235
2357,2011-04-13,2,0,4,2,0,3,1,3,0.4,0.4091,1,0.2985,0,2,2
11895,2012-05-15,2,1,5,19,0,2,1,1,0.66,0.6212,0.69,0.1642,57,455,512
11997,2012-05-20,2,1,5,1,0,0,0,1,0.56,0.5303,0.52,0,28,102,130
1928,2011-03-26,2,0,3,2,0,6,0,1,0.22,0.2121,0.44,0.2239,4,21,25
17095,2012-12-20,4,1,12,1,0,4,1,1,0.32,0.3485,0.66,0,1,19,20
3428,2011-05-27,2,0,5,17,0,5,1,1,0.74,0.6818,0.58,0.3881,77,414,491
8942,2012-01-13,1,1,1,10,0,5,1,1,0.24,0.197,0.44,0.4478,2,101,103
3639,2011-06-05,2,0,6,12,0,0,0,2,0.64,0.6061,0.69,0.1045,123,212,335
15507,2012-10-13,4,1,10,7,0,6,0,1,0.3,0.303,0.61,0.1642,10,60,70
16244,2012-11-14,4,1,11,13,0,3,1,1,0.36,0.3333,0.43,0.2537,32,182,214
1267,2011-02-25,1,0,2,22,0,5,1,1,0.26,0.2121,0.48,0.4478,7,43,50
13613,2012-07-26,3,1,7,9,0,4,1,2,0.72,0.6818,0.7,0.1343,55,289,344
1561,2011-03-10,1,0,3,11,0,4,1,3,0.4,0.4091,0,0.2537,6,5,11
11149,2012-04-14,2,1,4,17,0,6,0,2,0.62,0.6212,0.33,0.2537,251,309,560
11788,2012-05-11,2,1,5,8,0,5,1,1,0.46,0.4545,0.44,0.2537,41,579,620
10327,2012-03-11,1,1,3,9,0,0,0,1,0.26,0.2576,0.6,0.2239,20,70,90
7180,2011-10-31,4,0,10,18,0,1,1,1,0.4,0.4091,0.66,0.0896,30,392,422
15350,2012-10-06,4,1,10,18,0,6,0,1,0.52,0.5,0.48,0.4179,183,312,495
15314,2012-10-05,4,1,10,6,0,5,1,1,0.52,0.5,0.83,0,4,133,137
13259,2012-07-11,3,1,7,15,0,3,1,1,0.8,0.7121,0.41,0.2537,56,220,276
4110,2011-06-25,3,0,6,3,0,6,0,1,0.64,0.6212,0.57,0.194,18,21,39
13162,2012-07-07,3,1,7,14,0,6,0,2,0.96,0.8636,0.3,0.1343,105,203,308
7868,2011-11-29,4,0,11,11,0,2,1,3,0.5,0.4848,0.88,0.2985,1,10,11
4905,2011-07-28,3,0,7,6,0,4,1,1,0.7,0.6515,0.7,0.0896,6,110,116
7295,2011-11-05,4,0,11,13,0,6,0,1,0.4,0.4091,0.37,0.1045,148,207,355
515,2011-01-23,1,0,1,13,0,0,0,1,0.14,0.1061,0.33,0.3881,12,75,87
895,2011-02-09,1,0,2,18,0,3,1,2,0.18,0.1667,0.47,0.2985,2,168,170
8602,2011-12-30,1,0,12,4,0,5,1,1,0.24,0.2576,0.7,0.0896,0,2,2
22,2011-01-01,1,0,1,21,0,6,0,2,0.4,0.4091,0.87,0.194,3,31,34
11578,2012-05-02,2,1,5,14,0,3,1,1,0.62,0.6061,0.69,0.0896,51,189,240
17332,2012-12-30,1,1,12,0,0,0,0,2,0.26,0.2576,0.6,0.1642,0,41,41
900,2011-02-09,1,0,2,23,0,3,1,3,0.16,0.1515,0.8,0.194,0,37,37
208,2011-01-09,1,0,1,22,0,0,0,1,0.14,0.1212,0.46,0.2985,5,10,15
16508,2012-11-25,4,1,11,13,0,0,0,2,0.26,0.2576,0.41,0.1642,37,158,195
459,2011-01-21,1,0,1,3,0,5,1,3,0.22,0.2121,0.8,0.2985,0,1,1
10247,2012-03-08,1,1,3,0,0,4,1,1,0.44,0.4394,0.62,0.3284,11,35,46
2431,2011-04-16,2,0,4,4,0,6,0,2,0.36,0.3485,0.87,0.2239,1,4,5
8443,2011-12-23,1,0,12,10,0,5,1,1,0.4,0.4091,0.62,0.3582,8,96,104
12399,2012-06-05,2,1,6,19,0,2,1,1,0.58,0.5455,0.46,0.2537,68,445,513
13630,2012-07-27,3,1,7,2,0,5,1,1,0.7,0.6667,0.79,0.1343,8,18,26
9300,2012-01-28,1,1,1,9,0,6,0,1,0.22,0.2727,0.8,0,13,145,158
3390,2011-05-26,2,0,5,3,0,4,1,1,0.6,0.5455,0.88,0.0896,0,4,4
14172,2012-08-18,3,1,8,16,0,6,0,1,0.76,0.6667,0.37,0.2537,287,354,641
9906,2012-02-22,1,1,2,18,0,3,1,2,0.48,0.4697,0.41,0.3284,42,483,525
3912,2011-06-16,2,0,6,21,0,4,1,3,0.62,0.5758,0.83,0.2537,34,154,188
5384,2011-08-17,3,0,8,5,0,3,1,1,0.64,0.6061,0.73,0,0,28,28
8908,2012-01-12,1,1,1,0,0,4,1,3,0.34,0.3333,0.93,0.194,0,3,3
15730,2012-10-22,4,1,10,14,0,1,1,1,0.62,0.6061,0.27,0.194,73,209,282
553,2011-01-25,1,0,1,5,0,2,1,1,0.14,0.1364,0.74,0.2239,0,9,9
9632,2012-02-11,1,1,2,6,0,6,0,3,0.22,0.2273,0.93,0.1343,1,8,9
10463,2012-03-17,1,1,3,1,0,6,0,2,0.44,0.4394,0.94,0,12,57,69
15719,2012-10-22,4,1,10,3,0,1,1,1,0.4,0.4091,0.62,0,1,5,6
3145,2011-05-15,2,0,5,22,0,0,0,1,0.56,0.5303,0.83,0,29,88,117
6918,2011-10-20,4,0,10,20,0,4,1,2,0.46,0.4545,0.51,0.3284,34,207,241
2057,2011-03-31,2,0,3,13,0,4,1,3,0.3,0.303,0.87,0.1343,13,55,68
1926,2011-03-26,2,0,3,0,0,6,0,2,0.26,0.2424,0.38,0.2836,3,25,28
635,2011-01-29,1,0,1,17,0,6,0,1,0.24,0.2879,0.6,0,9,82,91
6083,2011-09-16,3,0,9,0,0,5,1,1,0.42,0.4242,0.71,0.2239,5,43,48
8509,2011-12-26,1,0,12,6,1,1,0,1,0.32,0.303,0.45,0.2836,0,4,4
16782,2012-12-07,4,1,12,0,0,5,1,1,0.24,0.2576,0.7,0.1045,3,45,48
17118,2012-12-21,1,1,12,0,0,5,1,3,0.42,0.4242,0.88,0.2985,0,17,17
13617,2012-07-26,3,1,7,13,0,4,1,1,0.86,0.8333,0.53,0.2985,53,189,242
8620,2011-12-30,1,0,12,22,0,5,1,2,0.34,0.3333,0.71,0.1642,7,78,85
15929,2012-11-01,4,1,11,9,0,4,1,3,0.36,0.3636,0.57,0.1045,21,310,331
106,2011-01-05,1,0,1,14,0,3,1,1,0.3,0.2879,0.28,0.194,10,52,62
3042,2011-05-11,2,0,5,15,0,3,1,1,0.64,0.6212,0.41,0,48,131,179
12431,2012-06-07,2,1,6,3,0,4,1,1,0.5,0.4848,0.77,0.1045,0,5,5
10362,2012-03-12,1,1,3,20,0,1,1,2,0.56,0.5303,0.49,0.2239,49,237,286
1710,2011-03-16,1,0,3,21,0,3,1,2,0.42,0.4242,0.58,0.2836,3,75,78
90,2011-01-04,1,0,1,21,0,2,1,1,0.22,0.2727,0.64,0,0,48,48
7015,2011-10-24,4,0,10,21,0,1,1,1,0.46,0.4545,0.87,0.1045,12,114,126
15526,2012-10-14,4,1,10,2,0,0,0,1,0.4,0.4091,0.76,0.0896,8,58,66
10434,2012-03-15,1,1,3,20,0,4,1,2,0.58,0.5455,0.6,0.3582,60,270,330
3175,2011-05-17,2,0,5,4,0,2,1,3,0.54,0.5152,0.94,0.2537,2,2,4
918,2011-02-10,1,0,2,18,0,4,1,1,0.16,0.1818,0.28,0.1343,3,157,160
7834,2011-11-28,4,0,11,0,0,1,1,1,0.46,0.4545,0.77,0.2836,6,10,16
14452,2012-08-30,3,1,8,8,0,4,1,1,0.66,0.6212,0.65,0,53,701,754
6733,2011-10-13,4,0,10,2,0,4,1,2,0.54,0.5152,0.94,0,0,4,4
1950,2011-03-27,2,0,3,0,0,0,0,2,0.26,0.2576,0.41,0.1642,5,26,31
12237,2012-05-30,2,1,5,1,0,3,1,3,0.64,0.5758,0.89,0.194,0,4,4
14057,2012-08-13,3,1,8,21,0,1,1,1,0.72,0.6818,0.66,0.194,44,246,290
11041,2012-04-10,2,1,4,4,0,2,1,1,0.34,0.3333,0.71,0.1343,0,2,2
6369,2011-09-27,4,0,9,22,0,2,1,1,0.6,0.5455,0.88,0.0896,19,102,121
2,2011-01-01,1,0,1,1,0,6,0,1,0.22,0.2727,0.8,0,8,32,40
8033,2011-12-06,4,0,12,8,0,2,1,2,0.46,0.4545,0.94,0.194,13,401,414
14332,2012-08-25,3,1,8,8,0,6,0,2,0.66,0.6212,0.74,0.2537,29,133,162
12530,2012-06-11,2,1,6,6,0,1,1,1,0.62,0.5758,0.83,0.1045,8,136,144
6048,2011-09-14,3,0,9,13,0,3,1,1,0.76,0.697,0.55,0.2537,39,139,178
9128,2012-01-21,1,1,1,5,0,6,0,3,0.16,0.1818,0.86,0.1045,0,2,2
8906,2012-01-11,1,1,1,22,0,3,1,3,0.34,0.3333,0.87,0.194,0,49,49
2721,2011-04-28,2,0,4,6,0,4,1,2,0.64,0.5909,0.78,0.4627,7,79,86
14428,2012-08-29,3,1,8,8,0,3,1,1,0.66,0.6212,0.61,0.1642,28,780,808
13398,2012-07-17,3,1,7,10,0,2,1,2,0.84,0.7879,0.49,0.194,37,122,159
13622,2012-07-26,3,1,7,18,0,4,1,1,0.92,0.8788,0.4,0.3582,73,615,688
8784,2012-01-06,1,1,1,19,0,5,1,1,0.46,0.4545,0.33,0.2836,11,261,272
17232,2012-12-25,1,1,12,20,1,2,0,2,0.32,0.303,0.66,0.2836,11,29,40
3118,2011-05-14,2,0,5,19,0,6,0,3,0.54,0.5152,0.94,0.1343,69,179,248
11129,2012-04-13,2,1,4,21,0,5,1,1,0.5,0.4848,0.36,0,36,153,189
16940,2012-12-13,4,1,12,14,0,4,1,1,0.36,0.3485,0.34,0.1642,31,211,242
10641,2012-03-24,2,1,3,11,0,6,0,2,0.5,0.4848,0.94,0.194,98,175,273
9769,2012-02-16,1,1,2,23,0,4,1,1,0.32,0.3333,0.81,0.0896,3,70,73
13400,2012-07-17,3,1,7,12,0,2,1,2,0.9,0.8182,0.35,0,80,174,254
3763,2011-06-10,2,0,6,16,0,5,1,1,0.82,0.7879,0.56,0.2985,46,239,285
214,2011-01-10,1,0,1,4,0,1,1,1,0.1,0.1212,0.54,0.1343,1,2,3
779,2011-02-04,1,0,2,21,0,5,1,2,0.24,0.2424,0.7,0.1642,2,41,43
16678,2012-12-02,4,1,12,16,0,0,0,2,0.44,0.4394,0.67,0.1045,85,358,443
3497,2011-05-30,2,0,5,14,1,1,0,1,0.88,0.803,0.39,0,142,185,327
16363,2012-11-19,4,1,11,12,0,1,1,2,0.4,0.4091,0.62,0.2836,35,207,242
2044,2011-03-31,2,0,3,0,0,4,1,3,0.24,0.2273,0.93,0.2239,0,3,3
15137,2012-09-27,4,1,9,21,0,4,1,3,0.62,0.5758,0.83,0.2985,18,235,253
8921,2012-01-12,1,1,1,13,0,4,1,1,0.42,0.4242,0.77,0.1642,13,170,183
5421,2011-08-18,3,0,8,18,0,4,1,3,0.76,0.697,0.55,0.2537,48,226,274
6155,2011-09-19,3,0,9,0,0,1,1,2,0.52,0.5,0.72,0.1642,14,23,37
9760,2012-02-16,1,1,2,14,0,4,1,3,0.32,0.3182,0.81,0.194,1,30,31
8358,2011-12-19,4,0,12,21,0,1,1,2,0.36,0.3485,0.53,0.1343,15,112,127
12895,2012-06-26,3,1,6,11,0,2,1,1,0.64,0.6212,0.36,0.4179,46,189,235
11759,2012-05-10,2,1,5,3,0,4,1,1,0.46,0.4545,0.88,0.2239,0,3,3
16164,2012-11-11,4,1,11,5,0,0,0,1,0.3,0.303,0.87,0.1343,0,12,12
12626,2012-06-15,2,1,6,6,0,5,1,1,0.54,0.5152,0.83,0.1343,9,142,151
13632,2012-07-27,3,1,7,4,0,5,1,1,0.7,0.6667,0.79,0,3,5,8
10206,2012-03-06,1,1,3,7,0,2,1,1,0.16,0.1818,0.55,0.1343,5,270,275
8466,2011-12-24,1,0,12,9,0,6,0,1,0.3,0.2727,0.45,0.4179,3,53,56
12053,2012-05-22,2,1,5,9,0,2,1,2,0.6,0.5606,0.83,0.1045,46,287,333
4168,2011-06-27,3,0,6,13,0,1,1,2,0.72,0.6667,0.58,0.2239,37,127,164
10961,2012-04-06,2,1,4,20,0,5,1,1,0.46,0.4545,0.24,0.2836,61,191,252
3789,2011-06-11,2,0,6,18,0,6,0,2,0.72,0.6818,0.62,0.1343,131,155,286
13376,2012-07-16,3,1,7,12,0,1,1,1,0.84,0.7879,0.49,0.1343,79,158,237
8587,2011-12-29,1,0,12,13,0,4,1,2,0.28,0.2879,0.52,0.1045,36,95,131
584,2011-01-26,1,0,1,14,0,3,1,3,0.22,0.197,0.93,0.3582,0,36,36
5464,2011-08-20,3,0,8,13,0,6,0,1,0.76,0.697,0.55,0.1343,158,220,378
17365,2012-12-31,1,1,12,9,0,1,1,2,0.18,0.2121,0.64,0.1045,13,144,157
117,2011-01-06,1,0,1,1,0,4,1,1,0.16,0.2273,0.64,0,0,4,4
6645,2011-10-09,4,0,10,10,0,0,0,1,0.56,0.5303,0.68,0.0896,155,210,365
5110,2011-08-05,3,0,8,19,0,5,1,1,0.74,0.6818,0.55,0.2537,90,282,372
15062,2012-09-24,4,1,9,18,0,1,1,1,0.54,0.5152,0.37,0.1642,95,758,853
7100,2011-10-28,4,0,10,10,0,5,1,1,0.34,0.3182,0.57,0.2239,28,102,130
17194,2012-12-24,1,1,12,5,0,1,1,1,0.18,0.197,0.8,0.1343,0,9,9
16490,2012-11-24,4,1,11,19,0,6,0,1,0.26,0.2424,0.41,0.2537,9,74,83
8713,2012-01-03,1,1,1,20,0,2,1,1,0.12,0.1212,0.33,0.2537,0,115,115
1764,2011-03-19,1,0,3,4,0,6,0,1,0.52,0.5,0.34,0.4179,1,2,3
1876,2011-03-23,2,0,3,22,0,3,1,2,0.32,0.3182,0.93,0.1642,6,38,44
13548,2012-07-23,3,1,7,16,0,1,1,1,0.82,0.7727,0.52,0.1343,111,346,457
12158,2012-05-26,2,1,5,18,0,6,0,2,0.76,0.697,0.52,0.194,199,216,415
11537,2012-04-30,2,1,4,21,0,1,1,2,0.52,0.5,0.59,0.194,26,195,221
14791,2012-09-13,3,1,9,11,0,4,1,1,0.66,0.6212,0.5,0.1642,71,183,254
10446,2012-03-16,1,1,3,8,0,5,1,2,0.4,0.4091,0.87,0.2239,28,534,562
15070,2012-09-25,4,1,9,2,0,2,1,1,0.42,0.4242,0.77,0.1343,5,9,14
3225,2011-05-19,2,0,5,6,0,4,1,2,0.5,0.4848,0.94,0,17,86,103
527,2011-01-24,1,0,1,1,0,1,1,1,0.04,0.0455,0.45,0.194,0,1,1
7726,2011-11-23,4,0,11,12,0,3,1,1,0.48,0.4697,0.55,0.4179,9,151,160
15252,2012-10-02,4,1,10,16,0,2,1,3,0.62,0.5606,0.88,0.1343,46,328,374
2947,2011-05-07,2,0,5,16,0,6,0,1,0.6,0.6212,0.38,0.194,119,223,342
4474,2011-07-10,3,0,7,7,0,0,0,1,0.7,0.6515,0.7,0.0896,27,38,65
12092,2012-05-24,2,1,5,0,0,4,1,1,0.6,0.5606,0.83,0.0896,7,49,56
5656,2011-08-29,3,0,8,2,0,1,1,1,0.6,0.5909,0.69,0.194,8,5,13
8885,2012-01-11,1,1,1,1,0,3,1,1,0.24,0.2576,0.87,0.0896,1,6,7
6060,2011-09-15,3,0,9,1,0,4,1,1,0.64,0.6061,0.69,0.1642,0,20,20
960,2011-02-12,1,0,2,14,0,6,0,1,0.34,0.3182,0.31,0.2836,30,90,120
12637,2012-06-15,2,1,6,17,0,5,1,1,0.74,0.6515,0.37,0.2836,125,698,823
14723,2012-09-10,3,1,9,15,0,1,1,1,0.66,0.6212,0.31,0.3881,115,231,346
6343,2011-09-26,4,0,9,20,0,1,1,1,0.64,0.5758,0.89,0.1343,24,227,251
14324,2012-08-25,3,1,8,0,0,6,0,2,0.7,0.6515,0.61,0,21,114,135
3634,2011-06-05,2,0,6,7,0,0,0,2,0.6,0.5909,0.73,0.2537,8,19,27
13998,2012-08-11,3,1,8,10,0,6,0,1,0.72,0.6818,0.62,0.0896,125,282,407
1051,2011-02-16,1,0,2,12,0,3,1,1,0.38,0.3939,0.32,0.3284,14,72,86
8783,2012-01-06,1,1,1,18,0,5,1,1,0.5,0.4848,0.29,0.2537,28,391,419
8712,2012-01-03,1,1,1,19,0,2,1,1,0.12,0.0909,0.28,0.4179,4,152,156
3381,2011-05-25,2,0,5,18,0,3,1,1,0.72,0.6667,0.58,0.2239,66,451,517
3677,2011-06-07,2,0,6,2,0,2,1,1,0.6,0.5909,0.73,0.0896,3,2,5
5777,2011-09-03,3,0,9,3,0,6,0,1,0.62,0.5909,0.73,0.1642,17,18,35
985,2011-02-13,1,0,2,16,0,0,0,2,0.42,0.4242,0.28,0.3284,28,106,134
6574,2011-10-06,4,0,10,11,0,4,1,1,0.54,0.5152,0.49,0,29,115,144
5180,2011-08-08,3,0,8,17,0,1,1,1,0.86,0.7727,0.39,0.1642,67,460,527
1608,2011-03-12,1,0,3,11,0,6,0,1,0.34,0.303,0.49,0.3284,36,83,119
3611,2011-06-04,2,0,6,8,0,6,0,1,0.6,0.6212,0.46,0.0896,29,96,125
2256,2011-04-08,2,0,4,20,0,5,1,2,0.3,0.2727,0.93,0.3284,12,51,63
6636,2011-10-09,4,0,10,1,0,0,0,1,0.46,0.4545,0.88,0,15,63,78
17377,2012-12-31,1,1,12,21,0,1,1,1,0.26,0.2576,0.6,0.1642,7,83,90
10002,2012-02-26,1,1,2,18,0,0,0,1,0.34,0.3182,0.36,0.2836,17,199,216
15884,2012-10-29,4,1,10,0,0,1,1,3,0.44,0.4394,0.88,0.3582,2,20,22
792,2011-02-05,1,0,2,10,0,6,0,3,0.2,0.2121,1,0.1343,3,31,34
8985,2012-01-15,1,1,1,5,0,0,0,2,0.16,0.1364,0.47,0.3284,0,5,5
3057,2011-05-12,2,0,5,6,0,4,1,1,0.44,0.4394,0.88,0,9,103,112
10048,2012-02-28,1,1,2,16,0,2,1,1,0.42,0.4242,0.28,0.0896,17,270,287
15523,2012-10-13,4,1,10,23,0,6,0,1,0.42,0.4242,0.58,0.2985,27,98,125
1981,2011-03-28,2,0,3,9,0,1,1,2,0.22,0.2121,0.32,0.2239,12,109,121
11426,2012-04-26,2,1,4,6,0,4,1,2,0.48,0.4697,0.63,0.2537,5,122,127
3599,2011-06-03,2,0,6,20,0,5,1,1,0.64,0.6212,0.29,0.1642,57,236,293
934,2011-02-11,1,0,2,12,0,5,1,1,0.22,0.2273,0.47,0.1343,7,64,71
12156,2012-05-26,2,1,5,16,0,6,0,1,0.78,0.7273,0.55,0.2537,261,243,504
15943,2012-11-01,4,1,11,23,0,4,1,1,0.34,0.3333,0.57,0.1642,8,112,120
7425,2011-11-10,4,0,11,23,0,4,1,2,0.34,0.3333,0.57,0.1642,9,73,82
5627,2011-08-27,3,0,8,8,0,6,0,2,0.7,0.6667,0.84,0.2537,14,62,76
13699,2012-07-29,3,1,7,23,0,0,0,1,0.7,0.6515,0.7,0,18,82,100
15813,2012-10-26,4,1,10,1,0,5,1,2,0.52,0.5,0.88,0.0896,4,32,36
14265,2012-08-22,3,1,8,13,0,3,1,1,0.76,0.6818,0.48,0.1045,74,242,316
1683,2011-03-15,1,0,3,17,0,2,1,2,0.36,0.3485,0.62,0.194,22,195,217
4180,2011-06-28,3,0,6,1,0,2,1,1,0.66,0.6212,0.74,0,5,8,13
12219,2012-05-29,2,1,5,7,0,2,1,1,0.66,0.6061,0.78,0.2239,19,431,450
13157,2012-07-07,3,1,7,9,0,6,0,1,0.84,0.8333,0.59,0.1642,69,187,256
6447,2011-10-01,4,0,10,4,0,6,0,1,0.44,0.4394,0.58,0.4179,2,6,8
4117,2011-06-25,3,0,6,10,0,6,0,1,0.72,0.6515,0.45,0.194,99,203,302
989,2011-02-13,1,0,2,20,0,0,0,1,0.4,0.4091,0.35,0.3284,15,32,47
11704,2012-05-07,2,1,5,20,0,1,1,1,0.54,0.5152,0.52,0.2836,46,277,323
15084,2012-09-25,4,1,9,16,0,2,1,1,0.66,0.6212,0.39,0.2985,59,436,495
11646,2012-05-05,2,1,5,10,0,6,0,1,0.66,0.6212,0.65,0.1343,148,284,432
2897,2011-05-05,2,0,5,14,0,4,1,1,0.54,0.5152,0.28,0.4478,19,135,154
3779,2011-06-11,2,0,6,8,0,6,0,1,0.74,0.6818,0.58,0.194,32,111,143
5659,2011-08-29,3,0,8,5,0,1,1,1,0.56,0.5303,0.73,0.1343,0,17,17
11723,2012-05-08,2,1,5,15,0,2,1,3,0.62,0.5909,0.73,0.2537,40,94,134
3094,2011-05-13,2,0,5,19,0,5,1,2,0.52,0.5,0.83,0.194,25,245,270
3156,2011-05-16,2,0,5,9,0,1,1,1,0.6,0.5909,0.69,0.194,38,156,194
13262,2012-07-11,3,1,7,18,0,3,1,1,0.78,0.6818,0.38,0.2537,79,735,814
13999,2012-08-11,3,1,8,11,0,6,0,1,0.74,0.697,0.66,0.1642,203,296,499
11394,2012-04-24,2,1,4,22,0,2,1,1,0.44,0.4394,0.35,0.1045,8,149,157
1824,2011-03-21,2,0,3,17,0,1,1,2,0.54,0.5152,0.64,0.2537,41,231,272
7028,2011-10-25,4,0,10,10,0,2,1,1,0.5,0.4848,0.51,0.2537,26,102,128
1099,2011-02-18,1,0,2,12,0,5,1,1,0.5,0.4848,0.59,0.194,59,126,185
10397,2012-03-14,1,1,3,7,0,3,1,1,0.44,0.4394,0.82,0.1045,20,348,368
2845,2011-05-03,2,0,5,10,0,2,1,2,0.64,0.6061,0.69,0.3582,36,91,127
9079,2012-01-19,1,1,1,4,0,4,1,1,0.12,0.1515,0.54,0.1045,0,1,1
3343,2011-05-24,2,0,5,4,0,2,1,1,0.6,0.5455,0.88,0.1045,1,3,4
39,2011-01-02,1,0,1,15,0,0,0,3,0.34,0.3333,0.81,0.1642,19,55,74
15849,2012-10-27,4,1,10,13,0,6,0,1,0.6,0.6212,0.43,0.2537,310,450,760
6541,2011-10-05,4,0,10,2,0,3,1,1,0.46,0.4545,0.82,0.1642,1,2,3
16850,2012-12-09,4,1,12,20,0,0,0,3,0.36,0.3636,1,0.0896,6,102,108
14289,2012-08-23,3,1,8,13,0,4,1,1,0.82,0.7273,0.38,0.0896,93,253,346
8708,2012-01-03,1,1,1,15,0,2,1,1,0.16,0.1212,0.37,0.4179,9,68,77
3357,2011-05-24,2,0,5,18,0,2,1,1,0.7,0.6515,0.7,0.194,74,490,564
13026,2012-07-01,3,1,7,22,0,0,0,1,0.82,0.7424,0.43,0.1343,41,110,151
9646,2012-02-11,1,1,2,20,0,6,0,2,0.16,0.1212,0.43,0.5522,1,62,63
11746,2012-05-09,2,1,5,14,0,3,1,2,0.64,0.6212,0.53,0.2537,68,175,243
11802,2012-05-11,2,1,5,22,0,5,1,1,0.56,0.5303,0.35,0.2239,44,190,234
14295,2012-08-23,3,1,8,19,0,4,1,1,0.72,0.6667,0.51,0.0896,96,537,633
12858,2012-06-24,3,1,6,22,0,0,0,1,0.74,0.6818,0.55,0.1045,53,125,178
10699,2012-03-26,2,1,3,21,0,1,1,1,0.38,0.3939,0.25,0.4925,11,175,186
11187,2012-04-16,2,1,4,7,1,1,0,1,0.52,0.5,0.83,0.1343,20,367,387
12192,2012-05-28,2,1,5,4,1,1,0,1,0.6,0.5758,0.78,0.1343,2,4,6
14415,2012-08-28,3,1,8,19,0,2,1,1,0.74,0.6667,0.45,0.1642,82,515,597
15215,2012-10-01,4,1,10,3,0,1,1,1,0.44,0.4394,0.77,0,1,6,7
7814,2011-11-27,4,0,11,4,0,0,0,1,0.34,0.3485,0.87,0.1045,0,4,4
17159,2012-12-22,1,1,12,17,0,6,0,1,0.28,0.2576,0.41,0.2985,15,99,114
9099,2012-01-20,1,1,1,0,0,5,1,2,0.26,0.2273,0.48,0.2985,3,24,27
8221,2011-12-14,4,0,12,4,0,3,1,1,0.26,0.303,0.75,0,0,4,4
16743,2012-12-05,4,1,12,9,0,3,1,2,0.44,0.4394,0.51,0.2239,26,362,388
10700,2012-03-26,2,1,3,22,0,1,1,1,0.36,0.3333,0.25,0.3582,13,80,93
2429,2011-04-16,2,0,4,2,0,6,0,2,0.36,0.3485,0.87,0.1343,5,19,24
5044,2011-08-03,3,0,8,1,0,3,1,2,0.78,0.7121,0.52,0.1642,7,9,16
5347,2011-08-15,3,0,8,16,0,1,1,1,0.74,0.6818,0.55,0.3284,58,225,283
8955,2012-01-13,1,1,1,23,0,5,1,1,0.18,0.1818,0.47,0.194,5,60,65
11940,2012-05-17,2,1,5,16,0,4,1,1,0.66,0.6212,0.31,0.194,86,344,430
4812,2011-07-24,3,0,7,9,0,0,0,1,0.82,0.7879,0.56,0.3881,42,112,154
8477,2011-12-24,1,0,12,20,0,6,0,1,0.26,0.2727,0.56,0.1343,5,19,24
687,2011-01-31,1,0,1,22,0,1,1,2,0.16,0.1818,0.59,0.1045,0,34,34
4800,2011-07-23,3,0,7,21,0,6,0,1,0.82,0.803,0.59,0.2239,39,115,154
7438,2011-11-11,4,0,11,12,1,5,0,1,0.34,0.2879,0.42,0.4627,41,198,239
2354,2011-04-12,2,0,4,23,0,2,1,2,0.4,0.4091,0.94,0.2537,8,31,39
6354,2011-09-27,4,0,9,7,0,2,1,2,0.62,0.5455,0.94,0.1045,15,234,249
11384,2012-04-24,2,1,4,12,0,2,1,1,0.48,0.4697,0.29,0.3881,36,188,224
4570,2011-07-14,3,0,7,7,0,4,1,1,0.62,0.6212,0.53,0.2537,23,311,334
8214,2011-12-13,4,0,12,21,0,2,1,1,0.3,0.303,0.52,0.1642,5,134,139
2753,2011-04-29,2,0,4,14,0,5,1,1,0.6,0.6212,0.35,0.3284,58,190,248
9078,2012-01-19,1,1,1,3,0,4,1,1,0.12,0.1515,0.54,0.1045,0,4,4
8074,2011-12-08,4,0,12,1,0,4,1,1,0.26,0.2273,0.81,0.3582,1,6,7
14737,2012-09-11,3,1,9,5,0,2,1,1,0.46,0.4545,0.72,0.0896,3,41,44
9110,2012-01-20,1,1,1,11,0,5,1,2,0.2,0.1818,0.32,0.3582,6,117,123
14860,2012-09-16,3,1,9,8,0,0,0,1,0.54,0.5152,0.64,0.1642,34,94,128
1041,2011-02-16,1,0,2,1,0,3,1,1,0.2,0.2273,0.44,0.0896,0,9,9
16982,2012-12-15,4,1,12,8,0,6,0,2,0.26,0.2879,0.75,0.0896,8,111,119
13019,2012-07-01,3,1,7,15,0,0,0,1,0.9,0.8182,0.37,0.2836,101,244,345
7492,2011-11-13,4,0,11,18,0,0,0,1,0.52,0.5,0.27,0.3284,35,155,190
1266,2011-02-25,1,0,2,21,0,5,1,1,0.28,0.2576,0.48,0.3881,7,56,63
12772,2012-06-21,3,1,6,8,0,4,1,1,0.74,0.697,0.7,0,27,563,590
1888,2011-03-24,2,0,3,10,0,4,1,2,0.26,0.2273,0.93,0.3284,10,55,65
7060,2011-10-26,4,0,10,18,0,3,1,1,0.52,0.5,0.77,0.1642,55,398,453
13508,2012-07-22,3,1,7,0,0,0,0,2,0.6,0.5455,0.88,0.1045,17,96,113
278,2011-01-13,1,0,1,0,0,4,1,1,0.14,0.1212,0.59,0.2836,1,6,7
5085,2011-08-04,3,0,8,18,0,4,1,1,0.7,0.6667,0.74,0.2985,88,435,523
10277,2012-03-09,1,1,3,6,0,5,1,2,0.4,0.4091,0.5,0.3582,2,83,85
9438,2012-02-03,1,1,2,3,0,5,1,1,0.28,0.2576,0.56,0.2985,0,4,4
2383,2011-04-14,2,0,4,4,0,4,1,1,0.34,0.3636,0.76,0,1,8,9
572,2011-01-26,1,0,1,0,0,3,1,2,0.22,0.2273,0.69,0.1343,3,14,17
1436,2011-03-05,1,0,3,2,0,6,0,2,0.3,0.2879,0.87,0.194,5,15,20
12095,2012-05-24,2,1,5,3,0,4,1,2,0.6,0.5455,0.88,0.1045,1,3,4
13282,2012-07-12,3,1,7,14,0,4,1,1,0.78,0.6818,0.33,0.2239,42,167,209
9440,2012-02-03,1,1,2,5,0,5,1,1,0.26,0.2576,0.6,0.2239,0,17,17
5353,2011-08-15,3,0,8,22,0,1,1,1,0.66,0.6212,0.69,0.2537,22,76,98
12874,2012-06-25,3,1,6,14,0,1,1,1,0.78,0.697,0.43,0.2537,90,161,251
11719,2012-05-08,2,1,5,11,0,2,1,2,0.6,0.6061,0.64,0.3881,60,157,217
14750,2012-09-11,3,1,9,18,0,2,1,1,0.64,0.6212,0.36,0.1642,110,767,877
10707,2012-03-27,2,1,3,5,0,2,1,1,0.22,0.2121,0.37,0.2836,1,16,17
5446,2011-08-19,3,0,8,19,0,5,1,3,0.62,0.5909,0.73,0.4627,33,132,165
1008,2011-02-14,1,0,2,15,0,1,1,1,0.56,0.5303,0.21,0.6567,19,71,90
12963,2012-06-29,3,1,6,7,0,5,1,1,0.7,0.6515,0.61,0.1045,19,361,380
14701,2012-09-09,3,1,9,17,0,0,0,1,0.7,0.6364,0.37,0.2537,213,458,671
15192,2012-09-30,4,1,9,4,0,0,0,1,0.46,0.4545,0.67,0.0896,1,6,7
4544,2011-07-13,3,0,7,5,0,3,1,1,0.74,0.6818,0.58,0.194,4,22,26
12988,2012-06-30,3,1,6,8,0,6,0,1,0.64,0.5758,0.89,0.1642,26,168,194
16362,2012-11-19,4,1,11,11,0,1,1,2,0.38,0.3939,0.66,0.2537,33,164,197
15583,2012-10-16,4,1,10,11,0,2,1,1,0.5,0.4848,0.45,0.4179,56,172,228
16960,2012-12-14,4,1,12,10,0,5,1,1,0.26,0.2576,0.81,0.194,28,162,190
2065,2011-03-31,2,0,3,21,0,4,1,2,0.28,0.2727,0.93,0.1642,7,53,60
13545,2012-07-23,3,1,7,13,0,1,1,2,0.8,0.7424,0.52,0.1045,64,176,240
1137,2011-02-20,1,0,2,2,0,0,0,1,0.24,0.197,0.41,0.5522,0,17,17
9883,2012-02-21,1,1,2,19,0,2,1,1,0.36,0.3333,0.46,0.2985,5,299,304
11310,2012-04-21,2,1,4,10,0,6,0,1,0.6,0.6061,0.64,0.2836,183,299,482
13837,2012-08-04,3,1,8,17,0,6,0,1,0.88,0.7879,0.37,0.2985,179,313,492
5344,2011-08-15,3,0,8,13,0,1,1,1,0.78,0.7121,0.52,0.2836,53,140,193
10178,2012-03-05,1,1,3,3,0,1,1,1,0.22,0.2273,0.51,0.1642,0,1,1
295,2011-01-13,1,0,1,17,0,4,1,1,0.2,0.1818,0.4,0.2836,4,158,162
9740,2012-02-15,1,1,2,18,0,3,1,1,0.4,0.4091,0.4,0.2239,9,459,468
10205,2012-03-06,1,1,3,6,0,2,1,1,0.18,0.2121,0.51,0.1045,3,99,102
8781,2012-01-06,1,1,1,16,0,5,1,1,0.52,0.5,0.27,0.2836,35,259,294
11522,2012-04-30,2,1,4,6,0,1,1,1,0.4,0.4091,0.47,0.194,2,121,123
2404,2011-04-15,2,0,4,1,1,5,0,1,0.44,0.4394,0.62,0,6,9,15
10322,2012-03-11,1,1,3,4,0,0,0,1,0.24,0.2424,0.6,0.1343,7,15,22
3999,2011-06-20,2,0,6,12,0,1,1,2,0.62,0.6061,0.69,0.1045,33,129,162
9767,2012-02-16,1,1,2,21,0,4,1,2,0.34,0.3485,0.81,0.1045,3,142,145
3742,2011-06-09,2,0,6,19,0,4,1,2,0.84,0.7424,0.39,0.3284,55,271,326
11701,2012-05-07,2,1,5,17,0,1,1,2,0.6,0.6212,0.53,0.3284,102,667,769
6507,2011-10-03,4,0,10,16,0,1,1,2,0.4,0.4091,0.76,0.1045,16,202,218
2720,2011-04-28,2,0,4,5,0,4,1,2,0.62,0.5758,0.83,0.3881,0,13,13
16719,2012-12-04,4,1,12,9,0,2,1,1,0.46,0.4545,0.82,0.1045,19,317,336
12714,2012-06-18,2,1,6,22,0,1,1,2,0.62,0.5909,0.73,0.1642,21,143,164
14871,2012-09-16,3,1,9,19,0,0,0,1,0.62,0.6212,0.5,0.1343,91,312,403
5151,2011-08-07,3,0,8,12,0,0,0,1,0.9,0.8485,0.42,0.2985,161,209,370
2809,2011-05-01,2,0,5,22,0,0,0,2,0.46,0.4545,0.82,0,32,68,100
9018,2012-01-16,1,1,1,14,1,1,0,1,0.24,0.2121,0.44,0.3881,23,158,181
557,2011-01-25,1,0,1,9,0,2,1,2,0.2,0.2273,0.64,0.0896,10,134,144
14469,2012-08-31,3,1,8,1,0,5,1,1,0.68,0.6364,0.83,0.1642,8,24,32
16457,2012-11-23,4,1,11,10,0,5,1,1,0.34,0.3333,0.61,0.1642,87,114,201
4796,2011-07-23,3,0,7,17,0,6,0,1,0.94,0.8788,0.38,0.1343,70,127,197
2470,2011-04-17,2,0,4,19,0,0,0,1,0.56,0.5303,0.3,0.2985,75,135,210
3739,2011-06-09,2,0,6,16,0,4,1,1,0.92,0.8333,0.33,0.1343,30,170,200
4287,2011-07-02,3,0,7,12,0,6,0,1,0.82,0.7121,0.3,0.1343,142,232,374
12644,2012-06-16,2,1,6,0,0,6,0,1,0.58,0.5455,0.56,0.1343,25,112,137
13482,2012-07-20,3,1,7,22,0,5,1,2,0.62,0.5758,0.83,0.194,13,122,135
9909,2012-02-22,1,1,2,21,0,3,1,2,0.48,0.4697,0.33,0.2836,19,220,239
15705,2012-10-21,4,1,10,13,0,0,0,1,0.56,0.5303,0.37,0.2537,243,383,626
2605,2011-04-23,2,0,4,10,0,6,0,2,0.42,0.4242,0.88,0.2239,36,93,129
363,2011-01-16,1,0,1,14,0,0,0,1,0.28,0.2727,0.36,0.2537,22,69,91
6925,2011-10-21,4,0,10,3,0,5,1,1,0.36,0.3485,0.71,0.1343,0,7,7
1705,2011-03-16,1,0,3,16,0,3,1,2,0.4,0.4091,0.76,0.1642,30,121,151
17183,2012-12-23,1,1,12,17,0,0,0,1,0.32,0.3182,0.49,0.194,21,93,114
15931,2012-11-01,4,1,11,11,0,4,1,3,0.36,0.3485,0.62,0.194,14,156,170
14907,2012-09-18,3,1,9,7,0,2,1,2,0.64,0.5758,0.89,0.4478,13,343,356
14689,2012-09-09,3,1,9,5,0,0,0,1,0.52,0.5,0.77,0.194,16,39,55
2140,2011-04-04,2,0,4,0,0,1,1,1,0.4,0.4091,0.5,0.2239,1,5,6
3240,2011-05-19,2,0,5,21,0,4,1,1,0.54,0.5152,0.77,0.2836,29,180,209
2384,2011-04-14,2,0,4,5,0,4,1,1,0.34,0.3485,0.76,0.0896,2,12,14
7315,2011-11-06,4,0,11,9,0,0,0,2,0.3,0.3182,0.75,0.0896,36,134,170
4312,2011-07-03,3,0,7,13,0,0,0,1,0.8,0.7727,0.59,0.2239,248,173,421
9478,2012-02-04,1,1,2,19,0,6,0,3,0.26,0.2727,0.87,0.1343,5,75,80
1313,2011-02-27,1,0,2,21,0,0,0,1,0.38,0.3939,0.62,0.1642,8,61,69
16412,2012-11-21,4,1,11,13,0,3,1,1,0.44,0.4394,0.35,0.2239,70,295,365
16912,2012-12-12,4,1,12,10,0,3,1,2,0.3,0.303,0.56,0.1642,20,116,136
3931,2011-06-17,2,0,6,16,0,5,1,1,0.76,0.6818,0.45,0.1642,69,286,355
6184,2011-09-20,3,0,9,5,0,2,1,2,0.54,0.5152,0.88,0.194,1,21,22
14178,2012-08-18,3,1,8,22,0,6,0,1,0.66,0.6212,0.61,0,90,171,261
16077,2012-11-07,4,1,11,13,0,3,1,2,0.32,0.303,0.53,0.2537,23,158,181
1592,2011-03-11,1,0,3,19,0,5,1,1,0.3,0.2727,0.56,0.3284,7,111,118
13635,2012-07-27,3,1,7,7,0,5,1,1,0.72,0.6818,0.7,0.194,13,397,410
2746,2011-04-29,2,0,4,7,0,5,1,1,0.52,0.5,0.42,0.194,18,222,240
2163,2011-04-04,2,0,4,23,0,1,1,2,0.64,0.6212,0.47,0.2239,18,30,48
2397,2011-04-14,2,0,4,18,0,4,1,1,0.56,0.5303,0.3,0,47,290,337
318,2011-01-14,1,0,1,17,0,5,1,1,0.22,0.2273,0.41,0.1642,4,155,159
14560,2012-09-03,3,1,9,20,1,1,0,1,0.72,0.6818,0.76,0.1045,78,183,261
9517,2012-02-06,1,1,2,11,0,1,1,1,0.26,0.2727,0.7,0.1343,12,104,116
11304,2012-04-21,2,1,4,4,0,6,0,1,0.5,0.4848,0.82,0.2537,0,9,9
5234,2011-08-10,3,0,8,23,0,3,1,1,0.74,0.6515,0.37,0.0896,14,94,108
16436,2012-11-22,4,1,11,13,1,4,0,1,0.46,0.4545,0.31,0,125,144,269
5069,2011-08-04,3,0,8,2,0,4,1,2,0.66,0.5909,0.94,0.0896,2,5,7
4037,2011-06-22,3,0,6,2,0,3,1,1,0.66,0.6061,0.78,0,2,5,7
8988,2012-01-15,1,1,1,8,0,0,0,1,0.12,0.1212,0.54,0.2239,2,34,36
3021,2011-05-10,2,0,5,18,0,2,1,1,0.64,0.6212,0.29,0.1343,70,480,550
9904,2012-02-22,1,1,2,16,0,3,1,1,0.52,0.5,0.29,0.4627,30,268,298
11580,2012-05-02,2,1,5,16,0,3,1,1,0.64,0.6061,0.65,0.1642,54,313,367
8229,2011-12-14,4,0,12,12,0,3,1,2,0.36,0.3636,0.57,0.0896,6,138,144
12742,2012-06-20,2,1,6,2,0,3,1,1,0.66,0.6061,0.83,0.1642,1,5,6
9106,2012-01-20,1,1,1,7,0,5,1,1,0.22,0.2121,0.69,0.2239,2,183,185
13914,2012-08-07,3,1,8,22,0,2,1,1,0.72,0.697,0.74,0.1045,43,181,224
5296,2011-08-13,3,0,8,13,0,6,0,2,0.74,0.7121,0.74,0.3284,61,92,153
3973,2011-06-19,2,0,6,10,0,0,0,2,0.7,0.6515,0.61,0.1045,86,158,244
5371,2011-08-16,3,0,8,16,0,2,1,1,0.8,0.7121,0.41,0.2239,55,248,303
14664,2012-09-08,3,1,9,4,0,6,0,2,0.66,0.5909,0.94,0.2239,3,8,11
4134,2011-06-26,3,0,6,3,0,0,0,1,0.6,0.6061,0.64,0.1045,12,22,34
975,2011-02-13,1,0,2,6,0,0,0,2,0.2,0.2121,0.69,0.1343,2,3,5
7292,2011-11-05,4,0,11,10,0,6,0,1,0.32,0.303,0.53,0.2537,56,171,227
9176,2012-01-23,1,1,1,5,0,1,1,2,0.2,0.2576,0.86,0,0,19,19
15586,2012-10-16,4,1,10,14,0,2,1,1,0.54,0.5152,0.39,0.2537,94,214,308
955,2011-02-12,1,0,2,9,0,6,0,1,0.16,0.1818,0.64,0.1343,5,38,43
9611,2012-02-10,1,1,2,9,0,5,1,1,0.22,0.2273,0.55,0.1642,10,265,275
15621,2012-10-18,4,1,10,1,0,4,1,1,0.46,0.4545,0.82,0.2239,0,14,14
9753,2012-02-16,1,1,2,7,0,4,1,2,0.3,0.303,0.7,0.1343,3,285,288
12328,2012-06-02,2,1,6,20,0,6,0,1,0.62,0.6212,0.35,0.2836,139,260,399
13775,2012-08-02,3,1,8,3,0,4,1,1,0.66,0.6061,0.83,0,0,6,6
16429,2012-11-22,4,1,11,6,1,4,0,1,0.26,0.2727,0.7,0.1045,2,15,17
12458,2012-06-08,2,1,6,6,0,5,1,1,0.52,0.5,0.68,0.0896,8,131,139
9548,2012-02-07,1,1,2,18,0,2,1,1,0.42,0.4242,0.38,0.194,10,508,518
16808,2012-12-08,4,1,12,2,0,6,0,2,0.36,0.3485,0.93,0.1343,3,67,70
5017,2011-08-01,3,0,8,22,0,1,1,1,0.7,0.6515,0.7,0.0896,21,116,137
17161,2012-12-22,1,1,12,19,0,6,0,1,0.24,0.2121,0.48,0.3582,9,51,60
16009,2012-11-04,4,1,11,17,0,0,0,1,0.36,0.3485,0.43,0.194,57,270,327
15901,2012-10-31,4,1,10,5,0,3,1,2,0.3,0.303,0.81,0.1343,0,24,24
9180,2012-01-23,1,1,1,9,0,1,1,2,0.2,0.2273,0.86,0.0896,13,198,211
10875,2012-04-03,2,1,4,6,0,2,1,1,0.3,0.3182,0.61,0.0896,2,98,100
7491,2011-11-13,4,0,11,17,0,0,0,1,0.52,0.5,0.27,0.3284,44,187,231
13240,2012-07-10,3,1,7,20,0,2,1,3,0.64,0.5758,0.83,0.2239,9,75,84
1641,2011-03-13,1,0,3,21,0,0,0,1,0.3,0.2879,0.56,0.2537,9,49,58
1291,2011-02-26,1,0,2,22,0,6,0,1,0.28,0.2727,0.75,0.2239,8,38,46
11874,2012-05-14,2,1,5,22,0,1,1,2,0.58,0.5455,0.78,0.0896,11,118,129
1381,2011-03-02,1,0,3,19,0,3,1,1,0.4,0.4091,0.28,0.5224,6,144,150
1934,2011-03-26,2,0,3,8,0,6,0,1,0.22,0.2273,0.44,0.1343,24,42,66
4676,2011-07-18,3,0,7,17,0,1,1,1,0.84,0.7879,0.49,0.3284,72,473,545
16650,2012-12-01,4,1,12,12,0,6,0,2,0.32,0.3333,0.81,0.0896,119,327,446
11353,2012-04-23,2,1,4,5,0,1,1,3,0.3,0.2879,0.81,0.2836,0,14,14
10223,2012-03-07,1,1,3,0,0,3,1,1,0.28,0.2576,0.65,0.2836,3,12,15
893,2011-02-09,1,0,2,16,0,3,1,2,0.2,0.197,0.37,0.2537,7,72,79
7288,2011-11-05,4,0,11,6,0,6,0,1,0.26,0.2424,0.6,0.2537,3,20,23
4877,2011-07-27,3,0,7,2,0,3,1,1,0.76,0.697,0.52,0.2985,1,5,6
12262,2012-05-31,2,1,5,2,0,4,1,1,0.64,0.6061,0.65,0.0896,6,8,14
7907,2011-12-01,4,0,12,2,0,4,1,1,0.26,0.2273,0.56,0.2985,1,8,9
12448,2012-06-07,2,1,6,20,0,4,1,1,0.66,0.6212,0.36,0.2985,76,402,478
8195,2011-12-13,4,0,12,2,0,2,1,1,0.2,0.2576,0.8,0,1,1,2
14552,2012-09-03,3,1,9,12,1,1,0,2,0.76,0.7121,0.62,0.2985,191,352,543
16872,2012-12-10,4,1,12,18,0,1,1,2,0.46,0.4545,0.88,0.2836,20,544,564
10302,2012-03-10,1,1,3,7,0,6,0,1,0.22,0.2121,0.44,0.2537,4,36,40
9042,2012-01-17,1,1,1,15,0,2,1,1,0.44,0.4394,0.62,0.4925,6,123,129
10930,2012-04-05,2,1,4,13,0,4,1,1,0.46,0.4545,0.31,0,89,202,291
2467,2011-04-17,2,0,4,16,0,0,0,1,0.54,0.5152,0.3,0.3582,161,182,343
7658,2011-11-20,4,0,11,16,0,0,0,2,0.52,0.5,0.63,0.1343,81,225,306
10107,2012-03-02,1,1,3,4,0,5,1,1,0.32,0.3485,0.61,0,0,2,2
9789,2012-02-17,1,1,2,19,0,5,1,1,0.38,0.3939,0.37,0.2239,16,266,282
14065,2012-08-14,3,1,8,5,0,2,1,2,0.68,0.6364,0.89,0.194,1,35,36
1914,2011-03-25,2,0,3,12,0,5,1,1,0.32,0.303,0.42,0.2537,37,108,145
13332,2012-07-14,3,1,7,16,0,6,0,2,0.72,0.697,0.79,0.3582,226,340,566
11363,2012-04-23,2,1,4,15,0,1,1,2,0.36,0.3333,0.62,0.3881,11,101,112
13833,2012-08-04,3,1,8,13,0,6,0,1,0.88,0.8182,0.42,0.2985,195,332,527
2737,2011-04-28,2,0,4,22,0,4,1,1,0.54,0.5152,0.45,0.1642,34,119,153
727,2011-02-02,1,0,2,15,0,3,1,1,0.38,0.3939,0.76,0.3284,10,66,76
7215,2011-11-02,4,0,11,5,0,3,1,1,0.3,0.3333,0.81,0,0,27,27
8246,2011-12-15,4,0,12,5,0,4,1,2,0.32,0.303,0.7,0.2836,0,24,24
1797,2011-03-20,1,0,3,13,0,0,0,1,0.38,0.3939,0.34,0,88,115,203
15877,2012-10-28,4,1,10,17,0,0,0,3,0.46,0.4545,0.77,0.5224,37,188,225
3846,2011-06-14,2,0,6,3,0,2,1,1,0.58,0.5455,0.53,0.3284,1,1,2
14200,2012-08-19,3,1,8,20,0,0,0,2,0.64,0.6061,0.73,0.194,61,213,274
6403,2011-09-29,4,0,9,8,0,4,1,1,0.6,0.5606,0.83,0,29,402,431
10746,2012-03-28,2,1,3,20,0,3,1,1,0.6,0.6212,0.56,0.2985,38,324,362
10993,2012-04-08,2,1,4,4,0,0,0,1,0.4,0.4091,0.4,0,0,7,7
937,2011-02-11,1,0,2,15,0,5,1,1,0.32,0.3182,0.21,0.1642,12,62,74
2266,2011-04-09,2,0,4,6,0,6,0,2,0.3,0.2879,0.93,0.194,0,13,13
825,2011-02-06,1,0,2,19,0,0,0,1,0.28,0.2879,0.61,0.1343,1,20,21
12514,2012-06-10,2,1,6,14,0,0,0,1,0.84,0.7273,0.3,0.1343,186,314,500
7275,2011-11-04,4,0,11,17,0,5,1,1,0.42,0.4242,0.38,0.3582,42,438,480
11594,2012-05-03,2,1,5,6,0,4,1,2,0.46,0.4545,0.88,0.1642,8,128,136
1390,2011-03-03,1,0,3,4,0,4,1,1,0.16,0.1212,0.31,0.4925,0,1,1
3565,2011-06-02,2,0,6,10,0,4,1,1,0.72,0.6515,0.28,0.4925,33,106,139
15603,2012-10-17,4,1,10,7,0,3,1,1,0.36,0.3636,0.81,0.1045,15,449,464
9077,2012-01-19,1,1,1,2,0,4,1,1,0.14,0.1515,0.5,0.1343,0,3,3
5430,2011-08-19,3,0,8,3,0,5,1,1,0.64,0.5909,0.78,0,2,1,3
17279,2012-12-27,1,1,12,19,0,4,1,1,0.24,0.2121,0.6,0.2836,11,106,117
7828,2011-11-27,4,0,11,18,0,0,0,1,0.5,0.4848,0.63,0.1642,25,130,155
13896,2012-08-07,3,1,8,4,0,2,1,1,0.68,0.6364,0.83,0.1343,2,7,9
5691,2011-08-30,3,0,8,13,0,2,1,1,0.74,0.6515,0.35,0.1045,59,170,229
13060,2012-07-03,3,1,7,8,0,2,1,1,0.74,0.6818,0.62,0.0896,42,604,646
14900,2012-09-18,3,1,9,0,0,2,1,3,0.6,0.5152,0.94,0.2537,2,11,13
7879,2011-11-29,4,0,11,22,0,2,1,1,0.38,0.3939,0.82,0.2985,5,90,95
15513,2012-10-13,4,1,10,13,0,6,0,1,0.46,0.4545,0.36,0.194,235,435,670
14562,2012-09-03,3,1,9,22,1,1,0,2,0.7,0.6667,0.84,0.1343,17,104,121
1869,2011-03-23,2,0,3,15,0,3,1,2,0.38,0.3939,0.82,0.2239,11,74,85
13374,2012-07-16,3,1,7,10,0,1,1,1,0.8,0.7727,0.59,0,69,117,186
8203,2011-12-13,4,0,12,10,0,2,1,1,0.3,0.303,0.52,0.1642,3,99,102
11608,2012-05-03,2,1,5,20,0,4,1,1,0.64,0.6061,0.73,0.194,52,368,420
13614,2012-07-26,3,1,7,10,0,4,1,1,0.74,0.697,0.7,0.2239,79,143,222
7487,2011-11-13,4,0,11,13,0,0,0,2,0.52,0.5,0.29,0.4179,105,234,339
9656,2012-02-12,1,1,2,6,0,0,0,1,0.1,0.0758,0.49,0.3881,0,2,2
807,2011-02-06,1,0,2,1,0,0,0,1,0.26,0.2273,0.65,0.4179,4,40,44
4806,2011-07-24,3,0,7,3,0,0,0,1,0.8,0.7879,0.63,0.0896,17,20,37
15740,2012-10-23,4,1,10,0,0,2,1,1,0.46,0.4545,0.88,0.1642,5,32,37
16376,2012-11-20,4,1,11,1,0,2,1,1,0.34,0.3485,0.66,0.1045,3,10,13
12261,2012-05-31,2,1,5,1,0,4,1,1,0.64,0.6061,0.69,0.0896,4,22,26
10301,2012-03-10,1,1,3,6,0,6,0,1,0.22,0.2121,0.44,0.2836,1,11,12
16664,2012-12-02,4,1,12,2,0,0,0,2,0.3,0.3333,0.87,0,2,72,74
17344,2012-12-30,1,1,12,12,0,0,0,1,0.28,0.2273,0.36,0.5821,47,97,144
10427,2012-03-15,1,1,3,13,0,4,1,2,0.66,0.6212,0.41,0.0896,62,211,273
15500,2012-10-13,4,1,10,0,0,6,0,1,0.36,0.3636,0.57,0.0896,31,218,249
9156,2012-01-22,1,1,1,9,0,0,0,2,0.16,0.1515,0.74,0.2239,9,54,63
7512,2011-11-14,4,0,11,14,0,1,1,1,0.62,0.6212,0.46,0.4478,47,138,185
8057,2011-12-07,4,0,12,8,0,3,1,3,0.44,0.4394,1,0,6,80,86
15153,2012-09-28,4,1,9,13,0,5,1,2,0.7,0.6515,0.51,0.2537,106,304,410
4495,2011-07-11,3,0,7,4,0,1,1,1,0.66,0.6212,0.74,0.2239,0,4,4
2633,2011-04-24,2,0,4,14,0,0,0,1,0.7,0.6515,0.54,0.3284,197,223,420
14287,2012-08-23,3,1,8,11,0,4,1,1,0.76,0.6818,0.48,0.0896,86,192,278
17091,2012-12-19,4,1,12,21,0,3,1,1,0.34,0.3182,0.61,0.2239,4,164,168
15285,2012-10-04,4,1,10,1,0,4,1,2,0.62,0.5455,0.94,0,2,23,25
8897,2012-01-11,1,1,1,13,0,3,1,3,0.32,0.3485,0.76,0,8,57,65
8624,2011-12-31,1,0,12,2,0,6,0,2,0.4,0.4091,0.62,0.2836,1,27,28
7833,2011-11-27,4,0,11,23,0,0,0,1,0.48,0.4697,0.72,0.2537,5,27,32
4389,2011-07-06,3,0,7,18,0,3,1,1,0.76,0.7121,0.62,0.194,77,486,563
14270,2012-08-22,3,1,8,18,0,3,1,3,0.66,0.6212,0.61,0.2239,91,592,683
146,2011-01-07,1,0,1,8,0,5,1,1,0.2,0.197,0.51,0.2537,20,190,210
6468,2011-10-02,4,0,10,1,0,0,0,3,0.34,0.3182,0.87,0.2537,1,23,24
2034,2011-03-30,2,0,3,14,0,3,1,2,0.36,0.3333,0.46,0.2985,16,64,80
16030,2012-11-05,4,1,11,14,0,1,1,1,0.38,0.3939,0.4,0.1642,31,165,196
16641,2012-12-01,4,1,12,3,0,6,0,2,0.26,0.2727,0.81,0.1343,1,14,15
1166,2011-02-21,1,0,2,8,1,1,0,2,0.32,0.303,0.57,0.2985,7,56,63
11693,2012-05-07,2,1,5,9,0,1,1,2,0.5,0.4848,0.82,0.2239,61,289,350
2051,2011-03-31,2,0,3,7,0,4,1,3,0.24,0.2273,0.93,0.2537,5,87,92
3761,2011-06-10,2,0,6,14,0,5,1,1,0.86,0.7727,0.39,0,44,121,165
10817,2012-03-31,2,1,3,19,0,6,0,1,0.42,0.4242,0.71,0.4478,93,191,284
12677,2012-06-17,2,1,6,9,0,0,0,1,0.56,0.5303,0.68,0.1642,91,183,274
4436,2011-07-08,3,0,7,17,0,5,1,3,0.66,0.5909,0.89,0.4478,6,161,167
3431,2011-05-27,2,0,5,20,0,5,1,2,0.62,0.5909,0.73,0.2239,24,120,144
8191,2011-12-12,4,0,12,22,0,1,1,1,0.26,0.303,0.7,0,0,71,71
16264,2012-11-15,4,1,11,9,0,4,1,2,0.32,0.3182,0.61,0.194,17,306,323
7070,2011-10-27,4,0,10,4,0,4,1,3,0.48,0.4697,0.88,0,1,3,4
4362,2011-07-05,3,0,7,15,0,2,1,1,0.82,0.7424,0.43,0,51,111,162
10617,2012-03-23,2,1,3,11,0,5,1,2,0.62,0.5909,0.73,0.1045,131,187,318
9455,2012-02-03,1,1,2,20,0,5,1,1,0.34,0.3485,0.49,0.1045,8,155,163
1772,2011-03-19,1,0,3,12,0,6,0,1,0.46,0.4545,0.33,0.4179,126,141,267
3512,2011-05-31,2,0,5,5,0,2,1,1,0.66,0.6061,0.83,0.0896,0,26,26
272,2011-01-12,1,0,1,18,0,3,1,1,0.2,0.1515,0.47,0.5224,2,135,137
12985,2012-06-30,3,1,6,5,0,6,0,1,0.64,0.5758,0.89,0.1642,3,7,10
13036,2012-07-02,3,1,7,8,0,1,1,1,0.76,0.697,0.52,0.194,20,548,568
8437,2011-12-23,1,0,12,4,0,5,1,3,0.38,0.3939,0.94,0.2836,0,2,2
12606,2012-06-14,2,1,6,10,0,4,1,1,0.64,0.6061,0.65,0.4179,47,132,179
12765,2012-06-21,3,1,6,1,0,4,1,1,0.72,0.697,0.79,0.1343,2,16,18
2033,2011-03-30,2,0,3,13,0,3,1,2,0.36,0.3485,0.46,0.2239,14,84,98
17033,2012-12-17,4,1,12,11,0,1,1,2,0.4,0.4091,0.87,0.0896,22,148,170
12317,2012-06-02,2,1,6,9,0,6,0,1,0.56,0.5303,0.6,0.2537,89,243,332
9006,2012-01-16,1,1,1,2,1,1,0,1,0.14,0.2121,0.46,0,3,14,17
17102,2012-12-20,4,1,12,8,0,4,1,2,0.3,0.3333,0.7,0,14,585,599
14203,2012-08-19,3,1,8,23,0,0,0,2,0.62,0.5909,0.73,0,7,39,46
3811,2011-06-12,2,0,6,16,0,0,0,3,0.68,0.6364,0.83,0.2836,115,235,350
13920,2012-08-08,3,1,8,4,0,3,1,1,0.7,0.6667,0.84,0,1,6,7
15776,2012-10-24,4,1,10,12,0,3,1,1,0.62,0.6061,0.61,0.0896,48,268,316
13586,2012-07-25,3,1,7,6,0,3,1,1,0.64,0.6061,0.65,0.194,11,179,190
11405,2012-04-25,2,1,4,9,0,3,1,1,0.42,0.4242,0.54,0,33,288,321
9997,2012-02-26,1,1,2,13,0,0,0,1,0.32,0.3333,0.36,0,58,267,325
16695,2012-12-03,4,1,12,9,0,1,1,1,0.4,0.4091,0.87,0.0896,19,289,308
4347,2011-07-05,3,0,7,0,0,2,1,2,0.7,0.6515,0.65,0.1642,19,36,55
10654,2012-03-25,2,1,3,0,0,0,0,2,0.44,0.4394,0.94,0.2836,18,62,80
546,2011-01-24,1,0,1,21,0,1,1,1,0.14,0.1515,0.63,0.1642,6,53,59
3242,2011-05-19,2,0,5,23,0,4,1,1,0.48,0.4697,0.94,0,9,63,72
8931,2012-01-12,1,1,1,23,0,4,1,1,0.4,0.4091,0.76,0.3284,7,60,67
8503,2011-12-25,1,0,12,23,0,0,0,1,0.26,0.2727,0.65,0.1343,2,14,16
11714,2012-05-08,2,1,5,6,0,2,1,1,0.5,0.4848,0.77,0.2985,7,158,165
15230,2012-10-01,4,1,10,18,0,1,1,3,0.56,0.5303,0.64,0.1045,42,571,613
9324,2012-01-29,1,1,1,9,0,0,0,1,0.18,0.197,0.43,0.1343,13,98,111
13738,2012-07-31,3,1,7,14,0,2,1,1,0.8,0.7576,0.55,0.2836,72,188,260
8685,2012-01-02,1,1,1,16,1,1,0,1,0.26,0.2273,0.35,0.4179,10,144,154
12304,2012-06-01,2,1,6,20,0,5,1,3,0.62,0.5455,0.94,0.2537,1,38,39
15521,2012-10-13,4,1,10,21,0,6,0,1,0.4,0.4091,0.58,0.194,47,157,204
10962,2012-04-06,2,1,4,21,0,5,1,1,0.44,0.4394,0.26,0.1343,54,136,190
7565,2011-11-16,4,0,11,19,0,3,1,3,0.46,0.4545,0.88,0.3881,3,108,111
921,2011-02-10,1,0,2,21,0,4,1,1,0.14,0.2121,0.39,0,2,70,72
15318,2012-10-05,4,1,10,10,0,5,1,1,0.66,0.6212,0.54,0,68,192,260
5469,2011-08-20,3,0,8,18,0,6,0,1,0.76,0.7121,0.58,0.2537,169,225,394
11780,2012-05-11,2,1,5,0,0,5,1,1,0.46,0.4545,0.55,0.1045,17,47,64
6641,2011-10-09,4,0,10,6,0,0,0,1,0.44,0.4394,0.88,0,7,14,21
12152,2012-05-26,2,1,5,12,0,6,0,1,0.74,0.697,0.66,0.2239,236,293,529
7695,2011-11-22,4,0,11,5,0,2,1,3,0.38,0.3939,0.94,0.1642,1,17,18
8231,2011-12-14,4,0,12,14,0,3,1,2,0.38,0.3939,0.54,0.0896,17,134,151
12652,2012-06-16,2,1,6,8,0,6,0,1,0.58,0.5455,0.64,0.1642,47,157,204
7127,2011-10-29,4,0,10,13,0,6,0,3,0.24,0.197,0.87,0.5224,0,30,30
4279,2011-07-02,3,0,7,4,0,6,0,1,0.62,0.6061,0.61,0,3,8,11
15322,2012-10-05,4,1,10,14,0,5,1,1,0.74,0.6515,0.37,0.2239,113,287,400
2984,2011-05-09,2,0,5,5,0,1,1,1,0.42,0.4242,0.77,0.1642,0,23,23
13483,2012-07-20,3,1,7,23,0,5,1,2,0.62,0.5758,0.83,0.2836,18,148,166
15141,2012-09-28,4,1,9,1,0,5,1,3,0.6,0.5455,0.88,0,0,13,13
131,2011-01-06,1,0,1,16,0,4,1,1,0.26,0.2576,0.38,0.1642,12,74,86
13410,2012-07-17,3,1,7,22,0,2,1,1,0.8,0.7576,0.55,0.2239,29,215,244
7981,2011-12-04,4,0,12,4,0,0,0,1,0.26,0.303,0.87,0,2,9,11
14524,2012-09-02,3,1,9,8,0,0,0,1,0.68,0.6364,0.89,0.0896,30,99,129
2668,2011-04-26,2,0,4,1,0,2,1,1,0.62,0.5909,0.73,0.2836,16,5,21
7139,2011-10-30,4,0,10,1,0,0,0,1,0.22,0.2121,0.87,0.2537,9,34,43
3224,2011-05-19,2,0,5,5,0,4,1,1,0.48,0.4697,0.94,0,2,24,26
9375,2012-01-31,1,1,1,12,0,2,1,1,0.4,0.4091,0.43,0.2985,13,181,194
7694,2011-11-22,4,0,11,4,0,2,1,3,0.38,0.3939,0.94,0.1642,0,7,7
5393,2011-08-17,3,0,8,14,0,3,1,1,0.82,0.7273,0.36,0.1642,54,138,192
615,2011-01-28,1,0,1,20,0,5,1,2,0.24,0.2273,0.7,0.194,1,61,62
17297,2012-12-28,1,1,12,13,0,5,1,2,0.3,0.303,0.49,0.1343,76,146,222
1467,2011-03-06,1,0,3,10,0,0,0,2,0.42,0.4242,1,0.2985,4,27,31
4498,2011-07-11,3,0,7,7,0,1,1,1,0.7,0.6667,0.74,0.2537,28,289,317
3043,2011-05-11,2,0,5,16,0,3,1,1,0.66,0.6212,0.39,0,49,240,289
9127,2012-01-21,1,1,1,4,0,6,0,3,0.16,0.197,0.86,0.0896,0,1,1
2420,2011-04-15,2,0,4,17,1,5,0,2,0.5,0.4848,0.63,0.3881,64,267,331
5086,2011-08-04,3,0,8,19,0,4,1,1,0.7,0.6667,0.74,0.2836,65,301,366
3295,2011-05-22,2,0,5,4,0,0,0,1,0.5,0.4848,1,0,3,9,12
6738,2011-10-13,4,0,10,7,0,4,1,3,0.54,0.5152,1,0.1343,5,76,81
1501,2011-03-07,1,0,3,21,0,1,1,1,0.28,0.2727,0.38,0.2239,1,53,54
13015,2012-07-01,3,1,7,11,0,0,0,1,0.88,0.803,0.39,0.2239,121,256,377
9019,2012-01-16,1,1,1,15,1,1,0,1,0.26,0.2121,0.44,0.4478,17,175,192
1522,2011-03-08,1,0,3,18,0,2,1,1,0.34,0.3333,0.27,0.194,21,214,235
16633,2012-11-30,4,1,11,19,0,5,1,1,0.32,0.3485,0.66,0,18,359,377
15024,2012-09-23,4,1,9,4,0,0,0,1,0.46,0.4545,0.55,0.2239,1,9,10
11123,2012-04-13,2,1,4,15,0,5,1,1,0.54,0.5152,0.28,0.2537,115,237,352
4233,2011-06-30,3,0,6,6,0,4,1,1,0.6,0.6061,0.64,0.2537,4,119,123
7687,2011-11-21,4,0,11,21,0,1,1,3,0.4,0.4091,0.87,0.1642,11,103,114
8821,2012-01-08,1,1,1,8,0,0,0,1,0.3,0.303,0.52,0.1343,4,53,57
4431,2011-07-08,3,0,7,12,0,5,1,2,0.76,0.7273,0.7,0.2836,49,164,213
12046,2012-05-22,2,1,5,2,0,2,1,2,0.58,0.5455,0.83,0.1045,1,10,11
391,2011-01-17,1,0,1,18,1,1,0,2,0.18,0.1667,0.55,0.2537,7,85,92
12538,2012-06-11,2,1,6,14,0,1,1,2,0.82,0.7273,0.34,0.2836,66,193,259
3158,2011-05-16,2,0,5,11,0,1,1,1,0.64,0.6212,0.57,0,56,129,185
7125,2011-10-29,4,0,10,11,0,6,0,3,0.26,0.2273,0.93,0.3881,1,26,27
5914,2011-09-08,3,0,9,22,0,4,1,3,0.62,0.5152,1,0.0896,5,65,70
12183,2012-05-27,2,1,5,19,0,0,0,1,0.76,0.7121,0.58,0.194,230,212,442
8593,2011-12-29,1,0,12,19,0,4,1,1,0.3,0.3182,0.56,0.1045,11,124,135
4807,2011-07-24,3,0,7,4,0,0,0,1,0.78,0.7576,0.66,0.1045,1,5,6
13328,2012-07-14,3,1,7,12,0,6,0,2,0.74,0.697,0.66,0.0896,181,318,499
16485,2012-11-24,4,1,11,14,0,6,0,1,0.32,0.2879,0.33,0.4627,58,149,207
11552,2012-05-01,2,1,5,12,0,2,1,2,0.7,0.6515,0.58,0.2239,41,228,269
8239,2011-12-14,4,0,12,22,0,3,1,1,0.34,0.3333,0.66,0.1642,5,99,104
13850,2012-08-05,3,1,8,6,0,0,0,1,0.72,0.697,0.79,0.2537,7,12,19
8045,2011-12-06,4,0,12,20,0,2,1,3,0.46,0.4545,1,0.2985,3,107,110
17207,2012-12-24,1,1,12,18,0,1,1,3,0.24,0.2576,0.93,0.1045,6,20,26
3994,2011-06-20,2,0,6,7,0,1,1,3,0.56,0.5303,0.88,0.194,0,46,46
11835,2012-05-13,2,1,5,7,0,0,0,1,0.52,0.5,0.68,0.1642,18,42,60
11919,2012-05-16,2,1,5,19,0,3,1,1,0.7,0.6515,0.54,0.2836,91,499,590
17008,2012-12-16,4,1,12,10,0,0,0,2,0.36,0.3485,0.87,0.1343,42,215,257
13401,2012-07-17,3,1,7,13,0,2,1,1,0.92,0.8182,0.31,0.194,53,168,221
6610,2011-10-07,4,0,10,23,0,5,1,1,0.5,0.4848,0.63,0,23,113,136
15897,2012-10-31,4,1,10,1,0,3,1,2,0.3,0.3182,0.81,0.0896,0,8,8
5320,2011-08-14,3,0,8,13,0,0,0,1,0.72,0.697,0.74,0.2537,144,233,377
8902,2012-01-11,1,1,1,18,0,3,1,3,0.34,0.3333,0.87,0.194,2,96,98
7120,2011-10-29,4,0,10,6,0,6,0,3,0.26,0.2273,0.87,0.3582,4,1,5
2422,2011-04-15,2,0,4,19,1,5,0,1,0.42,0.4242,0.77,0.3881,41,168,209
5605,2011-08-26,3,0,8,10,0,5,1,1,0.74,0.697,0.66,0.0896,34,89,123
1751,2011-03-18,1,0,3,15,0,5,1,2,0.68,0.6364,0.39,0.3582,62,111,173
11345,2012-04-22,2,1,4,21,0,0,0,3,0.36,0.3333,0.87,0.3881,0,11,11
17111,2012-12-20,4,1,12,17,0,4,1,2,0.34,0.3333,0.66,0.194,25,450,475
12255,2012-05-30,2,1,5,19,0,3,1,1,0.72,0.6667,0.54,0.1642,50,506,556
17148,2012-12-22,1,1,12,6,0,6,0,1,0.26,0.2273,0.44,0.4179,0,13,13
339,2011-01-15,1,0,1,14,0,6,0,1,0.3,0.2879,0.39,0.2836,26,92,118
8408,2011-12-21,1,0,12,23,0,3,1,1,0.5,0.4848,0.88,0.194,0,54,54
11856,2012-05-14,2,1,5,4,0,1,1,2,0.54,0.5152,0.77,0.2239,3,3,6
1342,2011-03-01,1,0,3,4,0,2,1,1,0.22,0.2121,0.69,0.2537,0,1,1
4108,2011-06-25,3,0,6,1,0,6,0,1,0.66,0.6212,0.5,0.1642,20,75,95
7983,2011-12-04,4,0,12,6,0,0,0,1,0.24,0.2879,0.93,0,1,3,4
17244,2012-12-26,1,1,12,8,0,3,1,3,0.2,0.1818,0.86,0.3284,0,31,31
12087,2012-05-23,2,1,5,19,0,3,1,2,0.62,0.5758,0.83,0.1642,40,336,376
3641,2011-06-05,2,0,6,14,0,0,0,1,0.7,0.6515,0.58,0.1642,161,224,385
330,2011-01-15,1,0,1,5,0,6,0,1,0.16,0.2273,0.59,0,0,1,1
16380,2012-11-20,4,1,11,5,0,2,1,2,0.34,0.3333,0.66,0.1343,2,32,34
3005,2011-05-10,2,0,5,2,0,2,1,1,0.44,0.4394,0.58,0.1343,1,4,5
6961,2011-10-22,4,0,10,15,0,6,0,1,0.48,0.4697,0.51,0.2239,159,223,382
4091,2011-06-24,3,0,6,8,0,5,1,1,0.7,0.6667,0.74,0.2239,27,439,466
16315,2012-11-17,4,1,11,12,0,6,0,1,0.4,0.4091,0.4,0.1642,117,359,476
11308,2012-04-21,2,1,4,8,0,6,0,1,0.52,0.5,0.81,0.2537,52,149,201
9829,2012-02-19,1,1,2,11,0,0,0,2,0.26,0.2273,0.56,0.3284,82,144,226
2323,2011-04-11,2,0,4,16,0,1,1,1,0.74,0.6667,0.48,0.5224,73,162,235
6668,2011-10-10,4,0,10,9,1,1,0,1,0.54,0.5152,0.77,0,58,161,219
7010,2011-10-24,4,0,10,16,0,1,1,1,0.54,0.5152,0.64,0.194,68,242,310
4198,2011-06-28,3,0,6,19,0,2,1,2,0.74,0.6818,0.58,0.4627,44,255,299
3550,2011-06-01,2,0,6,19,0,3,1,2,0.74,0.7121,0.79,0.1642,16,248,264
9651,2012-02-12,1,1,2,1,0,0,0,3,0.08,0.0455,0.79,0.4627,0,24,24
8364,2011-12-20,4,0,12,3,0,2,1,2,0.34,0.3636,0.61,0,1,1,2
4204,2011-06-29,3,0,6,1,0,3,1,1,0.68,0.6364,0.79,0.2985,10,18,28
16814,2012-12-08,4,1,12,8,0,6,0,2,0.38,0.3939,0.94,0.0896,5,106,111
11762,2012-05-10,2,1,5,6,0,4,1,1,0.44,0.4394,0.72,0.2239,9,130,139
12419,2012-06-06,2,1,6,15,0,3,1,1,0.64,0.6212,0.38,0,75,225,300
16466,2012-11-23,4,1,11,19,0,5,1,2,0.46,0.4545,0.47,0.1642,33,121,154
13351,2012-07-15,3,1,7,11,0,0,0,1,0.82,0.7727,0.52,0.1642,170,281,451
16519,2012-11-26,4,1,11,0,0,1,1,1,0.22,0.2727,0.69,0,4,19,23
6186,2011-09-20,3,0,9,7,0,2,1,2,0.54,0.5152,0.88,0.1642,23,306,329
1640,2011-03-13,1,0,3,20,0,0,0,1,0.32,0.303,0.57,0.2985,23,54,77
9131,2012-01-21,1,1,1,8,0,6,0,2,0.16,0.1515,0.93,0.2537,3,22,25
61,2011-01-03,1,0,1,15,0,1,1,1,0.26,0.2424,0.3,0.2537,14,58,72
1241,2011-02-24,1,0,2,19,0,4,1,3,0.34,0.303,0.93,0.2985,3,112,115
5761,2011-09-02,3,0,9,11,0,5,1,2,0.66,0.6212,0.74,0.1045,51,141,192
5137,2011-08-06,3,0,8,22,0,6,0,2,0.7,0.6667,0.84,0.3284,24,96,120
2344,2011-04-12,2,0,4,13,0,2,1,3,0.54,0.5152,0.68,0.2836,22,84,106
15049,2012-09-24,4,1,9,5,0,1,1,1,0.46,0.4545,0.63,0,2,35,37
2121,2011-04-03,2,0,4,5,0,0,0,1,0.28,0.2727,0.65,0.2239,1,4,5
1525,2011-03-08,1,0,3,21,0,2,1,1,0.3,0.2879,0.49,0.194,7,68,75
7618,2011-11-19,4,0,11,0,0,6,0,1,0.26,0.2576,0.56,0.194,4,49,53
154,2011-01-07,1,0,1,16,0,5,1,2,0.2,0.2121,0.37,0.1642,5,82,87
14537,2012-09-02,3,1,9,21,0,0,0,1,0.7,0.6515,0.7,0.1642,79,92,171
482,2011-01-22,1,0,1,2,0,6,0,2,0.04,0.0303,0.41,0.2537,0,11,11
6123,2011-09-17,3,0,9,16,0,6,0,1,0.54,0.5152,0.68,0.2537,116,189,305
12653,2012-06-16,2,1,6,9,0,6,0,1,0.6,0.6061,0.6,0.0896,88,279,367
12113,2012-05-24,2,1,5,21,0,4,1,3,0.64,0.5909,0.78,0.1642,48,237,285
15851,2012-10-27,4,1,10,15,0,6,0,2,0.56,0.5303,0.6,0.2836,310,401,711
1763,2011-03-19,1,0,3,3,0,6,0,2,0.54,0.5152,0.39,0.3284,1,7,8
15827,2012-10-26,4,1,10,15,0,5,1,2,0.62,0.6061,0.61,0.1045,142,306,448
15508,2012-10-13,4,1,10,8,0,6,0,1,0.34,0.3485,0.53,0.1045,23,151,174
8943,2012-01-13,1,1,1,11,0,5,1,1,0.24,0.1818,0.38,0.6119,12,102,114
7716,2011-11-23,4,0,11,2,0,3,1,3,0.5,0.4848,0.94,0.3582,1,5,6
4854,2011-07-26,3,0,7,3,0,2,1,1,0.68,0.6364,0.89,0.1343,2,2,4
2712,2011-04-27,2,0,4,21,0,3,1,1,0.62,0.5606,0.88,0.2836,19,126,145
11047,2012-04-10,2,1,4,10,0,2,1,1,0.46,0.4545,0.47,0.1642,49,132,181
6820,2011-10-16,4,0,10,17,0,0,0,1,0.58,0.5455,0.49,0.4627,152,253,405
13082,2012-07-04,3,1,7,6,1,3,0,1,0.66,0.6212,0.69,0,9,23,32
11556,2012-05-01,2,1,5,16,0,2,1,1,0.74,0.6667,0.45,0.194,41,313,354
5942,2011-09-10,3,0,9,2,0,6,0,2,0.6,0.5,0.97,0.1045,18,46,64
3068,2011-05-12,2,0,5,17,0,4,1,2,0.64,0.6212,0.57,0.194,54,540,594
3630,2011-06-05,2,0,6,3,0,0,0,2,0.62,0.6061,0.65,0.1642,22,25,47
3029,2011-05-11,2,0,5,2,0,3,1,1,0.52,0.5,0.59,0,6,4,10
2970,2011-05-08,2,0,5,15,0,0,0,1,0.6,0.6212,0.49,0,128,230,358
11665,2012-05-06,2,1,5,5,0,0,0,3,0.52,0.5,0.83,0.1642,1,10,11
8647,2012-01-01,1,1,1,1,0,0,0,1,0.36,0.3485,0.66,0.1343,15,78,93
15157,2012-09-28,4,1,9,17,0,5,1,2,0.66,0.6212,0.54,0.2985,101,707,808
16628,2012-11-30,4,1,11,14,0,5,1,2,0.4,0.4091,0.4,0.1045,26,225,251
4264,2011-07-01,3,0,7,13,0,5,1,1,0.8,0.6818,0.24,0,83,209,292
15647,2012-10-19,4,1,10,3,0,5,1,2,0.56,0.5303,0.83,0,0,5,5
7993,2011-12-04,4,0,12,16,0,0,0,1,0.42,0.4242,0.58,0.2239,64,266,330
8042,2011-12-06,4,0,12,17,0,2,1,2,0.46,0.4545,1,0.2239,13,249,262
15989,2012-11-03,4,1,11,21,0,6,0,1,0.34,0.3485,0.53,0.1045,31,135,166
1623,2011-03-13,1,0,3,3,0,0,0,1,0.34,0.3333,0.76,0.1343,6,17,23
12876,2012-06-25,3,1,6,16,0,1,1,1,0.8,0.697,0.31,0.3881,104,310,414
7185,2011-10-31,4,0,10,23,0,1,1,2,0.36,0.3485,0.76,0.194,6,46,52
5476,2011-08-21,3,0,8,1,0,0,0,1,0.68,0.6364,0.79,0.2239,17,69,86
8997,2012-01-15,1,1,1,17,0,0,0,1,0.22,0.2121,0.25,0.2537,15,131,146
11373,2012-04-24,2,1,4,1,0,2,1,2,0.32,0.3333,0.81,0.1343,1,6,7
8634,2011-12-31,1,0,12,12,0,6,0,1,0.52,0.5,0.39,0.2985,93,180,273
1305,2011-02-27,1,0,2,13,0,0,0,1,0.42,0.4242,0.47,0,90,169,259
8429,2011-12-22,1,0,12,20,0,4,1,3,0.42,0.4242,0.71,0,0,33,33
4034,2011-06-21,3,0,6,23,0,2,1,1,0.7,0.6667,0.74,0.1045,11,53,64
2600,2011-04-23,2,0,4,5,0,6,0,3,0.34,0.3636,1,0,1,6,7
12809,2012-06-22,3,1,6,21,0,5,1,3,0.68,0.6364,0.65,0.2836,40,177,217
2574,2011-04-22,2,0,4,3,0,5,1,1,0.36,0.3333,0.53,0.2985,0,2,2
3187,2011-05-17,2,0,5,16,0,2,1,1,0.62,0.6061,0.61,0.3284,73,217,290
4832,2011-07-25,3,0,7,5,0,1,1,1,0.72,0.7121,0.84,0.0896,2,22,24
16087,2012-11-07,4,1,11,23,0,3,1,3,0.28,0.2727,0.65,0.2239,3,37,40
2107,2011-04-02,2,0,4,15,0,6,0,3,0.34,0.303,0.76,0.3881,72,64,136
15518,2012-10-13,4,1,10,18,0,6,0,1,0.46,0.4545,0.44,0.1343,174,299,473
12881,2012-06-25,3,1,6,21,0,1,1,1,0.68,0.6212,0.3,0.3284,50,281,331
17113,2012-12-20,4,1,12,19,0,4,1,3,0.34,0.3182,0.71,0.2537,3,115,118
7084,2011-10-27,4,0,10,18,0,4,1,2,0.48,0.4697,0.67,0.4627,14,226,240
13193,2012-07-08,3,1,7,21,0,0,0,1,0.76,0.7273,0.7,0.1343,58,149,207
1280,2011-02-26,1,0,2,11,0,6,0,1,0.3,0.3333,0.45,0,26,100,126
13222,2012-07-10,3,1,7,2,0,2,1,1,0.7,0.6667,0.74,0.1343,1,15,16
805,2011-02-05,1,0,2,23,0,6,0,1,0.26,0.2576,0.93,0.2239,7,52,59
14597,2012-09-05,3,1,9,9,0,3,1,1,0.74,0.697,0.7,0.2537,27,263,290
11383,2012-04-24,2,1,4,11,0,2,1,1,0.46,0.4545,0.31,0.3881,27,157,184
4567,2011-07-14,3,0,7,4,0,4,1,1,0.62,0.6212,0.53,0.2537,0,6,6
17109,2012-12-20,4,1,12,15,0,4,1,2,0.34,0.3333,0.57,0.194,33,216,249
15359,2012-10-07,4,1,10,3,0,0,0,2,0.44,0.4394,0.62,0.1343,5,17,22
4842,2011-07-25,3,0,7,15,0,1,1,1,0.7,0.6667,0.84,0.3881,16,96,112
10113,2012-03-02,1,1,3,10,0,5,1,1,0.36,0.3485,0.5,0.1642,14,118,132
8706,2012-01-03,1,1,1,13,0,2,1,1,0.18,0.1212,0.34,0.6567,5,68,73
13860,2012-08-05,3,1,8,16,0,0,0,1,0.82,0.7576,0.46,0.2537,143,278,421
9107,2012-01-20,1,1,1,8,0,5,1,1,0.22,0.2121,0.64,0.2537,4,421,425
3453,2011-05-28,2,0,5,18,0,6,0,1,0.72,0.6818,0.62,0.2537,173,212,385
2199,2011-04-06,2,0,4,11,0,3,1,1,0.42,0.4242,0.38,0.3881,23,70,93
16033,2012-11-05,4,1,11,17,0,1,1,1,0.34,0.3182,0.46,0.2239,34,604,638
4426,2011-07-08,3,0,7,7,0,5,1,2,0.7,0.6667,0.79,0.194,30,302,332
6151,2011-09-18,3,0,9,20,0,0,0,2,0.54,0.5152,0.68,0.0896,44,136,180
14290,2012-08-23,3,1,8,14,0,4,1,1,0.78,0.697,0.46,0.2239,114,191,305
823,2011-02-06,1,0,2,17,0,0,0,1,0.34,0.3636,0.46,0,24,97,121
15071,2012-09-25,4,1,9,3,0,2,1,1,0.42,0.4242,0.71,0.0896,2,3,5
8357,2011-12-19,4,0,12,20,0,1,1,1,0.4,0.4091,0.4,0.1642,9,197,206
12176,2012-05-27,2,1,5,12,0,0,0,1,0.74,0.697,0.66,0.2537,301,269,570
15150,2012-09-28,4,1,9,10,0,5,1,2,0.64,0.5909,0.78,0.1343,51,194,245
9504,2012-02-05,1,1,2,21,0,0,0,1,0.28,0.2879,0.56,0.1045,6,60,66
16978,2012-12-15,4,1,12,4,0,6,0,2,0.24,0.2576,0.87,0.1045,1,5,6
16533,2012-11-26,4,1,11,14,0,1,1,1,0.42,0.4242,0.35,0,51,177,228
13576,2012-07-24,3,1,7,20,0,2,1,1,0.74,0.697,0.66,0.1642,85,438,523
3055,2011-05-12,2,0,5,4,0,4,1,1,0.42,0.4242,0.94,0,1,5,6
7219,2011-11-02,4,0,11,9,0,3,1,1,0.34,0.3636,0.87,0,15,213,228
6723,2011-10-12,4,0,10,16,0,3,1,2,0.56,0.5303,0.88,0.2239,5,50,55
3301,2011-05-22,2,0,5,10,0,0,0,1,0.64,0.6061,0.65,0.1343,135,170,305
8520,2011-12-26,1,0,12,17,1,1,0,1,0.34,0.3182,0.46,0.2239,30,67,97
16381,2012-11-20,4,1,11,6,0,2,1,2,0.34,0.3333,0.71,0.1642,2,146,148
10683,2012-03-26,2,1,3,5,0,1,1,1,0.44,0.4394,0.77,0.1642,0,36,36
14296,2012-08-23,3,1,8,20,0,4,1,1,0.7,0.6515,0.61,0.1045,70,404,474
10999,2012-04-08,2,1,4,10,0,0,0,1,0.5,0.4848,0.25,0.2239,113,186,299
12601,2012-06-14,2,1,6,5,0,4,1,2,0.6,0.6212,0.56,0.2537,0,40,40
11272,2012-04-19,2,1,4,20,0,4,1,1,0.56,0.5303,0.49,0.2239,52,352,404
17217,2012-12-25,1,1,12,5,1,2,0,2,0.22,0.2273,0.93,0.1343,2,1,3
7644,2011-11-20,4,0,11,2,0,0,0,1,0.4,0.4091,0.62,0.2836,12,44,56
16439,2012-11-22,4,1,11,16,1,4,0,1,0.46,0.4545,0.33,0,101,81,182
14423,2012-08-29,3,1,8,3,0,3,1,1,0.62,0.5909,0.73,0.1045,0,9,9
10094,2012-03-01,1,1,3,15,0,4,1,1,0.6,0.6212,0.31,0.2537,31,192,223
1482,2011-03-07,1,0,3,1,0,1,1,3,0.2,0.1818,1,0.3284,0,2,2
4874,2011-07-26,3,0,7,23,0,2,1,1,0.76,0.7121,0.58,0.1045,18,71,89
13088,2012-07-04,3,1,7,12,1,3,0,1,0.86,0.7879,0.41,0.2239,164,330,494
16003,2012-11-04,4,1,11,11,0,0,0,1,0.38,0.3939,0.46,0.2239,134,311,445
8039,2011-12-06,4,0,12,14,0,2,1,3,0.48,0.4697,1,0.2239,6,69,75
12343,2012-06-03,2,1,6,11,0,0,0,1,0.64,0.6212,0.41,0.2537,199,312,511
5798,2011-09-04,3,0,9,0,0,0,0,1,0.66,0.5909,0.89,0.194,33,76,109
11486,2012-04-28,2,1,4,18,0,6,0,3,0.4,0.4091,0.47,0,17,73,90
5233,2011-08-10,3,0,8,22,0,3,1,1,0.74,0.6515,0.37,0,17,122,139
6646,2011-10-09,4,0,10,11,0,0,0,1,0.62,0.6212,0.53,0.0896,189,234,423
15535,2012-10-14,4,1,10,11,0,0,0,1,0.56,0.5303,0.52,0.2985,156,338,494
5491,2011-08-21,3,0,8,16,0,0,0,1,0.72,0.697,0.79,0.1642,97,161,258
769,2011-02-04,1,0,2,11,0,5,1,1,0.22,0.2273,0.51,0.1642,3,61,64
7312,2011-11-06,4,0,11,6,0,0,0,1,0.26,0.2879,0.81,0.0896,5,11,16
17328,2012-12-29,1,1,12,20,0,6,0,2,0.3,0.2424,0.56,0.5522,2,64,66
2718,2011-04-28,2,0,4,3,0,4,1,2,0.64,0.5909,0.78,0.3881,2,1,3
2080,2011-04-01,2,0,4,12,0,5,1,1,0.34,0.303,0.53,0.3582,15,80,95
952,2011-02-12,1,0,2,6,0,6,0,1,0.12,0.1364,0.93,0.194,1,1,2
2483,2011-04-18,2,0,4,8,0,1,1,1,0.46,0.4545,0.63,0,20,277,297
9182,2012-01-23,1,1,1,11,0,1,1,2,0.2,0.2273,0.93,0.0896,5,57,62
1760,2011-03-19,1,0,3,0,0,6,0,2,0.6,0.6212,0.53,0.2537,26,50,76
9985,2012-02-26,1,1,2,1,0,0,0,1,0.24,0.2121,0.44,0.3284,5,50,55
9917,2012-02-23,1,1,2,5,0,4,1,1,0.4,0.4091,0.76,0.2239,2,30,32
4244,2011-06-30,3,0,6,17,0,4,1,1,0.78,0.6818,0.27,0.3582,98,496,594
13396,2012-07-17,3,1,7,8,0,2,1,2,0.8,0.7576,0.55,0,43,618,661
4945,2011-07-29,3,0,7,22,0,5,1,1,0.8,0.7424,0.49,0.2239,47,127,174
5589,2011-08-25,3,0,8,18,0,4,1,2,0.72,0.7121,0.84,0.1343,31,377,408
16242,2012-11-14,4,1,11,11,0,3,1,1,0.32,0.303,0.49,0.2537,25,126,151
10396,2012-03-14,1,1,3,6,0,3,1,1,0.44,0.4394,0.82,0.0896,1,120,121
4758,2011-07-22,3,0,7,3,0,5,1,1,0.78,0.7879,0.75,0.1045,1,6,7
4381,2011-07-06,3,0,7,10,0,3,1,3,0.7,0.6667,0.79,0.0896,13,30,43
13473,2012-07-20,3,1,7,13,0,5,1,3,0.68,0.6364,0.83,0.1045,20,136,156
12998,2012-06-30,3,1,6,18,0,6,0,1,0.88,0.7879,0.35,0,91,248,339
5300,2011-08-13,3,0,8,17,0,6,0,2,0.72,0.697,0.74,0.2537,97,172,269
1991,2011-03-28,2,0,3,19,0,1,1,1,0.3,0.303,0.22,0.1343,17,156,173
12313,2012-06-02,2,1,6,5,0,6,0,1,0.5,0.4848,0.72,0.194,1,11,12
12952,2012-06-28,3,1,6,20,0,4,1,1,0.82,0.7273,0.34,0.194,71,399,470
13491,2012-07-21,3,1,7,7,0,6,0,2,0.58,0.5455,0.88,0.2537,8,29,37
4972,2011-07-31,3,0,7,1,0,0,0,1,0.74,0.6818,0.62,0.0896,8,71,79
17157,2012-12-22,1,1,12,15,0,6,0,1,0.32,0.2727,0.33,0.5821,14,139,153
13227,2012-07-10,3,1,7,7,0,2,1,2,0.7,0.6667,0.74,0.1045,31,489,520
6784,2011-10-15,4,0,10,5,0,6,0,1,0.42,0.4242,0.71,0.1642,1,6,7
3601,2011-06-03,2,0,6,22,0,5,1,1,0.62,0.6212,0.35,0,26,145,171
17360,2012-12-31,1,1,12,4,0,1,1,1,0.14,0.1667,0.69,0.1045,0,3,3
8071,2011-12-07,4,0,12,22,0,3,1,3,0.24,0.197,0.93,0.4478,0,13,13
8578,2011-12-29,1,0,12,4,0,4,1,1,0.2,0.2121,0.55,0.1642,1,2,3
7974,2011-12-03,4,0,12,21,0,6,0,2,0.3,0.3182,0.61,0.0896,5,104,109
10315,2012-03-10,1,1,3,20,0,6,0,1,0.32,0.3333,0.33,0.1343,20,101,121
1626,2011-03-13,1,0,3,6,0,0,0,1,0.34,0.3636,0.66,0,0,2,2
7971,2011-12-03,4,0,12,18,0,6,0,1,0.34,0.3333,0.53,0.1343,31,193,224
13225,2012-07-10,3,1,7,5,0,2,1,1,0.66,0.6061,0.83,0.1343,3,39,42
4213,2011-06-29,3,0,6,10,0,3,1,1,0.74,0.6667,0.42,0.2836,31,95,126
6457,2011-10-01,4,0,10,14,0,6,0,2,0.42,0.4242,0.71,0.3582,33,147,180
9525,2012-02-06,1,1,2,19,0,1,1,1,0.36,0.3333,0.43,0.2537,7,284,291
11695,2012-05-07,2,1,5,11,0,1,1,2,0.54,0.5152,0.73,0.194,64,149,213
2709,2011-04-27,2,0,4,18,0,3,1,3,0.66,0.6061,0.83,0.3881,46,366,412
6515,2011-10-04,4,0,10,0,0,2,1,2,0.4,0.4091,0.87,0.0896,5,22,27
4663,2011-07-18,3,0,7,4,0,1,1,1,0.64,0.5909,0.78,0.1642,1,3,4
1855,2011-03-23,2,0,3,0,0,3,1,3,0.36,0.3485,0.71,0.2239,3,8,11
3073,2011-05-12,2,0,5,22,0,4,1,1,0.54,0.5152,0.83,0.194,25,147,172
14756,2012-09-12,3,1,9,0,0,3,1,1,0.52,0.5,0.72,0.1045,8,41,49
1646,2011-03-14,1,0,3,2,0,1,1,1,0.26,0.2879,0.65,0.0896,0,1,1
3418,2011-05-27,2,0,5,7,0,5,1,1,0.64,0.6061,0.73,0.1642,20,229,249
3477,2011-05-29,2,0,5,18,0,0,0,1,0.72,0.697,0.74,0.2836,151,177,328
11054,2012-04-10,2,1,4,17,0,2,1,1,0.56,0.5303,0.21,0.5224,88,656,744
1793,2011-03-20,1,0,3,9,0,0,0,1,0.3,0.303,0.52,0.1343,35,43,78
13719,2012-07-30,3,1,7,19,0,1,1,1,0.82,0.7727,0.52,0.1642,81,584,665
15115,2012-09-26,4,1,9,23,0,3,1,2,0.6,0.5758,0.78,0.2537,13,102,115
3798,2011-06-12,2,0,6,3,0,0,0,1,0.64,0.5758,0.89,0.2836,8,20,28
3369,2011-05-25,2,0,5,6,0,3,1,1,0.56,0.5303,0.94,0.0896,4,113,117
11560,2012-05-01,2,1,5,20,0,2,1,1,0.66,0.6212,0.61,0.1642,36,299,335
7197,2011-11-01,4,0,11,11,0,2,1,1,0.46,0.4545,0.63,0.1045,16,101,117
11642,2012-05-05,2,1,5,6,0,6,0,2,0.54,0.5152,0.94,0,9,33,42
8796,2012-01-07,1,1,1,7,0,6,0,1,0.22,0.2273,0.87,0.194,0,20,20
127,2011-01-06,1,0,1,12,0,4,1,1,0.26,0.2879,0.35,0,6,78,84
5960,2011-09-10,3,0,9,20,0,6,0,1,0.66,0.6212,0.69,0.1045,78,167,245
13636,2012-07-27,3,1,7,8,0,5,1,1,0.76,0.7273,0.66,0.0896,34,642,676
15344,2012-10-06,4,1,10,12,0,6,0,1,0.7,0.6515,0.54,0.1045,362,381,743
4452,2011-07-09,3,0,7,9,0,6,0,1,0.74,0.6818,0.58,0.2836,77,170,247
7148,2011-10-30,4,0,10,10,0,0,0,1,0.32,0.3333,0.61,0.0896,53,125,178
828,2011-02-06,1,0,2,22,0,0,0,1,0.26,0.303,0.6,0,5,57,62
17079,2012-12-19,4,1,12,9,0,3,1,1,0.28,0.2879,0.75,0.1045,8,309,317
11474,2012-04-28,2,1,4,6,0,6,0,1,0.34,0.3333,0.49,0.194,10,18,28
7784,2011-11-25,4,0,11,22,0,5,1,1,0.34,0.3485,0.71,0.0896,12,46,58
10381,2012-03-13,1,1,3,15,0,2,1,1,0.7,0.6364,0.39,0.2239,68,196,264
17031,2012-12-17,4,1,12,9,0,1,1,2,0.4,0.4091,0.87,0,11,271,282
2444,2011-04-16,2,0,4,17,0,6,0,3,0.5,0.4848,0.88,0.5821,1,14,15
10542,2012-03-20,1,1,3,8,0,2,1,2,0.52,0.5,0.88,0.1045,28,488,516
815,2011-02-06,1,0,2,9,0,0,0,1,0.28,0.2879,0.56,0.1045,7,38,45
13000,2012-06-30,3,1,6,20,0,6,0,1,0.82,0.7727,0.52,0.1642,88,204,292
11398,2012-04-25,2,1,4,2,0,3,1,1,0.36,0.3788,0.62,0,1,6,7
16603,2012-11-29,4,1,11,13,0,4,1,1,0.38,0.3939,0.32,0.1343,15,209,224
17204,2012-12-24,1,1,12,15,0,1,1,3,0.24,0.2273,0.87,0.2239,6,27,33
14154,2012-08-17,3,1,8,22,0,5,1,3,0.66,0.2424,0.83,0.194,43,170,213
12299,2012-06-01,2,1,6,15,0,5,1,3,0.72,0.6818,0.66,0.2836,45,213,258
5780,2011-09-03,3,0,9,6,0,6,0,1,0.62,0.5909,0.73,0.1642,4,19,23
2117,2011-04-03,2,0,4,1,0,0,0,1,0.3,0.3182,0.61,0.1045,8,26,34
794,2011-02-05,1,0,2,12,0,6,0,3,0.22,0.2273,1,0.1642,10,42,52
10148,2012-03-03,1,1,3,21,0,6,0,1,0.46,0.4545,0.19,0.3284,24,130,154
6899,2011-10-20,4,0,10,1,0,4,1,1,0.56,0.5303,0.88,0.3582,4,11,15
2675,2011-04-26,2,0,4,8,0,2,1,1,0.58,0.5455,0.83,0.2985,32,417,449
16479,2012-11-24,4,1,11,8,0,6,0,2,0.26,0.2121,0.44,0.4627,7,55,62
15771,2012-10-24,4,1,10,7,0,3,1,1,0.5,0.4848,0.88,0.0896,20,506,526
3757,2011-06-10,2,0,6,10,0,5,1,1,0.78,0.7121,0.52,0,23,88,111
2892,2011-05-05,2,0,5,9,0,4,1,1,0.46,0.4545,0.44,0.2836,20,164,184
14383,2012-08-27,3,1,8,11,0,1,1,1,0.74,0.697,0.66,0.194,47,182,229
3229,2011-05-19,2,0,5,10,0,4,1,2,0.54,0.5152,0.83,0,35,95,130
7864,2011-11-29,4,0,11,7,0,2,1,1,0.52,0.5,0.77,0.2239,12,330,342
6360,2011-09-27,4,0,9,13,0,2,1,2,0.7,0.6667,0.74,0.2239,29,122,151
16716,2012-12-04,4,1,12,6,0,2,1,2,0.36,0.3788,0.93,0,3,150,153
13430,2012-07-18,3,1,7,18,0,3,1,2,0.76,0.7121,0.62,0.1343,63,580,643
11105,2012-04-12,2,1,4,21,0,4,1,1,0.42,0.4242,0.35,0.1343,13,174,187
13947,2012-08-09,3,1,8,7,0,4,1,2,0.7,0.6667,0.84,0.1642,24,451,475
4613,2011-07-16,3,0,7,2,0,6,0,1,0.6,0.5909,0.73,0.1343,10,48,58
2244,2011-04-08,2,0,4,8,0,5,1,3,0.34,0.3333,0.87,0.1642,13,208,221
5374,2011-08-16,3,0,8,19,0,2,1,1,0.74,0.6667,0.48,0.194,56,320,376
2337,2011-04-12,2,0,4,6,0,2,1,2,0.54,0.5152,0.68,0.2836,3,55,58
11261,2012-04-19,2,1,4,9,0,4,1,2,0.46,0.4545,0.72,0,31,270,301
1121,2011-02-19,1,0,2,10,0,6,0,1,0.42,0.4242,0.16,0.5821,34,72,106
10790,2012-03-30,2,1,3,16,0,5,1,3,0.4,0.4091,0.62,0.2836,75,292,367
420,2011-01-19,1,0,1,12,0,3,1,2,0.3,0.3182,0.81,0.0896,5,65,70
923,2011-02-10,1,0,2,23,0,4,1,1,0.12,0.1515,0.42,0.1045,1,33,34
9447,2012-02-03,1,1,2,12,0,5,1,1,0.34,0.3333,0.46,0.1343,25,191,216
5409,2011-08-18,3,0,8,6,0,4,1,2,0.64,0.5909,0.78,0.2537,6,97,103
5789,2011-09-03,3,0,9,15,0,6,0,1,0.72,0.6818,0.7,0.1642,187,201,388
15375,2012-10-07,4,1,10,19,0,0,0,2,0.4,0.4091,0.82,0.1045,17,97,114
8390,2011-12-21,1,0,12,5,0,3,1,2,0.38,0.3939,0.82,0.1045,0,28,28
1971,2011-03-27,2,0,3,22,0,0,0,1,0.26,0.2576,0.41,0.1642,5,25,30
11303,2012-04-21,2,1,4,3,0,6,0,1,0.5,0.4848,0.82,0.2239,4,25,29
4019,2011-06-21,3,0,6,8,0,2,1,2,0.62,0.5606,0.88,0.1045,33,368,401
3688,2011-06-07,2,0,6,13,0,2,1,2,0.8,0.7273,0.43,0.2537,55,141,196
12791,2012-06-22,3,1,6,3,0,5,1,1,0.74,0.7121,0.79,0,1,6,7
11247,2012-04-18,2,1,4,19,0,3,1,2,0.42,0.4242,0.77,0.1343,26,342,368
1249,2011-02-25,1,0,2,3,0,5,1,2,0.32,0.3333,0.93,0.1045,1,1,2
2193,2011-04-06,2,0,4,5,0,3,1,1,0.24,0.2576,0.7,0.1045,1,12,13
9185,2012-01-23,1,1,1,14,0,1,1,3,0.22,0.2273,0.93,0.194,13,48,61
4671,2011-07-18,3,0,7,12,0,1,1,1,0.8,0.7727,0.59,0.194,39,126,165
5985,2011-09-11,3,0,9,21,0,0,0,1,0.64,0.6061,0.69,0,45,114,159
6566,2011-10-06,4,0,10,3,0,4,1,1,0.44,0.4394,0.67,0.2239,1,4,5
7805,2011-11-26,4,0,11,19,0,6,0,2,0.4,0.4091,0.71,0.0896,46,100,146
11955,2012-05-18,2,1,5,7,0,5,1,1,0.46,0.4545,0.82,0.1045,40,475,515
6944,2011-10-21,4,0,10,22,0,5,1,1,0.42,0.4242,0.54,0.1642,24,89,113
9511,2012-02-06,1,1,2,5,0,1,1,1,0.18,0.2121,0.8,0.1045,0,17,17
10536,2012-03-20,1,1,3,2,0,2,1,1,0.54,0.5152,0.88,0.0896,2,8,10
14061,2012-08-14,3,1,8,1,0,2,1,1,0.68,0.6364,0.79,0.2537,8,19,27
7578,2011-11-17,4,0,11,8,0,4,1,3,0.34,0.303,0.61,0.2985,12,343,355
78,2011-01-04,1,0,1,9,0,2,1,1,0.16,0.1515,0.64,0.2239,2,98,100
15525,2012-10-14,4,1,10,1,0,0,0,1,0.42,0.4242,0.77,0.2836,16,96,112
9065,2012-01-18,1,1,1,14,0,3,1,1,0.3,0.2727,0.33,0.3881,7,98,105
8008,2011-12-05,4,0,12,7,0,1,1,1,0.32,0.3485,0.9,0,9,274,283
5952,2011-09-10,3,0,9,12,0,6,0,1,0.72,0.6818,0.62,0.2239,144,260,404
11158,2012-04-15,2,1,4,2,0,0,0,2,0.54,0.5152,0.56,0.1045,20,54,74
3392,2011-05-26,2,0,5,5,0,4,1,2,0.6,0.5455,0.88,0.0896,2,25,27
5416,2011-08-18,3,0,8,13,0,4,1,1,0.8,0.7424,0.52,0.3582,33,154,187
8163,2011-12-11,4,0,12,18,0,0,0,1,0.24,0.2273,0.48,0.194,12,151,163
5257,2011-08-11,3,0,8,22,0,4,1,1,0.7,0.6515,0.48,0,34,123,157
3531,2011-06-01,2,0,6,0,0,3,1,1,0.7,0.6667,0.79,0.1642,9,25,34
8568,2011-12-28,1,0,12,18,0,3,1,1,0.26,0.2273,0.38,0.3284,10,159,169
1909,2011-03-25,2,0,3,7,0,5,1,1,0.2,0.1818,0.59,0.3582,4,100,104
16774,2012-12-06,4,1,12,16,0,4,1,1,0.32,0.3485,0.42,0,39,292,331
236,2011-01-11,1,0,1,2,0,2,1,2,0.16,0.1515,0.55,0.194,0,3,3
12220,2012-05-29,2,1,5,8,0,2,1,1,0.7,0.6667,0.74,0.194,46,588,634
7985,2011-12-04,4,0,12,8,0,0,0,1,0.26,0.303,0.87,0,7,48,55
9311,2012-01-28,1,1,1,20,0,6,0,1,0.4,0.4091,0.35,0.3881,5,115,120
3491,2011-05-30,2,0,5,8,1,1,0,2,0.66,0.5909,0.89,0.1045,36,58,94
14232,2012-08-21,3,1,8,4,0,2,1,1,0.56,0.5303,0.88,0,0,4,4
10569,2012-03-21,2,1,3,11,0,3,1,2,0.52,0.5,0.83,0.1642,38,154,192
1343,2011-03-01,1,0,3,5,0,2,1,1,0.2,0.1818,0.64,0.2836,1,1,2
8513,2011-12-26,1,0,12,10,1,1,0,1,0.34,0.2879,0.42,0.5224,31,39,70
1620,2011-03-12,1,0,3,23,0,6,0,1,0.38,0.3939,0.66,0.0896,11,38,49
5288,2011-08-13,3,0,8,5,0,6,0,1,0.64,0.6061,0.73,0.1045,3,15,18
7042,2011-10-26,4,0,10,0,0,3,1,1,0.44,0.4394,0.72,0.194,4,28,32
2220,2011-04-07,2,0,4,8,0,4,1,1,0.36,0.3485,0.76,0.194,23,291,314
9866,2012-02-21,1,1,2,1,0,2,1,1,0.26,0.303,0.56,0,0,7,7
16645,2012-12-01,4,1,12,7,0,6,0,2,0.24,0.2424,0.87,0.1343,7,56,63
16862,2012-12-10,4,1,12,8,0,1,1,2,0.42,0.4242,1,0.2537,9,575,584
12978,2012-06-29,3,1,6,22,0,5,1,3,0.82,0.8333,0.63,0.194,34,129,163
14595,2012-09-05,3,1,9,7,0,3,1,2,0.7,0.6667,0.79,0.2537,11,489,500
6989,2011-10-23,4,0,10,19,0,0,0,1,0.46,0.4545,0.77,0,53,140,193
1918,2011-03-25,2,0,3,16,0,5,1,2,0.34,0.303,0.34,0.2985,23,127,150
1829,2011-03-21,2,0,3,22,0,1,1,1,0.46,0.4545,0.88,0.2239,18,60,78
9766,2012-02-16,1,1,2,20,0,4,1,2,0.32,0.3333,0.87,0.1343,5,211,216
12608,2012-06-14,2,1,6,12,0,4,1,2,0.66,0.6212,0.61,0.2239,55,210,265
12942,2012-06-28,3,1,6,10,0,4,1,1,0.74,0.6667,0.48,0.194,40,144,184
6234,2011-09-22,3,0,9,7,0,4,1,2,0.6,0.5,1,0.1045,16,295,311
16834,2012-12-09,4,1,12,4,0,0,0,2,0.4,0.4091,0.94,0.1045,1,11,12
6284,2011-09-24,4,0,9,9,0,6,0,2,0.6,0.5455,0.88,0.0896,41,134,175
4209,2011-06-29,3,0,6,6,0,3,1,1,0.66,0.6212,0.69,0.2985,12,104,116
12820,2012-06-23,3,1,6,8,0,6,0,1,0.68,0.6364,0.69,0.2239,34,133,167
16609,2012-11-29,4,1,11,19,0,4,1,1,0.3,0.2879,0.52,0.194,18,326,344
9334,2012-01-29,1,1,1,19,0,0,0,1,0.32,0.303,0.29,0.2537,14,145,159
6470,2011-10-02,4,0,10,3,0,0,0,3,0.34,0.3182,0.87,0.2836,4,5,9
13747,2012-07-31,3,1,7,23,0,2,1,2,0.66,0.6061,0.83,0.1642,20,127,147
15386,2012-10-08,4,1,10,6,1,1,0,1,0.34,0.3485,0.76,0.1045,5,54,59
13704,2012-07-30,3,1,7,4,0,1,1,1,0.66,0.6061,0.83,0,0,5,5
10955,2012-04-06,2,1,4,14,0,5,1,1,0.48,0.4697,0.29,0.3881,240,250,490
847,2011-02-07,1,0,2,17,0,1,1,2,0.32,0.3182,0.7,0.1642,9,207,216
5561,2011-08-24,3,0,8,14,0,3,1,1,0.76,0.6818,0.48,0.4179,77,127,204
13235,2012-07-10,3,1,7,15,0,2,1,1,0.8,0.7121,0.41,0.2239,77,188,265
14310,2012-08-24,3,1,8,10,0,5,1,2,0.76,0.6818,0.48,0,78,184,262
13918,2012-08-08,3,1,8,2,0,3,1,1,0.7,0.6667,0.84,0,1,5,6
118,2011-01-06,1,0,1,2,0,4,1,1,0.16,0.2273,0.64,0,0,2,2
8838,2012-01-09,1,1,1,1,0,1,1,1,0.24,0.2424,0.6,0.1343,1,4,5
14044,2012-08-13,3,1,8,8,0,1,1,2,0.72,0.6667,0.51,0.0896,25,648,673
8660,2012-01-01,1,1,1,14,0,0,0,1,0.44,0.4394,0.54,0.2985,120,147,267
16390,2012-11-20,4,1,11,15,0,2,1,2,0.46,0.4545,0.55,0.1045,61,226,287
5343,2011-08-15,3,0,8,12,0,1,1,1,0.74,0.6818,0.58,0.2836,62,116,178
9112,2012-01-20,1,1,1,13,0,5,1,1,0.22,0.2121,0.32,0.2985,12,144,156
10788,2012-03-30,2,1,3,14,0,5,1,3,0.4,0.4091,0.54,0,56,173,229
4325,2011-07-04,3,0,7,2,1,1,0,1,0.64,0.5758,0.83,0,33,30,63
2591,2011-04-22,2,0,4,20,0,5,1,3,0.32,0.303,0.87,0.2239,8,39,47
13047,2012-07-02,3,1,7,19,0,1,1,1,0.78,0.697,0.43,0.1343,71,510,581
13919,2012-08-08,3,1,8,3,0,3,1,1,0.7,0.6667,0.84,0,1,6,7
10590,2012-03-22,2,1,3,8,0,4,1,2,0.5,0.4848,0.94,0.0896,51,598,649
11614,2012-05-04,2,1,5,2,0,5,1,1,0.58,0.5455,0.83,0.1343,0,11,11
6768,2011-10-14,4,0,10,13,0,5,1,1,0.56,0.5303,0.73,0.3582,18,114,132
5623,2011-08-27,3,0,8,4,0,6,0,2,0.7,0.6667,0.84,0.2239,1,3,4
1606,2011-03-12,1,0,3,9,0,6,0,1,0.28,0.2879,0.65,0.1045,25,76,101
3813,2011-06-12,2,0,6,18,0,0,0,1,0.7,0.6667,0.74,0.1642,69,187,256
14278,2012-08-23,3,1,8,2,0,4,1,1,0.62,0.5758,0.83,0,9,11,20
10555,2012-03-20,1,1,3,21,0,2,1,1,0.56,0.5303,0.73,0,38,239,277
10168,2012-03-04,1,1,3,17,0,0,0,1,0.34,0.2879,0.31,0.5522,49,214,263
1762,2011-03-19,1,0,3,2,0,6,0,2,0.56,0.5303,0.43,0.2239,5,20,25
15680,2012-10-20,4,1,10,12,0,6,0,1,0.56,0.5303,0.46,0.1045,267,436,703
2473,2011-04-17,2,0,4,22,0,0,0,1,0.5,0.4848,0.39,0.1045,21,49,70
15914,2012-10-31,4,1,10,18,0,3,1,2,0.4,0.4091,0.58,0.1642,28,556,584
6739,2011-10-13,4,0,10,8,0,4,1,3,0.54,0.5152,1,0.0896,10,199,209
15729,2012-10-22,4,1,10,13,0,1,1,1,0.62,0.6212,0.29,0.1642,88,227,315
12200,2012-05-28,2,1,5,12,1,1,0,1,0.76,0.7121,0.62,0.1343,233,292,525
7944,2011-12-02,4,0,12,15,0,5,1,1,0.42,0.4242,0.41,0.0896,24,175,199
12911,2012-06-27,3,1,6,3,0,3,1,1,0.58,0.5455,0.46,0.0896,1,7,8
14370,2012-08-26,3,1,8,22,0,0,0,1,0.62,0.5606,0.88,0.0896,20,94,114
6372,2011-09-28,4,0,9,1,0,3,1,1,0.6,0.5455,0.88,0,1,13,14
16617,2012-11-30,4,1,11,3,0,5,1,1,0.24,0.2879,0.75,0,0,4,4
8259,2011-12-15,4,0,12,18,0,4,1,2,0.52,0.5,0.59,0.2985,14,363,377
7562,2011-11-16,4,0,11,16,0,3,1,3,0.48,0.4697,0.94,0.1045,13,110,123
9796,2012-02-18,1,1,2,2,0,6,0,1,0.3,0.2879,0.61,0.2537,6,39,45
6169,2011-09-19,3,0,9,14,0,1,1,2,0.6,0.6061,0.6,0.194,45,143,188
11476,2012-04-28,2,1,4,8,0,6,0,1,0.38,0.3939,0.4,0.1343,24,134,158
3597,2011-06-03,2,0,6,18,0,5,1,1,0.7,0.6364,0.24,0.2985,76,488,564
6289,2011-09-24,4,0,9,14,0,6,0,2,0.66,0.6212,0.74,0.1343,164,226,390
4633,2011-07-16,3,0,7,22,0,6,0,1,0.7,0.6515,0.65,0.2836,65,136,201
15148,2012-09-28,4,1,9,8,0,5,1,1,0.6,0.5606,0.83,0.0896,31,674,705
16510,2012-11-25,4,1,11,15,0,0,0,1,0.3,0.2879,0.42,0.2537,36,209,245
6230,2011-09-22,3,0,9,3,0,4,1,2,0.6,0.5152,0.94,0.0896,5,7,12
16949,2012-12-13,4,1,12,23,0,4,1,1,0.26,0.303,0.6,0,5,115,120
10268,2012-03-08,1,1,3,21,0,4,1,1,0.6,0.6212,0.43,0.3881,27,206,233
12773,2012-06-21,3,1,6,9,0,4,1,1,0.8,0.7576,0.55,0.194,32,224,256
5751,2011-09-02,3,0,9,1,0,5,1,3,0.62,0.5909,0.73,0.1045,4,28,32
8153,2011-12-11,4,0,12,8,0,0,0,1,0.16,0.2273,0.69,0,4,68,72
13504,2012-07-21,3,1,7,20,0,6,0,3,0.6,0.5455,0.88,0.1642,51,163,214
3087,2011-05-13,2,0,5,12,0,5,1,2,0.52,0.5,0.88,0.194,53,170,223
1907,2011-03-25,2,0,3,5,0,5,1,1,0.18,0.197,0.74,0.1642,0,9,9
6883,2011-10-19,4,0,10,9,0,3,1,3,0.52,0.5,0.88,0.4925,17,185,202
7674,2011-11-21,4,0,11,8,0,1,1,2,0.46,0.4545,0.94,0,13,378,391
8173,2011-12-12,4,0,12,4,0,1,1,1,0.18,0.2424,0.74,0,0,3,3
16908,2012-12-12,4,1,12,6,0,3,1,2,0.26,0.2424,0.6,0.2537,2,126,128
5871,2011-09-07,3,0,9,2,0,3,1,2,0.54,0.5152,0.94,0.2239,2,4,6
5123,2011-08-06,3,0,8,8,0,6,0,1,0.68,0.6364,0.83,0.1642,27,94,121
5127,2011-08-06,3,0,8,12,0,6,0,1,0.8,0.7576,0.55,0.2239,130,252,382
13624,2012-07-26,3,1,7,20,0,4,1,1,0.86,0.8182,0.5,0.2537,47,399,446
15035,2012-09-23,4,1,9,15,0,0,0,1,0.6,0.6212,0.33,0.2239,265,375,640
4622,2011-07-16,3,0,7,11,0,6,0,1,0.74,0.6667,0.48,0.2239,171,225,396
6810,2011-10-16,4,0,10,7,0,0,0,1,0.4,0.4091,0.62,0.1343,9,39,48
15746,2012-10-23,4,1,10,6,0,2,1,1,0.4,0.4091,0.82,0.0896,6,152,158
11480,2012-04-28,2,1,4,12,0,6,0,2,0.38,0.3939,0.43,0,105,276,381
2126,2011-04-03,2,0,4,10,0,0,0,1,0.4,0.4091,0.43,0.4179,111,104,215
8151,2011-12-11,4,0,12,6,0,0,0,1,0.16,0.2273,0.59,0,0,10,10
8718,2012-01-04,1,1,1,1,0,3,1,1,0.04,0.0303,0.38,0.2985,0,3,3
13014,2012-07-01,3,1,7,10,0,0,0,1,0.86,0.7879,0.44,0.2985,98,268,366
56,2011-01-03,1,0,1,10,0,1,1,1,0.18,0.1667,0.43,0.2537,11,33,44
303,2011-01-14,1,0,1,1,0,5,1,1,0.1,0.1212,0.54,0.1642,0,5,5
14179,2012-08-18,3,1,8,23,0,6,0,1,0.64,0.6061,0.65,0.0896,60,175,235
13569,2012-07-24,3,1,7,13,0,2,1,2,0.84,0.803,0.53,0.2985,73,200,273
4433,2011-07-08,3,0,7,14,0,5,1,2,0.8,0.7879,0.63,0.3582,53,163,216
12395,2012-06-05,2,1,6,15,0,2,1,2,0.58,0.5455,0.46,0.1343,54,218,272
10479,2012-03-17,1,1,3,17,0,6,0,1,0.64,0.6212,0.5,0.1343,291,357,648
10454,2012-03-16,1,1,3,16,0,5,1,3,0.48,0.4697,0.77,0,18,111,129
5241,2011-08-11,3,0,8,6,0,4,1,1,0.62,0.6061,0.65,0.1642,5,101,106
10489,2012-03-18,1,1,3,3,0,0,0,2,0.44,0.4394,0.88,0.1343,3,15,18
16283,2012-11-16,4,1,11,4,0,5,1,2,0.3,0.3182,0.65,0.1045,0,5,5
14125,2012-08-16,3,1,8,17,0,4,1,1,0.82,0.7273,0.34,0.194,130,767,897
10161,2012-03-04,1,1,3,10,0,0,0,1,0.3,0.2727,0.49,0.3284,31,161,192
6377,2011-09-28,4,0,9,6,0,3,1,3,0.6,0.5152,0.94,0.1642,3,111,114
6982,2011-10-23,4,0,10,12,0,0,0,1,0.5,0.4848,0.59,0.2537,164,249,413
13717,2012-07-30,3,1,7,17,0,1,1,1,0.76,0.697,0.55,0.3284,62,765,827
3901,2011-06-16,2,0,6,10,0,4,1,2,0.66,0.6212,0.61,0.2537,18,103,121
17082,2012-12-19,4,1,12,12,0,3,1,1,0.4,0.4091,0.54,0.2836,33,203,236
12892,2012-06-26,3,1,6,8,0,2,1,1,0.56,0.5303,0.49,0.3284,34,622,656
11315,2012-04-21,2,1,4,15,0,6,0,1,0.72,0.6515,0.39,0.2537,267,361,628
10162,2012-03-04,1,1,3,11,0,0,0,1,0.32,0.2879,0.45,0.3881,64,192,256
4189,2011-06-28,3,0,6,10,0,2,1,1,0.8,0.7424,0.49,0.1642,45,112,157
667,2011-01-31,1,0,1,2,0,1,1,1,0.22,0.2273,0.64,0.194,0,1,1
3267,2011-05-21,2,0,5,0,0,6,0,1,0.52,0.5,0.77,0.1045,20,78,98
8473,2011-12-24,1,0,12,16,0,6,0,1,0.32,0.3182,0.42,0.194,25,74,99
9912,2012-02-23,1,1,2,0,0,4,1,2,0.44,0.4394,0.47,0.2537,12,30,42
12648,2012-06-16,2,1,6,4,0,6,0,1,0.54,0.5152,0.68,0.1343,3,5,8
11638,2012-05-05,2,1,5,2,0,6,0,1,0.58,0.5455,0.88,0,24,51,75
6091,2011-09-16,3,0,9,8,0,5,1,1,0.42,0.4242,0.67,0.2239,23,386,409
6239,2011-09-22,3,0,9,12,0,4,1,2,0.66,0.6061,0.83,0.1642,25,151,176
15184,2012-09-29,4,1,9,20,0,6,0,1,0.52,0.5,0.55,0.194,88,227,315
7351,2011-11-07,4,0,11,21,0,1,1,1,0.38,0.3939,0.82,0.1045,10,129,139
6255,2011-09-23,4,0,9,4,0,5,1,3,0.6,0.5,1,0,6,7,13
12235,2012-05-29,2,1,5,23,0,2,1,3,0.62,0.5455,0.94,0,10,40,50
12016,2012-05-20,2,1,5,20,0,0,0,1,0.66,0.6212,0.61,0.4179,83,191,274
3819,2011-06-13,2,0,6,0,0,1,1,1,0.64,0.5909,0.78,0.1343,8,20,28
6270,2011-09-23,4,0,9,19,0,5,1,1,0.62,0.5455,0.94,0.1343,16,232,248
4301,2011-07-03,3,0,7,2,0,0,0,1,0.7,0.6515,0.58,0.194,19,50,69
5570,2011-08-24,3,0,8,23,0,3,1,1,0.68,0.6364,0.69,0.2985,16,54,70
14389,2012-08-27,3,1,8,17,0,1,1,1,0.8,0.7273,0.46,0.2239,101,744,845
7942,2011-12-02,4,0,12,13,0,5,1,1,0.4,0.4091,0.47,0.1343,19,188,207
4165,2011-06-27,3,0,6,10,0,1,1,2,0.72,0.6667,0.54,0.1343,55,95,150
16522,2012-11-26,4,1,11,3,0,1,1,1,0.2,0.2576,0.69,0,1,4,5
7044,2011-10-26,4,0,10,2,0,3,1,1,0.44,0.4394,0.67,0.1642,2,1,3
4893,2011-07-27,3,0,7,18,0,3,1,1,0.82,0.7121,0.28,0.1045,78,463,541
10321,2012-03-11,1,1,3,3,0,0,0,1,0.24,0.2424,0.6,0.1343,15,51,66
4855,2011-07-26,3,0,7,4,0,2,1,1,0.68,0.6364,0.88,0.1642,0,6,6
4638,2011-07-17,3,0,7,3,0,0,0,1,0.64,0.6061,0.69,0.2239,21,26,47
9551,2012-02-07,1,1,2,21,0,2,1,1,0.34,0.3485,0.61,0.1045,20,170,190
10210,2012-03-06,1,1,3,11,0,2,1,1,0.26,0.2576,0.41,0.1642,20,110,130
6942,2011-10-21,4,0,10,20,0,5,1,2,0.44,0.4394,0.54,0.2239,29,155,184
8018,2011-12-05,4,0,12,17,0,1,1,1,0.42,0.4242,0.77,0,16,430,446
9522,2012-02-06,1,1,2,16,0,1,1,1,0.4,0.4091,0.43,0.2537,13,215,228
6950,2011-10-22,4,0,10,4,0,6,0,1,0.38,0.3939,0.66,0.0896,4,4,8
6882,2011-10-19,4,0,10,8,0,3,1,3,0.54,0.5152,0.7,0.4925,10,200,210
13052,2012-07-03,3,1,7,0,0,2,1,1,0.72,0.6667,0.54,0,9,44,53
15782,2012-10-24,4,1,10,18,0,3,1,1,0.66,0.6212,0.44,0,63,795,858
4674,2011-07-18,3,0,7,15,0,1,1,1,0.84,0.803,0.53,0.3284,53,111,164
12174,2012-05-27,2,1,5,10,0,0,0,1,0.68,0.6364,0.74,0.2537,209,215,424
6997,2011-10-24,4,0,10,3,0,1,1,1,0.4,0.4091,0.82,0.0896,1,3,4
1253,2011-02-25,1,0,2,8,0,5,1,3,0.36,0.3485,0.93,0.1343,3,70,73
11471,2012-04-28,2,1,4,3,0,6,0,1,0.34,0.3182,0.49,0.2239,3,23,26
15255,2012-10-02,4,1,10,19,0,2,1,3,0.62,0.5455,0.94,0,27,368,395
10041,2012-02-28,1,1,2,9,0,2,1,1,0.28,0.2576,0.45,0.3582,7,225,232
4859,2011-07-26,3,0,7,8,0,2,1,1,0.74,0.6818,0.55,0.194,32,392,424
8581,2011-12-29,1,0,12,7,0,4,1,1,0.18,0.2121,0.64,0.0896,2,104,106
8428,2011-12-22,1,0,12,19,0,4,1,2,0.44,0.4394,0.62,0,12,130,142
10177,2012-03-05,1,1,3,2,0,1,1,1,0.24,0.2424,0.48,0.1343,1,3,4
4364,2011-07-05,3,0,7,17,0,2,1,1,0.82,0.7576,0.46,0.1045,79,466,545
10358,2012-03-12,1,1,3,16,0,1,1,1,0.62,0.6212,0.35,0.4478,77,255,332
16634,2012-11-30,4,1,11,20,0,5,1,1,0.32,0.3485,0.66,0,12,233,245
14490,2012-08-31,3,1,8,22,0,5,1,1,0.76,0.7121,0.58,0.194,65,212,277
7240,2011-11-03,4,0,11,6,0,4,1,1,0.34,0.3333,0.76,0.194,3,96,99
14431,2012-08-29,3,1,8,11,0,3,1,1,0.72,0.6515,0.45,0,67,186,253
3420,2011-05-27,2,0,5,9,0,5,1,1,0.7,0.6515,0.65,0.2836,37,190,227
10016,2012-02-27,1,1,2,8,0,1,1,1,0.24,0.2424,0.6,0,14,514,528
17049,2012-12-18,4,1,12,3,0,2,1,1,0.42,0.4242,0.88,0.194,0,5,5
4977,2011-07-31,3,0,7,6,0,0,0,1,0.74,0.697,0.7,0,5,8,13
4545,2011-07-13,3,0,7,6,0,3,1,1,0.74,0.6818,0.58,0.1642,18,103,121
12339,2012-06-03,2,1,6,7,0,0,0,1,0.5,0.4848,0.68,0.1045,6,29,35
2049,2011-03-31,2,0,3,5,0,4,1,3,0.24,0.2273,0.93,0.2239,0,8,8
5998,2011-09-12,3,0,9,11,0,1,1,1,0.7,0.6515,0.58,0.194,34,131,165
15445,2012-10-10,4,1,10,17,0,3,1,1,0.58,0.5455,0.43,0.2239,91,857,948
13457,2012-07-19,3,1,7,21,0,4,1,3,0.66,0.5909,0.89,0.2537,38,294,332
4810,2011-07-24,3,0,7,7,0,0,0,1,0.8,0.7727,0.59,0.1343,6,29,35
10917,2012-04-05,2,1,4,0,0,4,1,1,0.52,0.5,0.23,0.4179,12,33,45
3637,2011-06-05,2,0,6,10,0,0,0,2,0.62,0.5909,0.73,0.0896,83,168,251
15107,2012-09-26,4,1,9,15,0,3,1,1,0.74,0.6667,0.48,0.2985,69,231,300
5990,2011-09-12,3,0,9,2,0,1,1,1,0.56,0.5303,0.88,0,2,0,2
9861,2012-02-20,1,1,2,20,1,1,0,1,0.34,0.3333,0.34,0.194,9,117,126
12764,2012-06-21,3,1,6,0,0,4,1,1,0.74,0.697,0.7,0.0896,16,53,69
15159,2012-09-28,4,1,9,19,0,5,1,3,0.62,0.6212,0.5,0.2537,38,470,508
8176,2011-12-12,4,0,12,7,0,1,1,1,0.14,0.1515,0.86,0.1343,4,231,235
405,2011-01-18,1,0,1,20,0,2,1,2,0.22,0.2727,0.87,0,0,83,83
385,2011-01-17,1,0,1,12,1,1,0,2,0.18,0.197,0.47,0.1343,10,70,80
8703,2012-01-03,1,1,1,10,0,2,1,1,0.16,0.1212,0.47,0.4627,5,55,60
7267,2011-11-04,4,0,11,9,0,5,1,2,0.42,0.4242,0.71,0.4627,15,239,254
10345,2012-03-12,1,1,3,3,0,1,1,1,0.36,0.3485,0.5,0.1343,0,2,2
13773,2012-08-02,3,1,8,1,0,4,1,1,0.68,0.6364,0.79,0.1045,6,36,42
6939,2011-10-21,4,0,10,17,0,5,1,2,0.46,0.4545,0.51,0.2537,79,445,524
6971,2011-10-23,4,0,10,1,0,0,0,1,0.36,0.3788,0.87,0,11,60,71
4159,2011-06-27,3,0,6,4,0,1,1,2,0.6,0.5606,0.83,0.1642,1,8,9
16962,2012-12-14,4,1,12,12,0,5,1,1,0.36,0.3485,0.5,0.194,29,244,273
13551,2012-07-23,3,1,7,19,0,1,1,1,0.8,0.7424,0.52,0.2537,94,488,582
8416,2011-12-22,1,0,12,7,0,4,1,1,0.34,0.3636,0.93,0,4,182,186
2194,2011-04-06,2,0,4,6,0,3,1,1,0.24,0.2576,0.7,0.1045,4,52,56
1016,2011-02-14,1,0,2,23,0,1,1,1,0.32,0.2879,0.49,0.4925,1,19,20
5125,2011-08-06,3,0,8,10,0,6,0,2,0.74,0.697,0.7,0.2836,91,199,290
10,2011-01-01,1,0,1,9,0,6,0,1,0.32,0.3485,0.76,0,8,6,14
10137,2012-03-03,1,1,3,10,0,6,0,2,0.4,0.4091,0.87,0,31,137,168
4805,2011-07-24,3,0,7,2,0,0,0,1,0.8,0.7879,0.63,0.0896,12,48,60
16640,2012-12-01,4,1,12,2,0,6,0,2,0.26,0.303,0.81,0,3,47,50
5714,2011-08-31,3,0,8,12,0,3,1,1,0.74,0.6667,0.43,0.1343,68,192,260
12678,2012-06-17,2,1,6,10,0,0,0,1,0.58,0.5455,0.64,0,148,288,436
1582,2011-03-11,1,0,3,9,0,5,1,2,0.3,0.2879,0.61,0.2836,13,143,156
2780,2011-04-30,2,0,4,17,0,6,0,1,0.56,0.5303,0.43,0.1343,162,245,407
13217,2012-07-09,3,1,7,21,0,1,1,2,0.74,0.6818,0.55,0.0896,33,298,331
5321,2011-08-14,3,0,8,14,0,0,0,1,0.74,0.697,0.7,0.194,126,244,370
7313,2011-11-06,4,0,11,7,0,0,0,1,0.26,0.2727,0.87,0.1045,4,24,28
14838,2012-09-15,3,1,9,10,0,6,0,1,0.62,0.6212,0.41,0.3881,119,323,442
6043,2011-09-14,3,0,9,8,0,3,1,1,0.62,0.5758,0.83,0.1642,33,396,429
4836,2011-07-25,3,0,7,9,0,1,1,1,0.8,0.803,0.66,0,11,124,135
4965,2011-07-30,3,0,7,18,0,6,0,1,0.88,0.7576,0.28,0.194,92,207,299
540,2011-01-24,1,0,1,15,0,1,1,1,0.16,0.1667,0.4,0.1642,7,50,57
7484,2011-11-13,4,0,11,10,0,0,0,1,0.44,0.4394,0.44,0.3284,63,178,241
3720,2011-06-08,2,0,6,21,0,3,1,1,0.8,0.803,0.66,0.1343,34,168,202
13660,2012-07-28,3,1,7,8,0,6,0,1,0.74,0.697,0.66,0.1642,36,127,163
9338,2012-01-29,1,1,1,23,0,0,0,1,0.3,0.2727,0.33,0.3284,4,21,25
668,2011-01-31,1,0,1,3,0,1,1,1,0.22,0.2273,0.64,0.194,0,2,2
11024,2012-04-09,2,1,4,11,0,1,1,1,0.52,0.5,0.27,0.4179,96,127,223
10976,2012-04-07,2,1,4,11,0,6,0,1,0.44,0.4394,0.24,0.2985,251,244,495
1354,2011-03-01,1,0,3,16,0,2,1,1,0.34,0.3485,0.34,0.0896,10,92,102
13324,2012-07-14,3,1,7,8,0,6,0,1,0.62,0.5909,0.78,0.2836,33,118,151
7115,2011-10-29,4,0,10,1,0,6,0,3,0.3,0.2727,0.87,0.2985,0,18,18
8663,2012-01-01,1,1,1,17,0,0,0,2,0.48,0.4697,0.48,0.1642,36,75,111
3331,2011-05-23,2,0,5,16,0,1,1,2,0.72,0.6818,0.62,0.2985,56,223,279
8054,2011-12-07,4,0,12,5,0,3,1,3,0.46,0.4545,1,0.1642,0,3,3
11830,2012-05-13,2,1,5,2,0,0,0,2,0.54,0.5152,0.68,0.1642,22,60,82
9589,2012-02-09,1,1,2,11,0,4,1,1,0.24,0.2273,0.52,0.2239,4,95,99
5646,2011-08-28,3,0,8,16,0,0,0,1,0.8,0.7121,0.36,0.3881,196,295,491
6191,2011-09-20,3,0,9,12,0,2,1,2,0.56,0.5303,0.94,0.1642,13,47,60
15762,2012-10-23,4,1,10,22,0,2,1,1,0.56,0.5303,0.68,0.1045,20,174,194
11705,2012-05-07,2,1,5,21,0,1,1,2,0.54,0.5152,0.45,0.2239,37,210,247
13844,2012-08-05,3,1,8,0,0,0,0,1,0.74,0.697,0.7,0.2836,32,121,153
11004,2012-04-08,2,1,4,15,0,0,0,1,0.62,0.6061,0.17,0.3582,260,226,486
4911,2011-07-28,3,0,7,12,0,4,1,1,0.84,0.803,0.53,0.2537,35,151,186
1853,2011-03-22,2,0,3,22,0,2,1,2,0.4,0.4091,0.58,0.2537,13,57,70
12973,2012-06-29,3,1,6,17,0,5,1,1,0.98,0.9242,0.34,0.194,82,457,539
17261,2012-12-27,1,1,12,1,0,4,1,3,0.24,0.197,0.93,0.4478,0,5,5
2106,2011-04-02,2,0,4,14,0,6,0,3,0.32,0.303,0.76,0.3284,97,93,190
16518,2012-11-25,4,1,11,23,0,0,0,1,0.22,0.2576,0.69,0.0896,1,40,41
13429,2012-07-18,3,1,7,17,0,3,1,1,0.74,0.697,0.7,0.2537,35,335,370
5030,2011-08-02,3,0,8,11,0,2,1,1,0.84,0.7273,0.32,0.4179,32,96,128
824,2011-02-06,1,0,2,18,0,0,0,1,0.3,0.303,0.56,0.1642,13,65,78
1532,2011-03-09,1,0,3,4,0,3,1,1,0.24,0.2576,0.75,0.1045,0,2,2
1215,2011-02-23,1,0,2,16,0,3,1,1,0.34,0.3636,0.25,0,15,79,94
505,2011-01-23,1,0,1,2,0,0,0,1,0.02,0.0606,0.62,0.1343,3,15,18
14684,2012-09-09,3,1,9,0,0,0,0,2,0.56,0.5303,0.73,0.194,18,106,124
10189,2012-03-05,1,1,3,14,0,1,1,2,0.28,0.2576,0.57,0.3582,13,115,128
6531,2011-10-04,4,0,10,16,0,2,1,1,0.58,0.5455,0.56,0.3284,36,273,309
10151,2012-03-04,1,1,3,0,0,0,0,2,0.4,0.4091,0.3,0.3582,5,67,72
9577,2012-02-08,1,1,2,23,0,3,1,2,0.24,0.2424,0.87,0.1642,3,57,60
13117,2012-07-05,3,1,7,17,0,4,1,1,0.92,0.8485,0.35,0.1642,114,575,689
3710,2011-06-08,2,0,6,11,0,3,1,1,0.84,0.7576,0.41,0.194,28,106,134
17036,2012-12-17,4,1,12,14,0,1,1,2,0.4,0.4091,0.87,0.0896,12,169,181
4749,2011-07-21,3,0,7,18,0,4,1,1,0.9,0.8939,0.5,0.2836,39,343,382
11715,2012-05-08,2,1,5,7,0,2,1,1,0.52,0.5,0.72,0.2836,21,442,463
15486,2012-10-12,4,1,10,10,0,5,1,1,0.52,0.5,0.36,0.2985,75,200,275
5302,2011-08-13,3,0,8,19,0,6,0,2,0.68,0.6364,0.79,0.2836,67,170,237
6589,2011-10-07,4,0,10,2,0,5,1,1,0.42,0.4242,0.88,0,0,5,5
1811,2011-03-21,2,0,3,3,0,1,1,2,0.34,0.303,0.71,0.3284,0,1,1
3142,2011-05-15,2,0,5,19,0,0,0,1,0.56,0.5303,0.83,0.1045,78,153,231
1325,2011-02-28,1,0,2,11,0,1,1,2,0.56,0.5303,0.64,0.2985,13,74,87
4313,2011-07-03,3,0,7,14,0,0,0,1,0.82,0.7879,0.56,0.2537,225,150,375
7495,2011-11-13,4,0,11,21,0,0,0,1,0.48,0.4697,0.36,0.2537,19,76,95
8692,2012-01-02,1,1,1,23,1,1,0,1,0.22,0.2121,0.44,0.2537,2,32,34
9581,2012-02-09,1,1,2,3,0,4,1,1,0.22,0.2121,0.8,0.2836,0,4,4
13808,2012-08-03,3,1,8,12,0,5,1,2,0.86,0.8182,0.5,0.2985,95,243,338
6314,2011-09-25,4,0,9,15,0,0,0,2,0.66,0.6061,0.78,0,119,234,353
13965,2012-08-10,3,1,8,1,0,5,1,1,0.7,0.6515,0.65,0.1045,6,35,41
1543,2011-03-09,1,0,3,15,0,3,1,2,0.36,0.3333,0.71,0.2985,15,64,79
11494,2012-04-29,2,1,4,2,0,0,0,2,0.36,0.3636,0.87,0.1045,4,36,40
11517,2012-04-30,2,1,4,1,0,1,1,1,0.42,0.4242,0.77,0.0896,9,15,24
7057,2011-10-26,4,0,10,15,0,3,1,2,0.52,0.5,0.77,0,11,59,70
2540,2011-04-20,2,0,4,17,0,3,1,2,0.74,0.6515,0.37,0.4179,34,398,432
15369,2012-10-07,4,1,10,13,0,0,0,2,0.44,0.4394,0.72,0.0896,80,240,320
6732,2011-10-13,4,0,10,1,0,4,1,2,0.54,0.5152,0.94,0,3,9,12
4847,2011-07-25,3,0,7,20,0,1,1,1,0.72,0.697,0.74,0.1343,55,247,302
6802,2011-10-15,4,0,10,23,0,6,0,1,0.48,0.4697,0.41,0.1642,33,102,135
4331,2011-07-04,3,0,7,8,1,1,0,1,0.7,0.6667,0.74,0.1045,42,44,86
8925,2012-01-12,1,1,1,17,0,4,1,1,0.46,0.4545,0.63,0.1642,23,472,495
5335,2011-08-15,3,0,8,4,0,1,1,1,0.6,0.5606,0.83,0.1343,1,4,5
9349,2012-01-30,1,1,1,10,0,1,1,1,0.22,0.2121,0.41,0.2836,3,82,85
4730,2011-07-20,3,0,7,23,0,3,1,1,0.76,0.7424,0.75,0.2537,26,73,99
11175,2012-04-15,2,1,4,19,0,0,0,1,0.7,0.6364,0.42,0.2537,114,265,379
1063,2011-02-17,1,0,2,0,0,4,1,1,0.34,0.3333,0.53,0.194,1,16,17
1168,2011-02-21,1,0,2,10,1,1,0,2,0.32,0.303,0.57,0.2537,29,52,81
7652,2011-11-20,4,0,11,10,0,0,0,2,0.44,0.4394,0.72,0.1045,46,183,229
11131,2012-04-13,2,1,4,23,0,5,1,1,0.42,0.4242,0.62,0.0896,35,163,198
4492,2011-07-11,3,0,7,1,0,1,1,1,0.7,0.6515,0.61,0.2836,5,5,10
8336,2011-12-18,4,0,12,23,0,0,0,1,0.2,0.2273,0.75,0.1045,6,31,37
5487,2011-08-21,3,0,8,12,0,0,0,1,0.82,0.803,0.59,0.2836,135,239,374
2503,2011-04-19,2,0,4,4,0,2,1,1,0.46,0.4545,0.67,0.0896,1,4,5
4361,2011-07-05,3,0,7,14,0,2,1,1,0.8,0.7424,0.49,0.1642,66,112,178
4172,2011-06-27,3,0,6,17,0,1,1,1,0.74,0.6818,0.55,0.1343,90,514,604
17185,2012-12-23,1,1,12,19,0,0,0,1,0.3,0.3333,0.42,0,4,54,58
16780,2012-12-06,4,1,12,22,0,4,1,1,0.24,0.2424,0.65,0.1642,2,131,133
13924,2012-08-08,3,1,8,8,0,3,1,2,0.74,0.7273,0.72,0.0896,48,689,737
14513,2012-09-01,3,1,9,21,0,6,0,3,0.64,0.5758,0.89,0,21,83,104
7187,2011-11-01,4,0,11,1,0,2,1,1,0.36,0.3485,0.81,0.1343,3,8,11
699,2011-02-01,1,0,2,11,0,2,1,2,0.18,0.2424,0.86,0,2,49,51
16986,2012-12-15,4,1,12,12,0,6,0,1,0.38,0.3939,0.5,0.0896,89,364,453
14192,2012-08-19,3,1,8,12,0,0,0,3,0.64,0.6061,0.73,0,112,186,298
8788,2012-01-06,1,1,1,23,0,5,1,1,0.36,0.3788,0.5,0,13,88,101
14398,2012-08-28,3,1,8,2,0,2,1,1,0.68,0.6364,0.83,0.2537,2,13,15
12145,2012-05-26,2,1,5,5,0,6,0,1,0.62,0.5758,0.83,0.2537,0,10,10
13585,2012-07-25,3,1,7,5,0,3,1,1,0.64,0.6061,0.65,0.1642,5,54,59
2915,2011-05-06,2,0,5,8,0,5,1,1,0.42,0.4242,0.77,0.2537,35,415,450
14553,2012-09-03,3,1,9,13,1,1,0,2,0.76,0.7273,0.66,0.2537,209,357,566
10519,2012-03-19,1,1,3,9,0,1,1,1,0.5,0.4848,0.72,0.1642,55,276,331
5645,2011-08-28,3,0,8,15,0,0,0,1,0.78,0.697,0.43,0.3582,155,314,469
3441,2011-05-28,2,0,5,6,0,6,0,1,0.58,0.5455,0.83,0.2537,3,16,19
12044,2012-05-22,2,1,5,0,0,2,1,1,0.58,0.5455,0.83,0.2537,10,26,36
7358,2011-11-08,4,0,11,4,0,2,1,1,0.3,0.3333,0.87,0,0,4,4
2144,2011-04-04,2,0,4,4,0,1,1,1,0.38,0.3939,0.71,0.2985,1,1,2
5105,2011-08-05,3,0,8,14,0,5,1,2,0.78,0.7121,0.52,0.2537,81,164,245
5074,2011-08-04,3,0,8,7,0,4,1,2,0.68,0.6364,0.89,0.2985,11,271,282
16049,2012-11-06,4,1,11,9,0,2,1,1,0.26,0.2576,0.6,0.1642,25,338,363
14528,2012-09-02,3,1,9,12,0,0,0,3,0.74,0.697,0.7,0,248,297,545
2968,2011-05-08,2,0,5,13,0,0,0,1,0.6,0.6212,0.49,0.1343,166,224,390
5989,2011-09-12,3,0,9,1,0,1,1,1,0.56,0.5303,0.88,0,1,11,12
11658,2012-05-05,2,1,5,22,0,6,0,2,0.58,0.5455,0.78,0.194,67,150,217
729,2011-02-02,1,0,2,17,0,3,1,1,0.36,0.3182,0.53,0.5224,7,183,190
7588,2011-11-17,4,0,11,18,0,4,1,1,0.32,0.3182,0.39,0.194,9,298,307
7544,2011-11-15,4,0,11,22,0,2,1,2,0.46,0.4545,0.88,0.1045,19,109,128
413,2011-01-19,1,0,1,5,0,3,1,2,0.22,0.2576,0.93,0.0896,0,7,7
11339,2012-04-22,2,1,4,15,0,0,0,3,0.38,0.3939,0.87,0.3881,0,38,38
5746,2011-09-01,3,0,9,20,0,4,1,1,0.66,0.6212,0.61,0.2239,33,247,280
3268,2011-05-21,2,0,5,1,0,6,0,1,0.52,0.5,0.72,0,8,64,72
8809,2012-01-07,1,1,1,20,0,6,0,1,0.5,0.4848,0.39,0.2537,21,149,170
418,2011-01-19,1,0,1,10,0,3,1,2,0.26,0.2727,0.93,0.1343,1,46,47
11262,2012-04-19,2,1,4,10,0,4,1,1,0.48,0.4697,0.63,0.0896,46,143,189
9818,2012-02-19,1,1,2,0,0,0,0,2,0.34,0.303,0.39,0.3582,9,65,74
15306,2012-10-04,4,1,10,22,0,4,1,1,0.64,0.6212,0.47,0.1343,29,203,232
16282,2012-11-16,4,1,11,3,0,5,1,2,0.3,0.303,0.65,0.1343,0,6,6
2083,2011-04-01,2,0,4,15,0,5,1,1,0.34,0.303,0.46,0.4179,30,81,111
12162,2012-05-26,2,1,5,22,0,6,0,1,0.7,0.6667,0.74,0.2537,86,118,204
3374,2011-05-25,2,0,5,11,0,3,1,1,0.74,0.6667,0.51,0.0896,36,104,140
5727,2011-09-01,3,0,9,1,0,4,1,1,0.6,0.5909,0.73,0.0896,7,14,21
10637,2012-03-24,2,1,3,7,0,6,0,2,0.5,0.4848,0.88,0.1343,25,45,70
3914,2011-06-16,2,0,6,23,0,4,1,3,0.6,0.5606,0.83,0.2537,2,14,16
13480,2012-07-20,3,1,7,20,0,5,1,3,0.64,0.5758,0.83,0.3881,35,216,251
5537,2011-08-23,3,0,8,14,0,2,1,1,0.72,0.6515,0.3,0.0896,149,502,651
8003,2011-12-05,4,0,12,2,0,1,1,1,0.32,0.3485,0.87,0,0,8,8
5388,2011-08-17,3,0,8,9,0,3,1,1,0.74,0.6667,0.48,0.0896,31,178,209
2739,2011-04-29,2,0,4,0,0,5,1,1,0.52,0.5,0.39,0.2836,11,37,48
5053,2011-08-03,3,0,8,10,0,3,1,3,0.74,0.6818,0.58,0.0896,9,59,68
4001,2011-06-20,2,0,6,14,0,1,1,1,0.66,0.6212,0.61,0.1045,45,130,175
2428,2011-04-16,2,0,4,1,0,6,0,2,0.36,0.3333,0.87,0.2836,5,28,33
11939,2012-05-17,2,1,5,15,0,4,1,1,0.64,0.6212,0.36,0.2537,83,233,316
6834,2011-10-17,4,0,10,7,0,1,1,2,0.5,0.4848,0.55,0.1642,10,299,309
852,2011-02-07,1,0,2,22,0,1,1,1,0.28,0.303,0.81,0.0896,3,34,37
16348,2012-11-18,4,1,11,21,0,0,0,1,0.36,0.3333,0.66,0.2537,17,93,110
5879,2011-09-07,3,0,9,10,0,3,1,3,0.6,0.5455,0.88,0.1343,3,63,66
4612,2011-07-16,3,0,7,1,0,6,0,1,0.6,0.5909,0.69,0.1045,24,51,75
16365,2012-11-19,4,1,11,14,0,1,1,1,0.44,0.4394,0.54,0.2537,47,170,217
9541,2012-02-07,1,1,2,11,0,2,1,1,0.36,0.3485,0.46,0.194,9,120,129
9208,2012-01-24,1,1,1,13,0,2,1,1,0.34,0.3333,0.87,0.1642,33,170,203
9824,2012-02-19,1,1,2,6,0,0,0,1,0.24,0.2121,0.52,0.3284,0,5,5
2490,2011-04-18,2,0,4,15,0,1,1,2,0.6,0.6212,0.43,0.194,64,112,176
11923,2012-05-16,2,1,5,23,0,3,1,1,0.62,0.5909,0.78,0.1045,26,107,133
7391,2011-11-09,4,0,11,13,0,3,1,1,0.5,0.4848,0.51,0.1642,31,136,167
2850,2011-05-03,2,0,5,15,0,2,1,2,0.7,0.6515,0.58,0.4478,37,117,154
14070,2012-08-14,3,1,8,10,0,2,1,1,0.7,0.6667,0.79,0.1045,53,155,208
5882,2011-09-07,3,0,9,13,0,3,1,3,0.6,0.5455,0.88,0,2,9,11
4453,2011-07-09,3,0,7,10,0,6,0,1,0.76,0.697,0.52,0.1642,87,177,264
2480,2011-04-18,2,0,4,5,0,1,1,1,0.4,0.4091,0.76,0.0896,0,16,16
10458,2012-03-16,1,1,3,20,0,5,1,1,0.46,0.4545,0.88,0,31,204,235
11152,2012-04-14,2,1,4,20,0,6,0,2,0.56,0.5303,0.46,0.1343,112,209,321
13246,2012-07-11,3,1,7,2,0,3,1,1,0.64,0.5758,0.89,0,0,5,5
13297,2012-07-13,3,1,7,5,0,5,1,2,0.66,0.6364,0.56,0.0896,4,30,34
11311,2012-04-21,2,1,4,11,0,6,0,1,0.62,0.6061,0.61,0.3284,260,348,608
9436,2012-02-03,1,1,2,1,0,5,1,1,0.3,0.2727,0.56,0.3284,3,19,22
7254,2011-11-03,4,0,11,20,0,4,1,1,0.42,0.4242,0.71,0.1045,11,198,209
13285,2012-07-12,3,1,7,17,0,4,1,1,0.76,0.6818,0.43,0.2239,91,704,795
3507,2011-05-31,2,0,5,0,0,2,1,1,0.7,0.6667,0.79,0.0896,9,20,29
1680,2011-03-15,1,0,3,14,0,2,1,2,0.38,0.3939,0.46,0.2985,14,74,88
8131,2011-12-10,4,0,12,10,0,6,0,1,0.32,0.303,0.57,0.2537,31,161,192
15126,2012-09-27,4,1,9,10,0,4,1,2,0.7,0.6515,0.51,0.2836,40,168,208
16965,2012-12-14,4,1,12,15,0,5,1,1,0.4,0.4091,0.47,0.1642,57,252,309
9663,2012-02-12,1,1,2,13,0,0,0,1,0.16,0.1212,0.4,0.4478,10,128,138
13501,2012-07-21,3,1,7,17,0,6,0,3,0.6,0.5455,0.88,0.1642,92,149,241
3344,2011-05-24,2,0,5,5,0,2,1,2,0.58,0.5455,0.94,0.2537,2,22,24
13185,2012-07-08,3,1,7,13,0,0,0,1,0.94,0.8788,0.38,0.2537,118,219,337
16245,2012-11-14,4,1,11,14,0,3,1,1,0.36,0.3485,0.43,0.1343,20,161,181
12776,2012-06-21,3,1,6,12,0,4,1,1,0.9,0.8182,0.35,0.194,33,182,215
16944,2012-12-13,4,1,12,18,0,4,1,1,0.32,0.3333,0.42,0.1045,20,446,466
5238,2011-08-11,3,0,8,3,0,4,1,1,0.64,0.6212,0.57,0.1343,2,7,9
7806,2011-11-26,4,0,11,20,0,6,0,2,0.42,0.4242,0.58,0,55,86,141
13408,2012-07-17,3,1,7,20,0,2,1,1,0.86,0.7576,0.34,0.1642,52,375,427
16897,2012-12-11,4,1,12,19,0,2,1,1,0.32,0.303,0.53,0.2239,21,412,433
1082,2011-02-17,1,0,2,19,0,4,1,1,0.48,0.4697,0.55,0.3284,14,161,175
9205,2012-01-24,1,1,1,10,0,2,1,1,0.32,0.3333,0.93,0.0896,23,93,116
1932,2011-03-26,2,0,3,6,0,6,0,1,0.18,0.1818,0.55,0.194,2,8,10
1151,2011-02-20,1,0,2,17,0,0,0,1,0.34,0.3485,0.33,0.1642,60,86,146
5950,2011-09-10,3,0,9,10,0,6,0,1,0.7,0.6515,0.65,0.2537,85,233,318
8309,2011-12-17,4,0,12,20,0,6,0,1,0.22,0.2121,0.69,0.2537,7,99,106
14263,2012-08-22,3,1,8,11,0,3,1,1,0.72,0.6667,0.58,0.0896,71,196,267
5178,2011-08-08,3,0,8,15,0,1,1,1,0.84,0.7576,0.41,0.2985,40,86,126
14099,2012-08-15,3,1,8,15,0,3,1,1,0.76,0.697,0.52,0.2537,70,196,266
8312,2011-12-17,4,0,12,23,0,6,0,1,0.2,0.2273,0.75,0,6,63,69
17330,2012-12-29,1,1,12,22,0,6,0,2,0.26,0.2424,0.6,0.4627,3,51,54
17020,2012-12-16,4,1,12,22,0,0,0,2,0.4,0.4091,0.82,0.194,6,83,89
4466,2011-07-09,3,0,7,23,0,6,0,1,0.72,0.6667,0.58,0.194,47,93,140
6800,2011-10-15,4,0,10,21,0,6,0,1,0.5,0.4848,0.42,0.2239,53,115,168
7988,2011-12-04,4,0,12,11,0,0,0,1,0.34,0.3333,0.81,0.1642,48,206,254
7080,2011-10-27,4,0,10,14,0,4,1,2,0.52,0.5,0.83,0,16,76,92
6967,2011-10-22,4,0,10,21,0,6,0,1,0.4,0.4091,0.76,0,37,120,157
15203,2012-09-30,4,1,9,15,0,0,0,1,0.64,0.6212,0.36,0.2537,230,419,649
4143,2011-06-26,3,0,6,12,0,0,0,1,0.74,0.6515,0.4,0.1642,175,268,443
877,2011-02-08,1,0,2,23,0,2,1,1,0.12,0.1061,0.33,0.3284,3,9,12
16389,2012-11-20,4,1,11,14,0,2,1,2,0.44,0.4394,0.58,0.1045,47,177,224
15980,2012-11-03,4,1,11,12,0,6,0,2,0.36,0.3182,0.46,0.4627,74,320,394
3052,2011-05-12,2,0,5,1,0,4,1,1,0.46,0.4545,0.88,0.2239,1,16,17
14600,2012-09-05,3,1,9,12,0,3,1,1,0.78,0.7727,0.7,0.1045,49,217,266
15329,2012-10-05,4,1,10,21,0,5,1,1,0.6,0.5909,0.69,0.2239,47,220,267
2492,2011-04-18,2,0,4,17,0,1,1,1,0.58,0.5455,0.49,0.2836,66,362,428
15339,2012-10-06,4,1,10,7,0,6,0,1,0.54,0.5152,0.83,0.2985,13,71,84
4778,2011-07-22,3,0,7,23,0,5,1,1,0.8,0.7879,0.63,0.194,19,84,103
9908,2012-02-22,1,1,2,20,0,3,1,2,0.44,0.4394,0.47,0.194,25,249,274
16959,2012-12-14,4,1,12,9,0,5,1,1,0.24,0.2424,0.75,0.1343,13,330,343
854,2011-02-08,1,0,2,0,0,2,1,2,0.28,0.3182,0.87,0,4,6,10
10967,2012-04-07,2,1,4,2,0,6,0,1,0.36,0.3333,0.29,0.3582,11,25,36
13122,2012-07-05,3,1,7,22,0,4,1,1,0.82,0.803,0.59,0.1343,63,162,225
13404,2012-07-17,3,1,7,16,0,2,1,1,0.92,0.8182,0.29,0.1642,64,317,381
10894,2012-04-04,2,1,4,1,0,3,1,1,0.46,0.4545,0.59,0,0,11,11
4496,2011-07-11,3,0,7,5,0,1,1,1,0.66,0.6212,0.74,0.1343,5,21,26
8174,2011-12-12,4,0,12,5,0,1,1,1,0.16,0.2273,0.8,0,0,21,21
6656,2011-10-09,4,0,10,21,0,0,0,1,0.54,0.5152,0.83,0.1045,53,120,173
12040,2012-05-21,2,1,5,20,0,1,1,1,0.64,0.6061,0.69,0.1343,44,292,336
2369,2011-04-13,2,0,4,14,0,3,1,2,0.42,0.4242,0.77,0.2537,24,82,106
4781,2011-07-23,3,0,7,2,0,6,0,1,0.82,0.7727,0.52,0,13,48,61
12324,2012-06-02,2,1,6,16,0,6,0,1,0.64,0.6212,0.38,0.2537,275,369,644
8717,2012-01-04,1,1,1,0,0,3,1,1,0.08,0.0606,0.42,0.3284,0,9,9
10648,2012-03-24,2,1,3,18,0,6,0,3,0.46,0.4545,0.94,0.2239,27,110,137
5987,2011-09-11,3,0,9,23,0,0,0,3,0.58,0.5455,0.78,0.0896,12,33,45
16922,2012-12-12,4,1,12,20,0,3,1,1,0.3,0.2879,0.52,0.2836,25,243,268
5802,2011-09-04,3,0,9,4,0,0,0,1,0.64,0.5758,0.83,0.1642,0,4,4
7207,2011-11-01,4,0,11,21,0,2,1,1,0.36,0.3788,0.81,0,13,114,127
7344,2011-11-07,4,0,11,14,0,1,1,1,0.56,0.5303,0.37,0.1642,30,115,145
12534,2012-06-11,2,1,6,10,0,1,1,1,0.72,0.6818,0.62,0.1642,52,95,147
7561,2011-11-16,4,0,11,15,0,3,1,3,0.48,0.4697,0.94,0.1045,16,50,66
8097,2011-12-09,4,0,12,0,0,5,1,1,0.24,0.2879,0.65,0,8,26,34
785,2011-02-05,1,0,2,3,0,6,0,2,0.24,0.2424,0.75,0.1642,1,10,11
12250,2012-05-30,2,1,5,14,0,3,1,1,0.72,0.6515,0.42,0.1343,44,208,252
1410,2011-03-04,1,0,3,0,0,5,1,2,0.2,0.197,0.55,0.194,0,12,12
10730,2012-03-28,2,1,3,4,0,3,1,1,0.36,0.3333,0.43,0.2985,1,0,1
16539,2012-11-26,4,1,11,20,0,1,1,1,0.34,0.3636,0.49,0,12,265,277
3010,2011-05-10,2,0,5,7,0,2,1,2,0.44,0.4394,0.62,0.1343,13,301,314
11094,2012-04-12,2,1,4,10,0,4,1,1,0.4,0.4091,0.5,0.2985,38,103,141
4015,2011-06-21,3,0,6,4,0,2,1,2,0.6,0.5455,0.88,0.1045,2,7,9
7456,2011-11-12,4,0,11,6,0,6,0,1,0.22,0.2273,0.75,0.1642,0,7,7
12914,2012-06-27,3,1,6,6,0,3,1,1,0.58,0.5455,0.46,0.2836,7,193,200
3864,2011-06-14,2,0,6,21,0,2,1,1,0.6,0.6212,0.56,0.2985,37,206,243
1896,2011-03-24,2,0,3,18,0,4,1,2,0.3,0.2727,0.61,0.2985,17,197,214
5443,2011-08-19,3,0,8,16,0,5,1,1,0.8,0.7424,0.49,0,66,261,327
570,2011-01-25,1,0,1,22,0,2,1,1,0.22,0.2273,0.64,0.1642,4,49,53
1817,2011-03-21,2,0,3,10,0,1,1,2,0.38,0.3939,0.76,0.3881,17,45,62
6103,2011-09-16,3,0,9,20,0,5,1,2,0.5,0.4848,0.55,0,41,184,225
2976,2011-05-08,2,0,5,21,0,0,0,1,0.52,0.5,0.77,0.0896,32,95,127
10493,2012-03-18,1,1,3,7,0,0,0,3,0.42,0.4242,0.88,0.1642,17,25,42
191,2011-01-09,1,0,1,5,0,0,0,1,0.08,0.0909,0.53,0.194,0,1,1
700,2011-02-01,1,0,2,12,0,2,1,2,0.2,0.2576,0.86,0,2,53,55
16991,2012-12-15,4,1,12,17,0,6,0,1,0.4,0.4091,0.5,0.2239,35,274,309
12469,2012-06-08,2,1,6,17,0,5,1,1,0.76,0.6667,0.29,0.194,114,679,793
302,2011-01-14,1,0,1,0,0,5,1,1,0.12,0.1364,0.5,0.194,0,14,14
3421,2011-05-27,2,0,5,10,0,5,1,1,0.72,0.6667,0.54,0.3881,42,111,153
1061,2011-02-16,1,0,2,22,0,3,1,1,0.34,0.3333,0.53,0.194,12,61,73
14435,2012-08-29,3,1,8,15,0,3,1,1,0.76,0.6818,0.4,0.194,96,242,338
10758,2012-03-29,2,1,3,8,0,4,1,1,0.46,0.4545,0.47,0.4179,26,628,654
3445,2011-05-28,2,0,5,10,0,6,0,1,0.7,0.6515,0.65,0.2239,110,166,276
10717,2012-03-27,2,1,3,15,0,2,1,1,0.42,0.4242,0.2,0,42,158,200
8209,2011-12-13,4,0,12,16,0,2,1,1,0.38,0.3939,0.37,0.2537,13,194,207
7680,2011-11-21,4,0,11,14,0,1,1,2,0.48,0.4697,0.82,0.194,14,121,135
11313,2012-04-21,2,1,4,13,0,6,0,1,0.66,0.6212,0.54,0.2239,291,358,649
4643,2011-07-17,3,0,7,8,0,0,0,1,0.68,0.6364,0.65,0.2239,45,73,118
12947,2012-06-28,3,1,6,15,0,4,1,1,0.86,0.7273,0.25,0.3284,24,195,219
9008,2012-01-16,1,1,1,4,1,1,0,1,0.12,0.1515,0.58,0.1045,2,6,8
7997,2011-12-04,4,0,12,20,0,0,0,1,0.36,0.3485,0.76,0.1343,8,116,124
5601,2011-08-26,3,0,8,6,0,5,1,1,0.62,0.5606,0.88,0,5,100,105
9152,2012-01-22,1,1,1,5,0,0,0,3,0.16,0.1515,0.74,0.2239,1,2,3
7023,2011-10-25,4,0,10,5,0,2,1,1,0.38,0.3939,0.87,0.1343,0,24,24
15637,2012-10-18,4,1,10,17,0,4,1,2,0.58,0.5455,0.64,0.3284,102,788,890
16610,2012-11-29,4,1,11,20,0,4,1,1,0.3,0.303,0.52,0.1642,11,241,252
5896,2011-09-08,3,0,9,4,0,4,1,2,0.62,0.5455,0.94,0.0896,0,3,3
10678,2012-03-26,2,1,3,0,0,1,1,2,0.48,0.4697,0.82,0.1642,10,23,33
8755,2012-01-05,1,1,1,14,0,4,1,1,0.34,0.3182,0.39,0.2836,13,104,117
3437,2011-05-28,2,0,5,2,0,6,0,1,0.56,0.5303,0.94,0.194,13,35,48
14566,2012-09-04,3,1,9,2,0,2,1,1,0.68,0.6364,0.82,0.1343,1,4,5
14374,2012-08-27,3,1,8,2,0,1,1,1,0.62,0.5606,0.88,0.1343,0,8,8
6894,2011-10-19,4,0,10,20,0,3,1,3,0.6,0.5152,0.94,0.0896,5,140,145
12758,2012-06-20,2,1,6,18,0,3,1,1,0.9,0.8182,0.37,0,81,591,672
8051,2011-12-07,4,0,12,2,0,3,1,3,0.46,0.4545,1,0.2239,2,4,6
9147,2012-01-22,1,1,1,0,0,0,0,1,0.16,0.1364,0.8,0.2985,1,51,52
4556,2011-07-13,3,0,7,17,0,3,1,1,0.7,0.6667,0.79,0,70,418,488
11297,2012-04-20,2,1,4,21,0,5,1,1,0.56,0.5303,0.68,0.1343,35,252,287
4736,2011-07-21,3,0,7,5,0,4,1,2,0.72,0.7121,0.84,0.1045,2,16,18
1219,2011-02-23,1,0,2,20,0,3,1,1,0.24,0.2424,0.6,0.1642,2,107,109
13447,2012-07-19,3,1,7,11,0,4,1,1,0.8,0.7576,0.55,0.1045,54,162,216
3988,2011-06-20,2,0,6,1,0,1,1,1,0.64,0.5758,0.89,0.0896,9,3,12
5700,2011-08-30,3,0,8,22,0,2,1,1,0.62,0.6061,0.61,0,22,121,143
13993,2012-08-11,3,1,8,5,0,6,0,1,0.62,0.5606,0.88,0.1045,2,9,11
2870,2011-05-04,2,0,5,11,0,3,1,1,0.4,0.4091,0.82,0.3284,3,69,72
11970,2012-05-18,2,1,5,22,0,5,1,1,0.56,0.5303,0.52,0.3284,57,194,251
14208,2012-08-20,3,1,8,4,0,1,1,2,0.6,0.5606,0.83,0.0896,0,7,7
2962,2011-05-08,2,0,5,7,0,0,0,2,0.46,0.4545,0.82,0,8,15,23
14173,2012-08-18,3,1,8,17,0,6,0,1,0.76,0.6667,0.37,0.2239,256,379,635
2201,2011-04-06,2,0,4,13,0,3,1,1,0.46,0.4545,0.38,0.4925,29,83,112
16483,2012-11-24,4,1,11,12,0,6,0,2,0.3,0.2576,0.36,0.6119,53,146,199
5593,2011-08-25,3,0,8,22,0,4,1,1,0.62,0.5758,0.83,0,21,126,147
2558,2011-04-21,2,0,4,11,0,4,1,1,0.44,0.4394,0.41,0.2836,34,99,133
15587,2012-10-16,4,1,10,15,0,2,1,1,0.54,0.5152,0.41,0.3284,76,270,346
9638,2012-02-11,1,1,2,12,0,6,0,2,0.26,0.2576,0.81,0.1642,25,196,221
5540,2011-08-23,3,0,8,17,0,2,1,1,0.72,0.6515,0.34,0.2239,133,339,472
12875,2012-06-25,3,1,6,15,0,1,1,1,0.78,0.6818,0.38,0.4627,65,168,233
12184,2012-05-27,2,1,5,20,0,0,0,1,0.74,0.6818,0.55,0.1642,168,224,392
6296,2011-09-24,4,0,9,21,0,6,0,1,0.62,0.5758,0.83,0.0896,66,156,222
4500,2011-07-11,3,0,7,9,0,1,1,1,0.78,0.7424,0.59,0.2985,41,167,208
1155,2011-02-20,1,0,2,21,0,0,0,2,0.32,0.3485,0.53,0,17,39,56
15152,2012-09-28,4,1,9,12,0,5,1,2,0.7,0.6515,0.54,0.2537,94,286,380
9875,2012-02-21,1,1,2,11,0,2,1,2,0.26,0.2424,0.7,0.2836,5,81,86
7401,2011-11-09,4,0,11,23,0,3,1,1,0.38,0.3939,0.87,0,5,61,66
10249,2012-03-08,1,1,3,2,0,4,1,1,0.46,0.4545,0.63,0.3881,6,5,11
7159,2011-10-30,4,0,10,21,0,0,0,1,0.32,0.3485,0.66,0,4,75,79
14590,2012-09-05,3,1,9,2,0,3,1,1,0.7,0.6667,0.84,0.194,0,9,9
5424,2011-08-18,3,0,8,21,0,4,1,2,0.68,0.6364,0.79,0,12,137,149
2050,2011-03-31,2,0,3,6,0,4,1,3,0.24,0.2121,0.93,0.2985,2,34,36
13169,2012-07-07,3,1,7,21,0,6,0,1,0.88,0.7879,0.37,0.194,51,150,201
11836,2012-05-13,2,1,5,8,0,0,0,1,0.56,0.5303,0.64,0.1642,32,124,156
16372,2012-11-19,4,1,11,21,0,1,1,2,0.38,0.3939,0.54,0.2239,15,188,203
9209,2012-01-24,1,1,1,14,0,2,1,1,0.36,0.3485,0.81,0.2239,35,138,173
14076,2012-08-14,3,1,8,16,0,2,1,1,0.82,0.7424,0.43,0.2239,95,363,458
16647,2012-12-01,4,1,12,9,0,6,0,2,0.26,0.2424,0.93,0.2537,34,159,193
14487,2012-08-31,3,1,8,19,0,5,1,1,0.8,0.7424,0.49,0.1343,91,361,452
14258,2012-08-22,3,1,8,6,0,3,1,1,0.62,0.5909,0.73,0,12,175,187
6617,2011-10-08,4,0,10,6,0,6,0,1,0.42,0.4242,0.94,0,6,16,22
8121,2011-12-10,4,0,12,0,0,6,0,2,0.26,0.2727,0.81,0.1045,11,66,77
8156,2011-12-11,4,0,12,11,0,0,0,1,0.26,0.303,0.35,0,31,166,197
1803,2011-03-20,1,0,3,19,0,0,0,1,0.36,0.3333,0.43,0.2836,21,58,79
4737,2011-07-21,3,0,7,6,0,4,1,2,0.72,0.7121,0.84,0.1045,6,111,117
11112,2012-04-13,2,1,4,4,0,5,1,2,0.34,0.3333,0.53,0.1343,1,4,5
2386,2011-04-14,2,0,4,7,0,4,1,1,0.38,0.3939,0.66,0,11,182,193
5760,2011-09-02,3,0,9,10,0,5,1,2,0.64,0.6061,0.76,0.1642,34,106,140
8681,2012-01-02,1,1,1,12,1,1,0,1,0.28,0.2727,0.36,0.2537,41,161,202
1735,2011-03-17,1,0,3,22,0,4,1,1,0.4,0.4091,0.66,0.2239,17,70,87
2912,2011-05-06,2,0,5,5,0,5,1,1,0.34,0.3485,0.81,0.1045,0,16,16
11412,2012-04-25,2,1,4,16,0,3,1,1,0.6,0.5909,0.2,0.3284,49,327,376
8339,2011-12-19,4,0,12,2,0,1,1,1,0.18,0.2121,0.8,0.0896,0,3,3
1987,2011-03-28,2,0,3,15,0,1,1,1,0.32,0.303,0.24,0.2836,19,53,72
6547,2011-10-05,4,0,10,8,0,3,1,1,0.52,0.5,0.63,0,26,441,467
14244,2012-08-21,3,1,8,16,0,2,1,1,0.76,0.6667,0.37,0,109,358,467
2812,2011-05-02,2,0,5,1,0,1,1,1,0.46,0.4545,0.72,0.1343,41,73,114
17044,2012-12-17,4,1,12,22,0,1,1,2,0.42,0.4242,0.94,0.1343,5,49,54
15709,2012-10-21,4,1,10,17,0,0,0,1,0.52,0.5,0.39,0.2537,153,338,491
11590,2012-05-03,2,1,5,2,0,4,1,2,0.46,0.4545,0.88,0.1343,4,13,17
9340,2012-01-30,1,1,1,1,0,1,1,1,0.26,0.2273,0.6,0.3582,0,9,9
15088,2012-09-25,4,1,9,20,0,2,1,1,0.6,0.6212,0.56,0.2985,37,388,425
11775,2012-05-10,2,1,5,19,0,4,1,1,0.54,0.5152,0.37,0.3582,84,469,553
1931,2011-03-26,2,0,3,5,0,6,0,1,0.2,0.197,0.51,0.194,0,8,8
198,2011-01-09,1,0,1,12,0,0,0,1,0.18,0.1364,0.37,0.4478,4,79,83
7778,2011-11-25,4,0,11,16,0,5,1,1,0.5,0.4848,0.39,0.1642,122,139,261
8005,2011-12-05,4,0,12,4,0,1,1,1,0.3,0.3182,0.87,0.1045,0,7,7
2328,2011-04-11,2,0,4,21,0,1,1,1,0.66,0.6212,0.61,0.2537,39,119,158
4390,2011-07-06,3,0,7,19,0,3,1,1,0.74,0.697,0.7,0.2239,71,323,394
12689,2012-06-17,2,1,6,21,0,0,0,1,0.62,0.6212,0.57,0.194,76,170,246
11448,2012-04-27,2,1,4,4,0,5,1,1,0.42,0.4242,0.44,0.2537,0,6,6
203,2011-01-09,1,0,1,17,0,0,0,1,0.18,0.1515,0.37,0.3881,3,59,62
4932,2011-07-29,3,0,7,9,0,5,1,1,0.86,0.803,0.47,0.2537,28,151,179
5792,2011-09-03,3,0,9,18,0,6,0,1,0.72,0.6818,0.7,0.1642,160,179,339
13950,2012-08-09,3,1,8,10,0,4,1,1,0.8,0.7576,0.55,0.2239,72,133,205
7393,2011-11-09,4,0,11,15,0,3,1,1,0.52,0.5,0.45,0.2239,21,130,151
5856,2011-09-06,3,0,9,11,0,2,1,3,0.54,0.5152,0.83,0.3881,11,78,89
855,2011-02-08,1,0,2,1,0,2,1,2,0.28,0.3182,0.87,0,0,4,4
13878,2012-08-06,3,1,8,10,0,1,1,1,0.74,0.697,0.7,0.2239,54,159,213
14556,2012-09-03,3,1,9,16,1,1,0,1,0.74,0.697,0.7,0.2239,165,335,500
4738,2011-07-21,3,0,7,7,0,4,1,2,0.74,0.7273,0.84,0.1343,23,251,274
17083,2012-12-19,4,1,12,13,0,3,1,1,0.42,0.4242,0.5,0.194,30,183,213
1637,2011-03-13,1,0,3,17,0,0,0,1,0.44,0.4394,0.41,0.3582,98,143,241
11650,2012-05-05,2,1,5,14,0,6,0,3,0.7,0.6515,0.61,0.2985,187,241,428
6586,2011-10-06,4,0,10,23,0,4,1,1,0.44,0.4394,0.88,0.0896,18,81,99
13809,2012-08-03,3,1,8,13,0,5,1,2,0.86,0.803,0.47,0.2836,98,247,345
3305,2011-05-22,2,0,5,14,0,0,0,3,0.62,0.6061,0.69,0.194,125,191,316
7995,2011-12-04,4,0,12,18,0,0,0,1,0.38,0.3939,0.71,0,10,161,171
1999,2011-03-29,2,0,3,3,0,2,1,1,0.24,0.2121,0.32,0.2985,2,1,3
664,2011-01-30,1,0,1,23,0,0,0,2,0.24,0.2121,0.65,0.2836,5,16,21
13546,2012-07-23,3,1,7,14,0,1,1,2,0.78,0.7424,0.59,0.1642,82,189,271
3749,2011-06-10,2,0,6,2,0,5,1,1,0.68,0.6364,0.69,0.1642,6,7,13
5531,2011-08-23,3,0,8,8,0,2,1,2,0.62,0.6212,0.5,0,43,461,504
7527,2011-11-15,4,0,11,5,0,2,1,1,0.54,0.5152,0.68,0.2836,2,26,28
9475,2012-02-04,1,1,2,16,0,6,0,2,0.34,0.3333,0.61,0.1642,20,123,143
6777,2011-10-14,4,0,10,22,0,5,1,1,0.46,0.4545,0.59,0.2239,20,123,143
1307,2011-02-27,1,0,2,15,0,0,0,1,0.46,0.4545,0.44,0.1343,98,163,261
11495,2012-04-29,2,1,4,3,0,0,0,2,0.36,0.3485,0.87,0.194,2,14,16
15708,2012-10-21,4,1,10,16,0,0,0,1,0.54,0.5152,0.37,0.2239,182,409,591
10231,2012-03-07,1,1,3,8,0,3,1,1,0.28,0.2576,0.61,0.2985,12,554,566
10174,2012-03-04,1,1,3,23,0,0,0,1,0.26,0.2576,0.41,0.194,2,24,26
16158,2012-11-10,4,1,11,23,0,6,0,1,0.36,0.3636,0.71,0.1045,26,120,146
3628,2011-06-05,2,0,6,1,0,0,0,2,0.64,0.6212,0.61,0.1642,26,70,96
13932,2012-08-08,3,1,8,16,0,3,1,2,0.8,0.7424,0.49,0.2836,113,328,441
2694,2011-04-27,2,0,4,3,0,3,1,2,0.58,0.5455,0.88,0.2836,3,4,7
11253,2012-04-19,2,1,4,1,0,4,1,3,0.42,0.4242,0.77,0.1045,2,11,13
16313,2012-11-17,4,1,11,10,0,6,0,1,0.36,0.3333,0.46,0.2537,62,258,320
9790,2012-02-17,1,1,2,20,0,5,1,1,0.4,0.4091,0.35,0.194,13,158,171
10922,2012-04-05,2,1,4,5,0,4,1,1,0.38,0.3939,0.43,0.2836,1,28,29
10818,2012-03-31,2,1,3,20,0,6,0,2,0.4,0.4091,0.71,0.3284,52,156,208
9915,2012-02-23,1,1,2,3,0,4,1,3,0.44,0.4394,0.67,0.194,2,4,6
16199,2012-11-12,4,1,11,16,1,1,0,1,0.56,0.5303,0.64,0.1642,87,347,434
1060,2011-02-16,1,0,2,21,0,3,1,1,0.36,0.3485,0.46,0.194,5,87,92
1679,2011-03-15,1,0,3,13,0,2,1,2,0.36,0.3333,0.57,0.2836,23,74,97
6375,2011-09-28,4,0,9,4,0,3,1,1,0.6,0.5455,0.88,0,1,3,4
7575,2011-11-17,4,0,11,5,0,4,1,3,0.34,0.303,0.71,0.3284,1,21,22
14821,2012-09-14,3,1,9,17,0,5,1,1,0.72,0.6667,0.51,0.194,137,757,894
12384,2012-06-05,2,1,6,4,0,2,1,3,0.5,0.4848,0.82,0.194,1,4,5
8756,2012-01-05,1,1,1,15,0,4,1,1,0.36,0.3333,0.34,0.2836,6,113,119
17248,2012-12-26,1,1,12,12,0,3,1,3,0.22,0.197,0.87,0.3284,0,10,10
15935,2012-11-01,4,1,11,15,0,4,1,2,0.4,0.4091,0.54,0.1642,35,179,214
207,2011-01-09,1,0,1,21,0,0,0,1,0.14,0.1061,0.46,0.4179,1,19,20
12686,2012-06-17,2,1,6,18,0,0,0,1,0.64,0.6212,0.53,0.194,203,310,513
6911,2011-10-20,4,0,10,13,0,4,1,1,0.5,0.4848,0.45,0.5821,28,136,164
503,2011-01-23,1,0,1,0,0,0,0,1,0.04,0.0758,0.57,0.1045,2,20,22
13774,2012-08-02,3,1,8,2,0,4,1,1,0.66,0.6061,0.83,0.0896,3,8,11
8111,2011-12-09,4,0,12,14,0,5,1,1,0.38,0.3939,0.46,0.2836,24,163,187
14949,2012-09-20,3,1,9,1,0,4,1,1,0.46,0.4545,0.72,0.1045,4,14,18
5057,2011-08-03,3,0,8,14,0,3,1,2,0.76,0.7121,0.58,0.2239,43,104,147
9763,2012-02-16,1,1,2,17,0,4,1,3,0.34,0.3636,0.87,0,8,281,289
10966,2012-04-07,2,1,4,1,0,6,0,1,0.4,0.4091,0.28,0.2537,9,60,69
14040,2012-08-13,3,1,8,4,0,1,1,1,0.64,0.6061,0.69,0.1045,0,11,11
11838,2012-05-13,2,1,5,10,0,0,0,1,0.6,0.6061,0.6,0.2537,128,222,350
2455,2011-04-17,2,0,4,4,0,0,0,1,0.36,0.3636,0.76,0.1045,2,5,7
15266,2012-10-03,4,1,10,6,0,3,1,2,0.6,0.5152,0.94,0.1343,4,173,177
13068,2012-07-03,3,1,7,16,0,2,1,2,0.9,0.7727,0.24,0.194,90,437,527
8393,2011-12-21,1,0,12,8,0,3,1,3,0.36,0.3788,0.93,0,12,393,405
6185,2011-09-20,3,0,9,6,0,2,1,2,0.54,0.5152,0.88,0.194,3,111,114
3562,2011-06-02,2,0,6,7,0,4,1,1,0.7,0.6364,0.34,0.2537,19,285,304
5893,2011-09-08,3,0,9,0,0,4,1,3,0.6,0.5,1,0.194,3,11,14
12667,2012-06-16,2,1,6,23,0,6,0,1,0.6,0.6212,0.53,0.2985,49,134,183
13987,2012-08-10,3,1,8,23,0,5,1,1,0.72,0.6818,0.7,0.2836,33,159,192
392,2011-01-17,1,0,1,19,1,1,0,3,0.18,0.1818,0.59,0.194,2,58,60
6737,2011-10-13,4,0,10,6,0,4,1,3,0.54,0.5152,1,0.0896,1,51,52
5259,2011-08-12,3,0,8,0,0,5,1,1,0.64,0.6212,0.53,0.1642,12,53,65
15423,2012-10-09,4,1,10,19,0,2,1,2,0.5,0.4848,0.72,0.1642,31,483,514
2696,2011-04-27,2,0,4,5,0,3,1,2,0.56,0.5303,0.94,0.2537,1,16,17
2028,2011-03-30,2,0,3,8,0,3,1,2,0.32,0.3182,0.49,0.1642,16,247,263
2569,2011-04-21,2,0,4,22,0,4,1,1,0.42,0.4242,0.38,0.0896,31,106,137
8007,2011-12-05,4,0,12,6,0,1,1,1,0.3,0.3182,0.93,0.0896,1,89,90
16217,2012-11-13,4,1,11,10,0,2,1,3,0.3,0.2727,0.75,0.3881,10,84,94
16449,2012-11-23,4,1,11,2,0,5,1,1,0.26,0.2879,0.75,0.0896,1,4,5
5277,2011-08-12,3,0,8,18,0,5,1,1,0.76,0.6818,0.4,0.2985,89,376,465
7209,2011-11-01,4,0,11,23,0,2,1,1,0.34,0.3636,0.87,0,11,61,72
8572,2011-12-28,1,0,12,22,0,3,1,1,0.22,0.2424,0.44,0.1045,2,31,33
6332,2011-09-26,4,0,9,9,0,1,1,2,0.64,0.5758,0.89,0.194,44,161,205
12186,2012-05-27,2,1,5,22,0,0,0,3,0.62,0.5758,0.83,0,9,50,59
9269,2012-01-27,1,1,1,2,0,5,1,1,0.42,0.4242,0.94,0.1343,2,11,13
17263,2012-12-27,1,1,12,3,0,4,1,2,0.24,0.2273,0.87,0.2239,0,1,1
8530,2011-12-27,1,0,12,3,0,2,1,2,0.3,0.2879,0.61,0.2239,0,3,3
1017,2011-02-15,1,0,2,0,0,2,1,1,0.3,0.2727,0.49,0.4179,7,12,19
7630,2011-11-19,4,0,11,12,0,6,0,1,0.4,0.4091,0.35,0.2836,93,218,311
11535,2012-04-30,2,1,4,19,0,1,1,2,0.54,0.5152,0.64,0.2537,51,420,471
996,2011-02-14,1,0,2,3,0,1,1,1,0.34,0.3182,0.46,0.2239,1,1,2
4298,2011-07-02,3,0,7,23,0,6,0,1,0.72,0.6667,0.54,0.2836,66,88,154
162,2011-01-08,1,0,1,0,0,6,0,2,0.18,0.197,0.51,0.1642,1,24,25
5676,2011-08-29,3,0,8,22,0,1,1,1,0.62,0.6212,0.57,0.1343,23,119,142
6874,2011-10-18,4,0,10,23,0,2,1,2,0.52,0.5,0.77,0.194,7,63,70
12991,2012-06-30,3,1,6,11,0,6,0,1,0.88,0.7727,0.3,0.2537,102,350,452
9693,2012-02-13,1,1,2,19,0,1,1,1,0.34,0.3333,0.25,0.1343,7,256,263
7990,2011-12-04,4,0,12,13,0,0,0,1,0.4,0.4091,0.66,0.2239,88,269,357
13418,2012-07-18,3,1,7,6,0,3,1,1,0.72,0.6818,0.7,0.1642,10,152,162
10806,2012-03-31,2,1,3,8,0,6,0,2,0.36,0.3485,0.87,0.194,19,126,145
11654,2012-05-05,2,1,5,18,0,6,0,2,0.66,0.6212,0.69,0.3582,156,278,434
1022,2011-02-15,1,0,2,6,0,2,1,1,0.2,0.1818,0.32,0.3284,0,30,30
3944,2011-06-18,2,0,6,5,0,6,0,1,0.62,0.5758,0.83,0,1,6,7
1586,2011-03-11,1,0,3,13,0,5,1,1,0.36,0.3333,0.53,0.2537,15,92,107
3153,2011-05-16,2,0,5,6,0,1,1,1,0.52,0.5,0.88,0.1642,11,93,104
14542,2012-09-03,3,1,9,2,1,1,0,1,0.66,0.5909,0.89,0.1045,10,30,40
8227,2011-12-14,4,0,12,10,0,3,1,2,0.32,0.3485,0.57,0,9,133,142
12207,2012-05-28,2,1,5,19,1,1,0,1,0.8,0.7576,0.55,0.2985,148,247,395
17160,2012-12-22,1,1,12,18,0,6,0,1,0.26,0.2121,0.44,0.4627,7,75,82
15788,2012-10-25,4,1,10,0,0,4,1,2,0.6,0.6061,0.64,0.1045,19,57,76
2613,2011-04-23,2,0,4,18,0,6,0,1,0.58,0.5455,0.78,0.194,149,227,376
11017,2012-04-09,2,1,4,4,0,1,1,1,0.44,0.4394,0.24,0.194,2,3,5
10234,2012-03-07,1,1,3,11,0,3,1,1,0.42,0.4242,0.38,0.2985,33,128,161
8434,2011-12-23,1,0,12,1,0,5,1,3,0.4,0.4091,0.87,0.194,1,11,12
10254,2012-03-08,1,1,3,7,0,4,1,1,0.42,0.4242,0.77,0.3582,8,326,334
10556,2012-03-20,1,1,3,22,0,2,1,1,0.54,0.5152,0.77,0,32,156,188
8793,2012-01-07,1,1,1,4,0,6,0,1,0.32,0.3333,0.57,0.0896,1,9,10
10628,2012-03-23,2,1,3,22,0,5,1,1,0.6,0.6061,0.64,0.2836,53,218,271
14503,2012-09-01,3,1,9,11,0,6,0,2,0.8,0.7576,0.55,0.2239,219,273,492
8839,2012-01-09,1,1,1,2,0,1,1,1,0.24,0.2424,0.56,0.1343,2,3,5
3891,2011-06-16,2,0,6,0,0,4,1,1,0.6,0.6212,0.56,0.1045,9,38,47
3557,2011-06-02,2,0,6,2,0,4,1,1,0.7,0.6364,0.39,0,0,6,6
11395,2012-04-24,2,1,4,23,0,2,1,1,0.42,0.4242,0.38,0.0896,4,69,73
1268,2011-02-25,1,0,2,23,0,5,1,1,0.26,0.2273,0.48,0.3284,2,37,39
1900,2011-03-24,2,0,3,22,0,4,1,1,0.26,0.2576,0.65,0.1642,3,59,62
3006,2011-05-10,2,0,5,3,0,2,1,1,0.44,0.4394,0.54,0.194,1,3,4
190,2011-01-09,1,0,1,4,0,0,0,1,0.08,0.0909,0.53,0.194,0,1,1
2748,2011-04-29,2,0,4,9,0,5,1,1,0.54,0.5152,0.39,0.3284,45,185,230
8667,2012-01-01,1,1,1,21,0,0,0,2,0.44,0.4394,0.67,0.2537,10,61,71
6397,2011-09-29,4,0,9,2,0,4,1,2,0.6,0.5,1,0.194,0,2,2
6421,2011-09-30,4,0,9,2,0,5,1,1,0.52,0.5,0.83,0.1045,6,9,15
5052,2011-08-03,3,0,8,9,0,3,1,2,0.74,0.6818,0.55,0.194,23,172,195
5312,2011-08-14,3,0,8,5,0,0,0,2,0.64,0.5606,0.94,0.1642,1,9,10
2434,2011-04-16,2,0,4,7,0,6,0,2,0.4,0.4091,0.82,0.4179,3,18,21
770,2011-02-04,1,0,2,12,0,5,1,2,0.24,0.2424,0.48,0.1642,8,78,86
1686,2011-03-15,1,0,3,20,0,2,1,2,0.34,0.3182,0.71,0.2836,9,79,88
8323,2011-12-18,4,0,12,10,0,0,0,1,0.24,0.2273,0.6,0.2537,7,122,129
16024,2012-11-05,4,1,11,8,0,1,1,2,0.3,0.2879,0.49,0.2239,19,629,648
11364,2012-04-23,2,1,4,16,0,1,1,3,0.3,0.2727,0.81,0.3582,10,93,103
14424,2012-08-29,3,1,8,4,0,3,1,1,0.6,0.5909,0.73,0.2239,2,8,10
4427,2011-07-08,3,0,7,8,0,5,1,2,0.72,0.697,0.74,0.2537,36,421,457
16851,2012-12-09,4,1,12,21,0,0,0,2,0.36,0.3636,1,0.1045,10,86,96
6266,2011-09-23,4,0,9,15,0,5,1,3,0.62,0.5455,0.94,0.1045,9,52,61
11285,2012-04-20,2,1,4,9,0,5,1,1,0.46,0.4545,0.88,0.0896,30,329,359
11965,2012-05-18,2,1,5,17,0,5,1,1,0.66,0.6212,0.34,0.1343,124,688,812
5391,2011-08-17,3,0,8,12,0,3,1,1,0.8,0.7273,0.43,0.2836,26,163,189
861,2011-02-08,1,0,2,7,0,2,1,1,0.24,0.197,0.65,0.4179,3,97,100
15796,2012-10-25,4,1,10,8,0,4,1,2,0.52,0.5,0.83,0.1642,33,746,779
